9.141000000000001364e+02
9.438226852374571081e+02
9.735357881260578097e+02
1.003248891015507070e+03
1.032961993905373447e+03
1.062675096794649562e+03
1.092388199683913399e+03
1.122101302573164503e+03
1.151814405462404011e+03
1.181527508351631468e+03
1.211240611240130875e+03
1.240953714128050251e+03
1.270666817015687002e+03
1.300379919904680492e+03
1.330093022794214221e+03
1.359806125683639493e+03
1.389519228572069096e+03
1.419232331460083515e+03
1.448945434348646359e+03
1.478658537237827659e+03
1.508371640127352975e+03
1.538084743016155244e+03
1.567797845904731048e+03
1.597510948793317993e+03
1.627224051682537265e+03
1.656937154572036889e+03
1.686650257461620185e+03
1.716363360351197798e+03
1.746076463240859766e+03
1.775789566130092680e+03
1.805502669018954293e+03
1.835215771907418912e+03
1.864928874795421734e+03
1.894641977683377718e+03
1.924355080571233430e+03
1.954068183458918611e+03
1.983781286346450088e+03
2.013494389234085247e+03
2.043207492121913674e+03
2.072920595009926728e+03
2.102633697898188984e+03
2.132346800786624044e+03
2.162059903675235546e+03
2.191773006564157185e+03
2.221486109453443532e+03
2.251199212343147337e+03
2.280912315233324534e+03
2.310625418124028329e+03
2.340338521014681646e+03
2.370051623905545057e+03
2.399764726796735886e+03
2.429477829688267320e+03
2.459190932580150729e+03
2.488904035472398391e+03
2.518617138364881612e+03
2.548330241255470810e+03
2.578043344145476112e+03
2.607756447034784287e+03
2.637469549923281647e+03
2.667182652810854961e+03
2.696895755697389177e+03
2.726608858583704205e+03
2.756321961471618124e+03
2.786035064359604803e+03
2.815748167247729725e+03
2.845461270136061103e+03
2.875174373024663964e+03
2.904887475913604248e+03
2.934600578802268956e+03
2.964313681690466183e+03
2.994026784578616571e+03
3.023739887466714208e+03
3.053452990354756366e+03
3.083166093242737588e+03
3.112879196130654236e+03
3.142592299018839185e+03
3.172305401907190571e+03
3.202018504795662921e+03
3.231731607684274422e+03
3.261444710573045086e+03
3.291157813461994010e+03
3.320870916351118012e+03
3.350584019239991903e+03
3.380297122128900810e+03
3.410010225017838820e+03
3.439723327906799568e+03
3.469436430795776687e+03
3.499149533684763810e+03
3.528862636574081989e+03
3.558575739464487469e+03
3.588288842355425913e+03
3.618001945246960531e+03
3.647715048139151804e+03
3.677428151032061578e+03
3.707141253925748970e+03
3.736854356818329506e+03
3.766567459708979186e+03
3.796280562598854431e+03
3.825993665487810176e+03
3.855706768375693628e+03
3.885419871262361085e+03
3.915132974147662935e+03
3.944846077033577785e+03
3.974559179924072851e+03
4.004272282813562470e+03
4.033985385703329484e+03
4.063698488594279752e+03
4.093411591487634269e+03
4.123124694377758715e+03
4.152837797267139649e+03
4.182550900155917589e+03
4.212264003044746460e+03
4.241977105933102393e+03
4.271690208820985390e+03
4.301403311708396359e+03
4.331116414595332571e+03
4.360829517482588926e+03
4.390542620370129953e+03
4.420255723257593672e+03
4.449968826144980085e+03
4.479681929032289190e+03
4.509395031919792018e+03
4.539108134809861440e+03
4.568821237700716665e+03
4.598534340592354965e+03
4.628247443484779978e+03
4.657960546377989886e+03
4.687673649271802788e+03
4.717386752166166843e+03
4.747099855061182097e+03
4.776812957956843093e+03
4.806526060853138915e+03
4.836239163750062289e+03
4.865952266647603210e+03
4.895665369545753492e+03
4.925378472444504951e+03
4.955091575343262775e+03
4.984804678240919202e+03
5.014517781138491046e+03
5.044230884035909185e+03
5.073943986933103588e+03
5.103657089829999677e+03
5.133370192726530149e+03
5.163083295622624064e+03
5.192796398518208662e+03
5.222509501413249382e+03
5.252222604308431983e+03
5.281935707203146194e+03
5.311648810097343812e+03
5.341361912990980272e+03
5.371075015884008280e+03
5.400788118776381452e+03
5.430501221668053404e+03
5.460214324558975022e+03
5.489927427449105380e+03
5.519640530339038378e+03
5.549353633228484796e+03
5.579066736117276378e+03
5.608779839005392205e+03
5.638492941892807721e+03
5.668206044779506556e+03
5.697919147665466880e+03
5.727632250550666868e+03
5.757345353435082870e+03
5.787058456319268771e+03
5.816771559203409197e+03
5.846484662087077595e+03
5.876197764970291246e+03
5.905910867853062882e+03
5.935623970735407966e+03
5.965337073617338319e+03
5.995050176498866676e+03
6.024763279380008498e+03
6.054476382261249455e+03
6.084189485143799175e+03
6.113902588026630838e+03
6.143615690909814475e+03
6.173328793793423756e+03
6.203041896677533259e+03
6.232754999562215744e+03
6.262468102447543060e+03
6.292181205333588878e+03
6.321894308220420498e+03
6.351607411105967913e+03
6.381320513991775442e+03
6.411033616877844906e+03
6.440746719764174486e+03
6.470459822650764181e+03
6.500172925537615811e+03
6.529886028424723918e+03
6.559599131312085774e+03
6.589312234199700470e+03
6.619025337087562548e+03
6.648738439975663823e+03
6.678451542863998839e+03
6.708164645752563047e+03
6.737877748641343715e+03
6.767590851529296742e+03
6.797303954416776833e+03
6.827017057303801266e+03
6.856730160190239985e+03
6.886443263075957475e+03
6.916156365960807307e+03
6.945869468844635776e+03
6.975582571727283721e+03
7.005295674623609557e+03
7.035008777517923590e+03
7.064721880410824269e+03
7.094434983306646245e+03
7.124148086204193532e+03
7.153861189102569369e+03
7.183574291996392276e+03
7.213287394888338895e+03
7.243000497780058140e+03
7.272713600674867848e+03
7.302426703570052268e+03
7.332139806465616857e+03
7.361852909361620732e+03
7.391566012258746923e+03
7.421279115156437911e+03
7.450992218054692785e+03
7.480705320953517003e+03
7.510418423852901469e+03
7.540131526752851642e+03
7.569844629653367519e+03
7.599557732552282687e+03
7.629270835450036429e+03
7.658983938347560979e+03
7.688697041244853608e+03
7.718410144141914316e+03
7.748123247038744012e+03
7.777836349935338148e+03
7.807549452831755843e+03
7.837262555728121697e+03
7.866975658624306561e+03
7.896688761520308617e+03
7.926401864416136959e+03
7.956114967311779765e+03
7.985828070207246128e+03
8.015541173102532412e+03
8.045254275998611774e+03
8.074967378895018555e+03
8.104680481791593593e+03
8.134393584688354167e+03
8.164106687585313921e+03
8.193819790482493772e+03
8.223532893379900997e+03
8.253245996277559243e+03
8.282959099175479423e+03
8.312672202073679728e+03
8.342385304972174708e+03
8.372098407870978917e+03
8.401811510770112363e+03
8.431524613668249003e+03
8.461237716566090967e+03
8.490950819463909284e+03
8.520663922361693039e+03
8.550377025259434959e+03
8.580090128157118670e+03
8.609803231054736898e+03
8.639516333952276909e+03
8.669229436849731428e+03
8.698942539747085902e+03
8.728655642644327600e+03
8.758368745541447424e+03
8.788081848438438101e+03
8.817794951334128200e+03
8.847508054229061599e+03
8.877221157123480225e+03
8.906934260017347697e+03
8.936647362910625816e+03
8.966360465803285479e+03
8.996073568695290305e+03
9.025786671586603916e+03
9.055499774477197207e+03
9.085212877367030160e+03
9.114925980256066396e+03
9.144639083144276810e+03
9.174352186031621386e+03
9.204065288919642626e+03
9.233778391807607477e+03
9.263491494695092115e+03
9.293204597582098359e+03
9.322917700468626208e+03
9.352630803354670206e+03
9.382343906240232172e+03
9.412057009125306649e+03
9.441770112009895456e+03
9.471483214893996774e+03
9.501196317777608783e+03
9.530909420660726028e+03
9.560622523543353964e+03
9.590335626427684474e+03
9.620048729312835349e+03
9.649761832198189950e+03
9.679474935083797391e+03
9.709188037969706784e+03
9.738901140855956328e+03
9.768614243742602412e+03
9.798327346629688691e+03
9.828040449517255183e+03
9.857753552405351002e+03
9.887466655294027078e+03
9.917179758183321610e+03
9.946892861073287349e+03
9.976605963969024742e+03
1.000631906687735500e+04
1.003603216977974807e+04
1.006574527269584723e+04
1.009545837560277869e+04
1.012517147849776120e+04
1.015488458138723399e+04
1.018459768427110976e+04
1.021431078716219963e+04
1.024402389005260193e+04
1.027373699294231665e+04
1.030345009583119463e+04
1.033316319871657106e+04
1.036287630160057233e+04
1.039258940448319845e+04
1.042230250736444941e+04
1.045201561024432158e+04
1.048172871312281859e+04
1.051144181599993863e+04
1.054115491888503311e+04
1.057086802177916616e+04
1.060058112467603678e+04
1.063029422757563407e+04
1.066000733047796712e+04
1.068972043338303229e+04
1.071943353629083140e+04
1.074914663920068233e+04
1.077885974210349013e+04
1.080857284500661262e+04
1.083828594791004798e+04
1.086799905081379438e+04
1.089771215371785365e+04
1.092742525662222761e+04
1.095713835952691079e+04
1.098685146242982228e+04
1.101656456533075107e+04
1.104627766823095408e+04
1.107599077113038220e+04
1.110570387402900269e+04
1.113541697692676826e+04
1.116513007982364979e+04
1.119484318271959819e+04
1.122455628561457706e+04
1.125426938850854276e+04
1.128398249140145708e+04
1.131369559429328001e+04
1.134340869718397153e+04
1.137312180007349525e+04
1.140283490296394302e+04
1.143254800585812336e+04
1.146226110875240374e+04
1.149197421164683328e+04
1.152168731454145200e+04
1.155140041743631082e+04
1.158111352033147159e+04
1.161082662322696524e+04
1.164053972612285361e+04
1.167025282901918035e+04
1.169996593191599459e+04
1.172967903481334724e+04
1.175939213771128561e+04
1.178910524060985699e+04
1.181881834350874306e+04
1.184853144640464234e+04
1.187824454930050342e+04
1.190795765219632085e+04
1.193767075509209099e+04
1.196738385798780655e+04
1.199709696088346391e+04
1.202681006377905942e+04
1.205652316667458945e+04
1.208623626957004308e+04
1.211594937246542759e+04
1.214566247536072842e+04
1.217537557825594740e+04
1.220508868115107362e+04
1.223480178404610342e+04
1.226451488694208820e+04
1.229422798983837492e+04
1.232394109273481445e+04
1.235365419563142859e+04
1.238336729852822464e+04
1.241308040142521349e+04
1.244279350432240790e+04
1.247250660721982058e+04
1.250221971011746427e+04
1.253193281301535171e+04
1.256164591591349017e+04
1.259135901881189784e+04
1.262107212171058200e+04
1.265078522460955537e+04
1.268049832751001486e+04
1.271021143041186224e+04
1.273992453331450633e+04
1.276963763621798353e+04
1.279935073912234657e+04
1.282906384202763729e+04
1.285877694493390663e+04
1.288849004784119643e+04
1.291820315074954487e+04
1.294791625365901200e+04
1.297762935656963600e+04
1.300734245948146599e+04
1.303705556239454745e+04
1.306676866529577092e+04
1.309648176818769571e+04
1.312619487108984322e+04
1.315590797399581061e+04
1.318562107690228004e+04
1.321533417981133061e+04
1.324504728271669592e+04
1.327476038561870519e+04
1.330447348851979950e+04
1.333418659141998251e+04
1.336389969431920690e+04
1.339361279721637402e+04
1.342332590011237335e+04
1.345303900300720306e+04
1.348275210590086499e+04
1.351246520879335731e+04
1.354217831168467637e+04
1.357189141457483129e+04
1.360160451746381477e+04
1.363131762035615975e+04
1.366103072324934510e+04
1.369074382614256319e+04
1.372045692903581585e+04
1.375017003192910306e+04
1.377988313482242484e+04
1.380959623771578117e+04
1.383930934060917025e+04
1.386902244350488581e+04
1.389873554640315706e+04
1.392844864930285985e+04
1.395816175220400328e+04
1.398787485510657461e+04
