4.746899999999999272e+04 4.746899999999999272e+04 4.746899999999999272e+04 4.746899999999998545e+04 4.746899999999998545e+04 4.746900000000001455e+04
4.743105876520970196e+04 4.743105876520971651e+04 4.743105876520971651e+04 4.743105876520971651e+04 4.743105876520971651e+04 4.743105876520972379e+04
4.739311753041942575e+04 4.739311753041943302e+04 4.739311753041943302e+04 4.739311753041943302e+04 4.739311753041942575e+04 4.739311753041944030e+04
4.735517629562913498e+04 4.735517629562914954e+04 4.735517629562914954e+04 4.735517629562914954e+04 4.735517629562914954e+04 4.735517629562915681e+04
4.731723506083885150e+04 4.731723506083887332e+04 4.731723506083886605e+04 4.731723506083887332e+04 4.731723506083886605e+04 4.731723506083890243e+04
4.727929382604857528e+04 4.727929382604858256e+04 4.727929382604858984e+04 4.727929382604858256e+04 4.727929382604858984e+04 4.727929382604859711e+04
4.724135259125829907e+04 4.724135259125830635e+04 4.724135259125830635e+04 4.724135259125829907e+04 4.724135259125830635e+04 4.724135259125830635e+04
4.720341135646801558e+04 4.720341135646803014e+04 4.720341135646802286e+04 4.720341135646801558e+04 4.720341135646802286e+04 4.720341135646804469e+04
4.716547012167773210e+04 4.716547012167774665e+04 4.716547012167773937e+04 4.716547012167773210e+04 4.716547012167774665e+04 4.716547012167776120e+04
4.712752888688744861e+04 4.712752888688745588e+04 4.712752888688745588e+04 4.712752888688744861e+04 4.712752888688745588e+04 4.712752888688747771e+04
4.708958765209717239e+04 4.708958765209717967e+04 4.708958765209717967e+04 4.708958765209717967e+04 4.708958765209719422e+04 4.708958765209717967e+04
4.705164641730688891e+04 4.705164641730689618e+04 4.705164641730689618e+04 4.705164641730689618e+04 4.705164641730689618e+04 4.705164641730691801e+04
4.701370518251660542e+04 4.701370518251661997e+04 4.701370518251661269e+04 4.701370518251661269e+04 4.701370518251661997e+04 4.701370518251663452e+04
4.697576394772632193e+04 4.697576394772633648e+04 4.697576394772633648e+04 4.697576394772633648e+04 4.697576394772634376e+04 4.697576394772635103e+04
4.693782271293603844e+04 4.693782271293604572e+04 4.693782271293606027e+04 4.693782271293605299e+04 4.693782271293606755e+04 4.693782271293606027e+04
4.689988147814576223e+04 4.689988147814576951e+04 4.689988147814576951e+04 4.689988147814576223e+04 4.689988147814577678e+04 4.689988147814580589e+04
4.686194024335547874e+04 4.686194024335548602e+04 4.686194024335548602e+04 4.686194024335547874e+04 4.686194024335550057e+04 4.686194024335550057e+04
4.682399900856519525e+04 4.682399900856520981e+04 4.682399900856520981e+04 4.682399900856520253e+04 4.682399900856521708e+04 4.682399900856523891e+04
4.678605777377491904e+04 4.678605777377492632e+04 4.678605777377493359e+04 4.678605777377491904e+04 4.678605777377493359e+04 4.678605777377494815e+04
4.674811653898462828e+04 4.674811653898464283e+04 4.674811653898464283e+04 4.674811653898464283e+04 4.674811653898465738e+04 4.674811653898467921e+04
4.671017530419435207e+04 4.671017530419436662e+04 4.671017530419435934e+04 4.671017530419435207e+04 4.671017530419437389e+04 4.671017530419438845e+04
4.667223406940407585e+04 4.667223406940407585e+04 4.667223406940408313e+04 4.667223406940406858e+04 4.667223406940409768e+04 4.667223406940410496e+04
4.663429283461379237e+04 4.663429283461379964e+04 4.663429283461379964e+04 4.663429283461379237e+04 4.663429283461379237e+04 4.663429283461382875e+04
4.659635159982350888e+04 4.659635159982351615e+04 4.659635159982352343e+04 4.659635159982350888e+04 4.659635159982352343e+04 4.659635159982353798e+04
4.655841036503322539e+04 4.655841036503323267e+04 4.655841036503323994e+04 4.655841036503323267e+04 4.655841036503323267e+04 4.655841036503326177e+04
4.652046913024294918e+04 4.652046913024295645e+04 4.652046913024296373e+04 4.652046913024295645e+04 4.652046913024297100e+04 4.652046913024297100e+04
4.648252789545266569e+04 4.648252789545267296e+04 4.648252789545268024e+04 4.648252789545266569e+04 4.648252789545268024e+04 4.648252789545270934e+04
4.644458666066238220e+04 4.644458666066238948e+04 4.644458666066239675e+04 4.644458666066238948e+04 4.644458666066240403e+04 4.644458666066241130e+04
4.640664542587210599e+04 4.640664542587210599e+04 4.640664542587211326e+04 4.640664542587209871e+04 4.640664542587212054e+04 4.640664542587213509e+04
4.636870419108182250e+04 4.636870419108182250e+04 4.636870419108183705e+04 4.636870419108181522e+04 4.636870419108183705e+04 4.636870419108185160e+04
4.633076295629153901e+04 4.633076295629154629e+04 4.633076295629155356e+04 4.633076295629153901e+04 4.633076295629155356e+04 4.633076295629157539e+04
4.629282172150125552e+04 4.629282172150127008e+04 4.629282172150127735e+04 4.629282172150126280e+04 4.629282172150127008e+04 4.629282172150129190e+04
4.625488048671097931e+04 4.625488048671098659e+04 4.625488048671099386e+04 4.625488048671097204e+04 4.625488048671100114e+04 4.625488048671100114e+04
4.621693925192069582e+04 4.621693925192070310e+04 4.621693925192069582e+04 4.621693925192068855e+04 4.621693925192072493e+04 4.621693925192073220e+04
4.617899801713040506e+04 4.617899801713041961e+04 4.617899801713041961e+04 4.617899801713041234e+04 4.617899801713041961e+04 4.617899801713043416e+04
4.614105678234012885e+04 4.614105678234013612e+04 4.614105678234014340e+04 4.614105678234012157e+04 4.614105678234015795e+04 4.614105678234017250e+04
4.610311554754985264e+04 4.610311554754985264e+04 4.610311554754986719e+04 4.610311554754985264e+04 4.610311554754987446e+04 4.610311554754989629e+04
4.606517431275956915e+04 4.606517431275957642e+04 4.606517431275958370e+04 4.606517431275956187e+04 4.606517431275958370e+04 4.606517431275959825e+04
4.602723307796928566e+04 4.602723307796930021e+04 4.602723307796929294e+04 4.602723307796928566e+04 4.602723307796930021e+04 4.602723307796932932e+04
4.598929184317900217e+04 4.598929184317901672e+04 4.598929184317902400e+04 4.598929184317900945e+04 4.598929184317902400e+04 4.598929184317903855e+04
4.595135060838871868e+04 4.595135060838873324e+04 4.595135060838873324e+04 4.595135060838871141e+04 4.595135060838874779e+04 4.595135060838875506e+04
4.591340937359844247e+04 4.591340937359844975e+04 4.591340937359845702e+04 4.591340937359844247e+04 4.591340937359845702e+04 4.591340937359847885e+04
4.587546813880815898e+04 4.587546813880816626e+04 4.587546813880817353e+04 4.587546813880815898e+04 4.587546813880817353e+04 4.587546813880820264e+04
4.583752690401788277e+04 4.583752690401789005e+04 4.583752690401789732e+04 4.583752690401787549e+04 4.583752690401790460e+04 4.583752690401791187e+04
4.579958566922759928e+04 4.579958566922760656e+04 4.579958566922761383e+04 4.579958566922758473e+04 4.579958566922761383e+04 4.579958566922762111e+04
4.576164443443731579e+04 4.576164443443732307e+04 4.576164443443733035e+04 4.576164443443731579e+04 4.576164443443734490e+04 4.576164443443735945e+04
4.572370319964703231e+04 4.572370319964704686e+04 4.572370319964704686e+04 4.572370319964703231e+04 4.572370319964705413e+04 4.572370319964706869e+04
4.568576196485674882e+04 4.568576196485676337e+04 4.568576196485676337e+04 4.568576196485674882e+04 4.568576196485677065e+04 4.568576196485680703e+04
4.564782073006647261e+04 4.564782073006648716e+04 4.564782073006647988e+04 4.564782073006645805e+04 4.564782073006647261e+04 4.564782073006651626e+04
4.560987949527618912e+04 4.560987949527619639e+04 4.560987949527620367e+04 4.560987949527618184e+04 4.560987949527621095e+04 4.560987949527622550e+04
4.557193826048591291e+04 4.557193826048592018e+04 4.557193826048592018e+04 4.557193826048590563e+04 4.557193826048592746e+04 4.557193826048595656e+04
4.553399702569562942e+04 4.553399702569562942e+04 4.553399702569562942e+04 4.553399702569561487e+04 4.553399702569565852e+04 4.553399702569565852e+04
4.549605579090534593e+04 4.549605579090535321e+04 4.549605579090536048e+04 4.549605579090533138e+04 4.549605579090536776e+04 4.549605579090538231e+04
4.545811455611506244e+04 4.545811455611506972e+04 4.545811455611506972e+04 4.545811455611506244e+04 4.545811455611508427e+04 4.545811455611510610e+04
4.542017332132477895e+04 4.542017332132479351e+04 4.542017332132480078e+04 4.542017332132477168e+04 4.542017332132480806e+04 4.542017332132483716e+04
4.538223208653449547e+04 4.538223208653451002e+04 4.538223208653451002e+04 4.538223208653449547e+04 4.538223208653452457e+04 4.538223208653453912e+04
4.534429085174421925e+04 4.534429085174422653e+04 4.534429085174422653e+04 4.534429085174420470e+04 4.534429085174423381e+04 4.534429085174426291e+04
4.530634961695393577e+04 4.530634961695395032e+04 4.530634961695394304e+04 4.530634961695392121e+04 4.530634961695396487e+04 4.530634961695398670e+04
4.526840838216365955e+04 4.526840838216365955e+04 4.526840838216366683e+04 4.526840838216365228e+04 4.526840838216369593e+04 4.526840838216371048e+04
4.523046714737337606e+04 4.523046714737338334e+04 4.523046714737339062e+04 4.523046714737336151e+04 4.523046714737339789e+04 4.523046714737343427e+04
4.519252591258309258e+04 4.519252591258309985e+04 4.519252591258310713e+04 4.519252591258307802e+04 4.519252591258312168e+04 4.519252591258315078e+04
4.515458467779280909e+04 4.515458467779282364e+04 4.515458467779282364e+04 4.515458467779280181e+04 4.515458467779283819e+04 4.515458467779286730e+04
4.511664344300252560e+04 4.511664344300253288e+04 4.511664344300254743e+04 4.511664344300252560e+04 4.511664344300256198e+04 4.511664344300259108e+04
4.507870220821224211e+04 4.507870220821224939e+04 4.507870220821225666e+04 4.507870220821223484e+04 4.507870220821227122e+04 4.507870220821231487e+04
4.504076097342197318e+04 4.504076097342197318e+04 4.504076097342198045e+04 4.504076097342195135e+04 4.504076097342200228e+04 4.504076097342202411e+04
4.500281973863168241e+04 4.500281973863168969e+04 4.500281973863169696e+04 4.500281973863166786e+04 4.500281973863171152e+04 4.500281973863174790e+04
4.496487850384140620e+04 4.496487850384141348e+04 4.496487850384142075e+04 4.496487850384138437e+04 4.496487850384143530e+04 4.496487850384145713e+04
4.492693726905112271e+04 4.492693726905112999e+04 4.492693726905112999e+04 4.492693726905110816e+04 4.492693726905115909e+04 4.492693726905118820e+04
4.488899603426083922e+04 4.488899603426085378e+04 4.488899603426085378e+04 4.488899603426081012e+04 4.488899603426089016e+04 4.488899603426090471e+04
4.485105479947055574e+04 4.485105479947057029e+04 4.485105479947056301e+04 4.485105479947053391e+04 4.485105479947058484e+04 4.485105479947062850e+04
4.481311356468027225e+04 4.481311356468028680e+04 4.481311356468028680e+04 4.481311356468025042e+04 4.481311356468031590e+04 4.481311356468033773e+04
4.477517232988998876e+04 4.477517232989000331e+04 4.477517232989001059e+04 4.477517232988998148e+04 4.477517232989003242e+04 4.477517232989004697e+04
4.473723109509970527e+04 4.473723109509971982e+04 4.473723109509972710e+04 4.473723109509969072e+04 4.473723109509975620e+04 4.473723109509977803e+04
4.469928986030942906e+04 4.469928986030943634e+04 4.469928986030944361e+04 4.469928986030942178e+04 4.469928986030947272e+04 4.469928986030947999e+04
4.466134862551915285e+04 4.466134862551915285e+04 4.466134862551916012e+04 4.466134862551913102e+04 4.466134862551919650e+04 4.466134862551920378e+04
4.462340739072886936e+04 4.462340739072886936e+04 4.462340739072888391e+04 4.462340739072885481e+04 4.462340739072891301e+04 4.462340739072893484e+04
4.458546615593857859e+04 4.458546615593859315e+04 4.458546615593860042e+04 4.458546615593857859e+04 4.458546615593864408e+04 4.458546615593865863e+04
4.454752492114830238e+04 4.454752492114831693e+04 4.454752492114832421e+04 4.454752492114828055e+04 4.454752492114834604e+04 4.454752492114836787e+04
4.450958368635801889e+04 4.450958368635803345e+04 4.450958368635803345e+04 4.450958368635801162e+04 4.450958368635807710e+04 4.450958368635809893e+04
4.447164245156773541e+04 4.447164245156774996e+04 4.447164245156776451e+04 4.447164245156771358e+04 4.447164245156777906e+04 4.447164245156780817e+04
4.443370121677745919e+04 4.443370121677747375e+04 4.443370121677747375e+04 4.443370121677743737e+04 4.443370121677748830e+04 4.443370121677751740e+04
4.439575998198718298e+04 4.439575998198718298e+04 4.439575998198719026e+04 4.439575998198716115e+04 4.439575998198721209e+04 4.439575998198723391e+04
4.435781874719689949e+04 4.435781874719689949e+04 4.435781874719690677e+04 4.435781874719687767e+04 4.435781874719693587e+04 4.435781874719696498e+04
4.431987751240661601e+04 4.431987751240662328e+04 4.431987751240662328e+04 4.431987751240658690e+04 4.431987751240664511e+04 4.431987751240667421e+04
4.428193627761632524e+04 4.428193627761633979e+04 4.428193627761634707e+04 4.428193627761631797e+04 4.428193627761637617e+04 4.428193627761639073e+04
4.424399504282604903e+04 4.424399504282606358e+04 4.424399504282607086e+04 4.424399504282602720e+04 4.424399504282608541e+04 4.424399504282612179e+04
4.420605380803576554e+04 4.420605380803578009e+04 4.420605380803579465e+04 4.420605380803574371e+04 4.420605380803580920e+04 4.420605380803585285e+04
4.416811257324548205e+04 4.416811257324549661e+04 4.416811257324550388e+04 4.416811257324547478e+04 4.416811257324552571e+04 4.416811257324554026e+04
4.413017133845519857e+04 4.413017133845521312e+04 4.413017133845522039e+04 4.413017133845519129e+04 4.413017133845524222e+04 4.413017133845524950e+04
4.409223010366491508e+04 4.409223010366493691e+04 4.409223010366493691e+04 4.409223010366490053e+04 4.409223010366497329e+04 4.409223010366499511e+04
4.405428886887463887e+04 4.405428886887464614e+04 4.405428886887466069e+04 4.405428886887461704e+04 4.405428886887468980e+04 4.405428886887471162e+04
4.401634763408435538e+04 4.401634763408436993e+04 4.401634763408437720e+04 4.401634763408434083e+04 4.401634763408440631e+04 4.401634763408442814e+04
4.397840639929407916e+04 4.397840639929409372e+04 4.397840639929409372e+04 4.397840639929406461e+04 4.397840639929412282e+04 4.397840639929413010e+04
4.394046516450379568e+04 4.394046516450381023e+04 4.394046516450381750e+04 4.394046516450378112e+04 4.394046516450383206e+04 4.394046516450387571e+04
4.390252392971351219e+04 4.390252392971352674e+04 4.390252392971352674e+04 4.390252392971349036e+04 4.390252392971356312e+04 4.390252392971357767e+04
4.386458269492322870e+04 4.386458269492325053e+04 4.386458269492325780e+04 4.386458269492321415e+04 4.386458269492327236e+04 4.386458269492329418e+04
4.382664146013294521e+04 4.382664146013295976e+04 4.382664146013296704e+04 4.382664146013292338e+04 4.382664146013299614e+04 4.382664146013303252e+04
4.378870022534266172e+04 4.378870022534267628e+04 4.378870022534269083e+04 4.378870022534265445e+04 4.378870022534271993e+04 4.378870022534274904e+04
4.375075899055239279e+04 4.375075899055240006e+04 4.375075899055240006e+04 4.375075899055237096e+04 4.375075899055242917e+04 4.375075899055246555e+04
4.371281775576210930e+04 4.371281775576211658e+04 4.371281775576213113e+04 4.371281775576209475e+04 4.371281775576215296e+04 4.371281775576218934e+04
4.367487652097182581e+04 4.367487652097183309e+04 4.367487652097184036e+04 4.367487652097180398e+04 4.367487652097186947e+04 4.367487652097189857e+04
4.363693528618154232e+04 4.363693528618155688e+04 4.363693528618156415e+04 4.363693528618153505e+04 4.363693528618157870e+04 4.363693528618162236e+04
4.359899405139125884e+04 4.359899405139127339e+04 4.359899405139127339e+04 4.359899405139124428e+04 4.359899405139130977e+04 4.359899405139133887e+04
4.356105281660097535e+04 4.356105281660098990e+04 4.356105281660099718e+04 4.356105281660096080e+04 4.356105281660101900e+04 4.356105281660104811e+04
4.352311158181069186e+04 4.352311158181070641e+04 4.352311158181071369e+04 4.352311158181068458e+04 4.352311158181072824e+04 4.352311158181080100e+04
4.348517034702041565e+04 4.348517034702042292e+04 4.348517034702043020e+04 4.348517034702039382e+04 4.348517034702046658e+04 4.348517034702049568e+04
4.344722911223012488e+04 4.344722911223014671e+04 4.344722911223014671e+04 4.344722911223011033e+04 4.344722911223017582e+04 4.344722911223021219e+04
4.340928787743985595e+04 4.340928787743985595e+04 4.340928787743987050e+04 4.340928787743983412e+04 4.340928787743991415e+04 4.340928787743993598e+04
4.337134664264956518e+04 4.337134664264957974e+04 4.337134664264958701e+04 4.337134664264955791e+04 4.337134664264961611e+04 4.337134664264964522e+04
4.333340540785928897e+04 4.333340540785930352e+04 4.333340540785930352e+04 4.333340540785926714e+04 4.333340540785933990e+04 4.333340540785938356e+04
4.329546417306900548e+04 4.329546417306901276e+04 4.329546417306902003e+04 4.329546417306898365e+04 4.329546417306905641e+04 4.329546417306910007e+04
4.325752293827872199e+04 4.325752293827873655e+04 4.325752293827873655e+04 4.325752293827870744e+04 4.325752293827877293e+04 4.325752293827882386e+04
4.321958170348843851e+04 4.321958170348845306e+04 4.321958170348846761e+04 4.321958170348842395e+04 4.321958170348848944e+04 4.321958170348854037e+04
4.318164046869815502e+04 4.318164046869817685e+04 4.318164046869818412e+04 4.318164046869814774e+04 4.318164046869821323e+04 4.318164046869822778e+04
4.314369923390787153e+04 4.314369923390789336e+04 4.314369923390790063e+04 4.314369923390785698e+04 4.314369923390792974e+04 4.314369923390797339e+04
4.310575799911759532e+04 4.310575799911761715e+04 4.310575799911761715e+04 4.310575799911758077e+04 4.310575799911765353e+04 4.310575799911769718e+04
4.306781676432731183e+04 4.306781676432732638e+04 4.306781676432734093e+04 4.306781676432729728e+04 4.306781676432736276e+04 4.306781676432739914e+04
4.302987552953703562e+04 4.302987552953705017e+04 4.302987552953705745e+04 4.302987552953700651e+04 4.302987552953708655e+04 4.302987552953714476e+04
4.299193429474675213e+04 4.299193429474676668e+04 4.299193429474677396e+04 4.299193429474673030e+04 4.299193429474681761e+04 4.299193429474683944e+04
4.295399305995646864e+04 4.295399305995649047e+04 4.295399305995649047e+04 4.295399305995643954e+04 4.295399305995652685e+04 4.295399305995657051e+04
4.291605182516618515e+04 4.291605182516619971e+04 4.291605182516621426e+04 4.291605182516617788e+04 4.291605182516624336e+04 4.291605182516629429e+04
4.287811059037590167e+04 4.287811059037591622e+04 4.287811059037593077e+04 4.287811059037590167e+04 4.287811059037596715e+04 4.287811059037599625e+04
4.284016935558561818e+04 4.284016935558564001e+04 4.284016935558564001e+04 4.284016935558561090e+04 4.284016935558567639e+04 4.284016935558572732e+04
4.280222812079533469e+04 4.280222812079536379e+04 4.280222812079535652e+04 4.280222812079532014e+04 4.280222812079540745e+04 4.280222812079545110e+04
4.276428688600505848e+04 4.276428688600507303e+04 4.276428688600509486e+04 4.276428688600502937e+04 4.276428688600511668e+04 4.276428688600516762e+04
4.272634565121477499e+04 4.272634565121479682e+04 4.272634565121479682e+04 4.272634565121476044e+04 4.272634565121483320e+04 4.272634565121489140e+04
4.268840441642449150e+04 4.268840441642452060e+04 4.268840441642452060e+04 4.268840441642447695e+04 4.268840441642456426e+04 4.268840441642460792e+04
4.265046318163421529e+04 4.265046318163423712e+04 4.265046318163424439e+04 4.265046318163420074e+04 4.265046318163428805e+04 4.265046318163432443e+04
4.261252194684393180e+04 4.261252194684394635e+04 4.261252194684396818e+04 4.261252194684391725e+04 4.261252194684399728e+04 4.261252194684404822e+04
4.257458071205364831e+04 4.257458071205367742e+04 4.257458071205367742e+04 4.257458071205363376e+04 4.257458071205372107e+04 4.257458071205375018e+04
4.253663947726336482e+04 4.253663947726339393e+04 4.253663947726339393e+04 4.253663947726335027e+04 4.253663947726342303e+04 4.253663947726346669e+04
4.249869824247308134e+04 4.249869824247311044e+04 4.249869824247311772e+04 4.249869824247306678e+04 4.249869824247314682e+04 4.249869824247319775e+04
4.246075700768279785e+04 4.246075700768282695e+04 4.246075700768282695e+04 4.246075700768278330e+04 4.246075700768287788e+04 4.246075700768291426e+04
4.242281577289252891e+04 4.242281577289254346e+04 4.242281577289255074e+04 4.242281577289250708e+04 4.242281577289259440e+04 4.242281577289263078e+04
4.238487453810223815e+04 4.238487453810225998e+04 4.238487453810226725e+04 4.238487453810221632e+04 4.238487453810230363e+04 4.238487453810234729e+04
4.234693330331196194e+04 4.234693330331197649e+04 4.234693330331199104e+04 4.234693330331195466e+04 4.234693330331203470e+04 4.234693330331206380e+04
4.230899206852167845e+04 4.230899206852170028e+04 4.230899206852170755e+04 4.230899206852165662e+04 4.230899206852175121e+04 4.230899206852178759e+04
4.227105083373139496e+04 4.227105083373140951e+04 4.227105083373142406e+04 4.227105083373137313e+04 4.227105083373147500e+04 4.227105083373149682e+04
4.223310959894111147e+04 4.223310959894114058e+04 4.223310959894114785e+04 4.223310959894109692e+04 4.223310959894119878e+04 4.223310959894122061e+04
4.219516836415082798e+04 4.219516836415085709e+04 4.219516836415086436e+04 4.219516836415082071e+04 4.219516836415090802e+04 4.219516836415094440e+04
4.215722712936055177e+04 4.215722712936057360e+04 4.215722712936058088e+04 4.215722712936053722e+04 4.215722712936063181e+04 4.215722712936066819e+04
4.211928589457026828e+04 4.211928589457029011e+04 4.211928589457030466e+04 4.211928589457025373e+04 4.211928589457034832e+04 4.211928589457038470e+04
4.208134465977999207e+04 4.208134465978000662e+04 4.208134465978002117e+04 4.208134465977997024e+04 4.208134465978005755e+04 4.208134465978012304e+04
4.204340342498970858e+04 4.204340342498973041e+04 4.204340342498973769e+04 4.204340342498969403e+04 4.204340342498978862e+04 4.204340342498982500e+04
4.200546219019942509e+04 4.200546219019944692e+04 4.200546219019945420e+04 4.200546219019940327e+04 4.200546219019950513e+04 4.200546219019954879e+04
4.196752095540914161e+04 4.196752095540915616e+04 4.196752095540917071e+04 4.196752095540912705e+04 4.196752095540922892e+04 4.196752095540927257e+04
4.192957972061886539e+04 4.192957972061888722e+04 4.192957972061889450e+04 4.192957972061882901e+04 4.192957972061893815e+04 4.192957972061898909e+04
4.189163848582858191e+04 4.189163848582860373e+04 4.189163848582861101e+04 4.189163848582856008e+04 4.189163848582866922e+04 4.189163848582869105e+04
4.185369725103830569e+04 4.185369725103831297e+04 4.185369725103832752e+04 4.185369725103827659e+04 4.185369725103838573e+04 4.185369725103842211e+04
4.181575601624802221e+04 4.181575601624803676e+04 4.181575601624804403e+04 4.181575601624800038e+04 4.181575601624810224e+04 4.181575601624813862e+04
4.177781478145773872e+04 4.177781478145775327e+04 4.177781478145776782e+04 4.177781478145772417e+04 4.177781478145781875e+04 4.177781478145785513e+04
4.173987354666745523e+04 4.173987354666746978e+04 4.173987354666748433e+04 4.173987354666742613e+04 4.173987354666754254e+04 4.173987354666759347e+04
4.170193231187717174e+04 4.170193231187718629e+04 4.170193231187720812e+04 4.170193231187714991e+04 4.170193231187725178e+04 4.170193231187730271e+04
4.166399107708689553e+04 4.166399107708691008e+04 4.166399107708692463e+04 4.166399107708685915e+04 4.166399107708697557e+04 4.166399107708701922e+04
4.162604984229661204e+04 4.162604984229662659e+04 4.162604984229664115e+04 4.162604984229657566e+04 4.162604984229670663e+04 4.162604984229672846e+04
4.158810860750632855e+04 4.158810860750634311e+04 4.158810860750635766e+04 4.158810860750629945e+04 4.158810860750640859e+04 4.158810860750643769e+04
4.155016737271605234e+04 4.155016737271606689e+04 4.155016737271608145e+04 4.155016737271601596e+04 4.155016737271613238e+04 4.155016737271616876e+04
4.151222613792576885e+04 4.151222613792578341e+04 4.151222613792579796e+04 4.151222613792573975e+04 4.151222613792584889e+04 4.151222613792588527e+04
4.147428490313548537e+04 4.147428490313549992e+04 4.147428490313550719e+04 4.147428490313545626e+04 4.147428490313557268e+04 4.147428490313561633e+04
4.143634366834520188e+04 4.143634366834521643e+04 4.143634366834523098e+04 4.143634366834518005e+04 4.143634366834529646e+04 4.143634366834533284e+04
4.139840243355491839e+04 4.139840243355493294e+04 4.139840243355495477e+04 4.139840243355489656e+04 4.139840243355501298e+04 4.139840243355504936e+04
4.136046119876463490e+04 4.136046119876465673e+04 4.136046119876466400e+04 4.136046119876460580e+04 4.136046119876473676e+04 4.136046119876475859e+04
4.132251996397435869e+04 4.132251996397437324e+04 4.132251996397438779e+04 4.132251996397432958e+04 4.132251996397445328e+04 4.132251996397447510e+04
4.128457872918407520e+04 4.128457872918409703e+04 4.128457872918409703e+04 4.128457872918403882e+04 4.128457872918416979e+04 4.128457872918421344e+04
4.124663749439379899e+04 4.124663749439380626e+04 4.124663749439382082e+04 4.124663749439376261e+04 4.124663749439388630e+04 4.124663749439392996e+04
4.120869625960351550e+04 4.120869625960353005e+04 4.120869625960354460e+04 4.120869625960348640e+04 4.120869625960360281e+04 4.120869625960365374e+04
4.117075502481323201e+04 4.117075502481324656e+04 4.117075502481326112e+04 4.117075502481321018e+04 4.117075502481334115e+04 4.117075502481336298e+04
4.113281379002294852e+04 4.113281379002296308e+04 4.113281379002297763e+04 4.113281379002291942e+04 4.113281379002304311e+04 4.113281379002307949e+04
4.109487255523266504e+04 4.109487255523267959e+04 4.109487255523270142e+04 4.109487255523264321e+04 4.109487255523277418e+04 4.109487255523279600e+04
4.105693132044238155e+04 4.105693132044240338e+04 4.105693132044241793e+04 4.105693132044235244e+04 4.105693132044247614e+04 4.105693132044251979e+04
4.101899008565210534e+04 4.101899008565211989e+04 4.101899008565213444e+04 4.101899008565207623e+04 4.101899008565220720e+04 4.101899008565222903e+04
4.098104885086181457e+04 4.098104885086183640e+04 4.098104885086185823e+04 4.098104885086178547e+04 4.098104885086192371e+04 4.098104885086195281e+04
4.094310761607154564e+04 4.094310761607156019e+04 4.094310761607157474e+04 4.094310761607150926e+04 4.094310761607164750e+04 4.094310761607166933e+04
4.090516638128126215e+04 4.090516638128127670e+04 4.090516638128129853e+04 4.090516638128123304e+04 4.090516638128136401e+04 4.090516638128137856e+04
4.086722514649097866e+04 4.086722514649099321e+04 4.086722514649100776e+04 4.086722514649094228e+04 4.086722514649108052e+04 4.086722514649110235e+04
4.082928391170069517e+04 4.082928391170070972e+04 4.082928391170072427e+04 4.082928391170066607e+04 4.082928391170080431e+04 4.082928391170081886e+04
4.079134267691041168e+04 4.079134267691043351e+04 4.079134267691044806e+04 4.079134267691037530e+04 4.079134267691050627e+04 4.079134267691054993e+04
4.075340144212012819e+04 4.075340144212015002e+04 4.075340144212016457e+04 4.075340144212009909e+04 4.075340144212023733e+04 4.075340144212027371e+04
4.071546020732985198e+04 4.071546020732986653e+04 4.071546020732988836e+04 4.071546020732982288e+04 4.071546020732995385e+04 4.071546020732999023e+04
4.067751897253956849e+04 4.067751897253958305e+04 4.067751897253960487e+04 4.067751897253953211e+04 4.067751897253967036e+04 4.067751897253969946e+04
4.063957773774928501e+04 4.063957773774930683e+04 4.063957773774932139e+04 4.063957773774925590e+04 4.063957773774939415e+04 4.063957773774941597e+04
4.060163650295900879e+04 4.060163650295902335e+04 4.060163650295903790e+04 4.060163650295897969e+04 4.060163650295911066e+04 4.060163650295912521e+04
4.056369526816872531e+04 4.056369526816873986e+04 4.056369526816875441e+04 4.056369526816868893e+04 4.056369526816883445e+04 4.056369526816885627e+04
4.052575403337844182e+04 4.052575403337846365e+04 4.052575403337847092e+04 4.052575403337841271e+04 4.052575403337854368e+04 4.052575403337857279e+04
4.048781279858815833e+04 4.048781279858818016e+04 4.048781279858819471e+04 4.048781279858812923e+04 4.048781279858826747e+04 4.048781279858830385e+04
4.044987156379788212e+04 4.044987156379789667e+04 4.044987156379791122e+04 4.044987156379783846e+04 4.044987156379799126e+04 4.044987156379801309e+04
4.041193032900759863e+04 4.041193032900762046e+04 4.041193032900762773e+04 4.041193032900757680e+04 4.041193032900770049e+04 4.041193032900775142e+04
4.037398909421731514e+04 4.037398909421732969e+04 4.037398909421734425e+04 4.037398909421728604e+04 4.037398909421743883e+04 4.037398909421743883e+04
4.033604785942703893e+04 4.033604785942705348e+04 4.033604785942706076e+04 4.033604785942698800e+04 4.033604785942714079e+04 4.033604785942718445e+04
4.029810662463675544e+04 4.029810662463676999e+04 4.029810662463678455e+04 4.029810662463671906e+04 4.029810662463685730e+04 4.029810662463689368e+04
4.026016538984647195e+04 4.026016538984648651e+04 4.026016538984650106e+04 4.026016538984644285e+04 4.026016538984658837e+04 4.026016538984661020e+04
4.022222415505618847e+04 4.022222415505621029e+04 4.022222415505622484e+04 4.022222415505615936e+04 4.022222415505629760e+04 4.022222415505633398e+04
4.018428292026590498e+04 4.018428292026592680e+04 4.018428292026594136e+04 4.018428292026587587e+04 4.018428292026602139e+04 4.018428292026606505e+04
4.014634168547562149e+04 4.014634168547564332e+04 4.014634168547565787e+04 4.014634168547559239e+04 4.014634168547573790e+04 4.014634168547576701e+04
4.010840045068535255e+04 4.010840045068536710e+04 4.010840045068537438e+04 4.010840045068530890e+04 4.010840045068545442e+04 4.010840045068548352e+04
4.007045921589506906e+04 4.007045921589508362e+04 4.007045921589509089e+04 4.007045921589503268e+04 4.007045921589517820e+04 4.007045921589520003e+04
4.003251798110478558e+04 4.003251798110480013e+04 4.003251798110481468e+04 4.003251798110474920e+04 4.003251798110489472e+04 4.003251798110493110e+04
3.999457674631450209e+04 3.999457674631451664e+04 3.999457674631453119e+04 3.999457674631445843e+04 3.999457674631462578e+04 3.999457674631464761e+04
3.995663551152421860e+04 3.995663551152423315e+04 3.995663551152424770e+04 3.995663551152418222e+04 3.995663551152434229e+04 3.995663551152437140e+04
3.991869427673393511e+04 3.991869427673395694e+04 3.991869427673397149e+04 3.991869427673389873e+04 3.991869427673405880e+04 3.991869427673407336e+04
3.988075304194365162e+04 3.988075304194366618e+04 3.988075304194368800e+04 3.988075304194361524e+04 3.988075304194376804e+04 3.988075304194379714e+04
3.984281180715336814e+04 3.984281180715338996e+04 3.984281180715340452e+04 3.984281180715332448e+04 3.984281180715349183e+04 3.984281180715352093e+04
3.980487057236309192e+04 3.980487057236310648e+04 3.980487057236312830e+04 3.980487057236305554e+04 3.980487057236321562e+04 3.980487057236323017e+04
3.976692933757281571e+04 3.976692933757282299e+04 3.976692933757284482e+04 3.976692933757277206e+04 3.976692933757293213e+04 3.976692933757295395e+04
3.972898810278253222e+04 3.972898810278254678e+04 3.972898810278255405e+04 3.972898810278249584e+04 3.972898810278264864e+04 3.972898810278267774e+04
3.969104686799224874e+04 3.969104686799226329e+04 3.969104686799228512e+04 3.969104686799221236e+04 3.969104686799237243e+04 3.969104686799238698e+04
3.965310563320196525e+04 3.965310563320197980e+04 3.965310563320200890e+04 3.965310563320192159e+04 3.965310563320208166e+04 3.965310563320211077e+04
3.961516439841168176e+04 3.961516439841170359e+04 3.961516439841171814e+04 3.961516439841163083e+04 3.961516439841180545e+04 3.961516439841184911e+04
3.957722316362139827e+04 3.957722316362142010e+04 3.957722316362143465e+04 3.957722316362136189e+04 3.957722316362152924e+04 3.957722316362155107e+04
3.953928192883112206e+04 3.953928192883113661e+04 3.953928192883115844e+04 3.953928192883107840e+04 3.953928192883125303e+04 3.953928192883127485e+04
3.950134069404084585e+04 3.950134069404086040e+04 3.950134069404087495e+04 3.950134069404079492e+04 3.950134069404097681e+04 3.950134069404100592e+04
3.946339945925056236e+04 3.946339945925057691e+04 3.946339945925059146e+04 3.946339945925051143e+04 3.946339945925067877e+04 3.946339945925070788e+04
3.942545822446027887e+04 3.942545822446029342e+04 3.942545822446031525e+04 3.942545822446023521e+04 3.942545822446039529e+04 3.942545822446043167e+04
3.938751698966999538e+04 3.938751698967001721e+04 3.938751698967003904e+04 3.938751698966995900e+04 3.938751698967011180e+04 3.938751698967014818e+04
3.934957575487971189e+04 3.934957575487973372e+04 3.934957575487974827e+04 3.934957575487967551e+04 3.934957575487983559e+04 3.934957575487987197e+04
3.931163452008942841e+04 3.931163452008945023e+04 3.931163452008947206e+04 3.931163452008938475e+04 3.931163452008955937e+04 3.931163452008957393e+04
3.927369328529915219e+04 3.927369328529917402e+04 3.927369328529918857e+04 3.927369328529910854e+04 3.927369328529928316e+04 3.927369328529931954e+04
3.923575205050886871e+04 3.923575205050889053e+04 3.923575205050891236e+04 3.923575205050882505e+04 3.923575205050900695e+04 3.923575205050902150e+04
3.919781081571859249e+04 3.919781081571860705e+04 3.919781081571862887e+04 3.919781081571854156e+04 3.919781081571871619e+04 3.919781081571875256e+04
3.915986958092830901e+04 3.915986958092833083e+04 3.915986958092833811e+04 3.915986958092825080e+04 3.915986958092843270e+04 3.915986958092848363e+04
3.912192834613802552e+04 3.912192834613804007e+04 3.912192834613806190e+04 3.912192834613797459e+04 3.912192834613814921e+04 3.912192834613819286e+04
3.908398711134774203e+04 3.908398711134776386e+04 3.908398711134777841e+04 3.908398711134769837e+04 3.908398711134785844e+04 3.908398711134791665e+04
3.904604587655746582e+04 3.904604587655748037e+04 3.904604587655750220e+04 3.904604587655742216e+04 3.904604587655759678e+04 3.904604587655762589e+04
3.900810464176718233e+04 3.900810464176720416e+04 3.900810464176721871e+04 3.900810464176713140e+04 3.900810464176729874e+04 3.900810464176732785e+04
3.897016340697689884e+04 3.897016340697692067e+04 3.897016340697694250e+04 3.897016340697684063e+04 3.897016340697701526e+04 3.897016340697705891e+04
3.893222217218662263e+04 3.893222217218663718e+04 3.893222217218665173e+04 3.893222217218656442e+04 3.893222217218673904e+04 3.893222217218677542e+04
3.889428093739633914e+04 3.889428093739635369e+04 3.889428093739636824e+04 3.889428093739629549e+04 3.889428093739645556e+04 3.889428093739649921e+04
3.885633970260606293e+04 3.885633970260607020e+04 3.885633970260609203e+04 3.885633970260600472e+04 3.885633970260620117e+04 3.885633970260622300e+04
3.881839846781577216e+04 3.881839846781579399e+04 3.881839846781580854e+04 3.881839846781572851e+04 3.881839846781588858e+04 3.881839846781593951e+04
3.878045723302548868e+04 3.878045723302551778e+04 3.878045723302552506e+04 3.878045723302544502e+04 3.878045723302561964e+04 3.878045723302565602e+04
3.874251599823521246e+04 3.874251599823523429e+04 3.874251599823524884e+04 3.874251599823515426e+04 3.874251599823533616e+04 3.874251599823537254e+04
3.870457476344493625e+04 3.870457476344494353e+04 3.870457476344496536e+04 3.870457476344487077e+04 3.870457476344505267e+04 3.870457476344509632e+04
3.866663352865464549e+04 3.866663352865466732e+04 3.866663352865468187e+04 3.866663352865459456e+04 3.866663352865477646e+04 3.866663352865481284e+04
3.862869229386436928e+04 3.862869229386438383e+04 3.862869229386440566e+04 3.862869229386432562e+04 3.862869229386450752e+04 3.862869229386453662e+04
3.859075105907408579e+04 3.859075105907410034e+04 3.859075105907412217e+04 3.859075105907402758e+04 3.859075105907421676e+04 3.859075105907424586e+04
3.855280982428380230e+04 3.855280982428382413e+04 3.855280982428383868e+04 3.855280982428375137e+04 3.855280982428393327e+04 3.855280982428397692e+04
3.851486858949351881e+04 3.851486858949354064e+04 3.851486858949356247e+04 3.851486858949346060e+04 3.851486858949364978e+04 3.851486858949370799e+04
3.847692735470324260e+04 3.847692735470325715e+04 3.847692735470327170e+04 3.847692735470319167e+04 3.847692735470338812e+04 3.847692735470340267e+04
3.843898611991295911e+04 3.843898611991298094e+04 3.843898611991299549e+04 3.843898611991290090e+04 3.843898611991309008e+04 3.843898611991312646e+04
3.840104488512268290e+04 3.840104488512269018e+04 3.840104488512271928e+04 3.840104488512262469e+04 3.840104488512281387e+04 3.840104488512284297e+04
3.836310365033239941e+04 3.836310365033241396e+04 3.836310365033242851e+04 3.836310365033234848e+04 3.836310365033253038e+04 3.836310365033255221e+04
3.832516241554211592e+04 3.832516241554213775e+04 3.832516241554215230e+04 3.832516241554206499e+04 3.832516241554224689e+04 3.832516241554227599e+04
3.828722118075183243e+04 3.828722118075184699e+04 3.828722118075186881e+04 3.828722118075177423e+04 3.828722118075195613e+04 3.828722118075199978e+04
3.824927994596154895e+04 3.824927994596157077e+04 3.824927994596159988e+04 3.824927994596149074e+04 3.824927994596168719e+04 3.824927994596170902e+04
3.821133871117126546e+04 3.821133871117128729e+04 3.821133871117130911e+04 3.821133871117120725e+04 3.821133871117141098e+04 3.821133871117144008e+04
3.817339747638098925e+04 3.817339747638100380e+04 3.817339747638102563e+04 3.817339747638093104e+04 3.817339747638112749e+04 3.817339747638114932e+04
3.813545624159071303e+04 3.813545624159072759e+04 3.813545624159073486e+04 3.813545624159064755e+04 3.813545624159083673e+04 3.813545624159087311e+04
3.809751500680042955e+04 3.809751500680044410e+04 3.809751500680046593e+04 3.809751500680036406e+04 3.809751500680056779e+04 3.809751500680059689e+04
3.805957377201014606e+04 3.805957377201016789e+04 3.805957377201018244e+04 3.805957377201008057e+04 3.805957377201028430e+04 3.805957377201029885e+04
3.802163253721986257e+04 3.802163253721987712e+04 3.802163253721989895e+04 3.802163253721978981e+04 3.802163253721999354e+04 3.802163253722003719e+04
3.798369130242958636e+04 3.798369130242960091e+04 3.798369130242961546e+04 3.798369130242952087e+04 3.798369130242972460e+04 3.798369130242973915e+04
3.794575006763929559e+04 3.794575006763931742e+04 3.794575006763933925e+04 3.794575006763923739e+04 3.794575006763943384e+04 3.794575006763947749e+04
3.790780883284901211e+04 3.790780883284903393e+04 3.790780883284905576e+04 3.790780883284895390e+04 3.790780883284916490e+04 3.790780883284917218e+04
3.786986759805873589e+04 3.786986759805875772e+04 3.786986759805877227e+04 3.786986759805867041e+04 3.786986759805887414e+04 3.786986759805889596e+04
3.783192636326845241e+04 3.783192636326847423e+04 3.783192636326848879e+04 3.783192636326839420e+04 3.783192636326859792e+04 3.783192636326862703e+04
3.779398512847816892e+04 3.779398512847819075e+04 3.779398512847820530e+04 3.779398512847811071e+04 3.779398512847829988e+04 3.779398512847833626e+04
3.775604389368789271e+04 3.775604389368790726e+04 3.775604389368792908e+04 3.775604389368781995e+04 3.775604389368803822e+04 3.775604389368806005e+04
3.771810265889760922e+04 3.771810265889763104e+04 3.771810265889765287e+04 3.771810265889755101e+04 3.771810265889775474e+04 3.771810265889776929e+04
3.768016142410733300e+04 3.768016142410734756e+04 3.768016142410736211e+04 3.768016142410726025e+04 3.768016142410746397e+04 3.768016142410749308e+04
3.764222018931704224e+04 3.764222018931706407e+04 3.764222018931708590e+04 3.764222018931698403e+04 3.764222018931718048e+04 3.764222018931720959e+04
3.760427895452676603e+04 3.760427895452678058e+04 3.760427895452680241e+04 3.760427895452669327e+04 3.760427895452689700e+04 3.760427895452694065e+04
3.756633771973648982e+04 3.756633771973649709e+04 3.756633771973651892e+04 3.756633771973642433e+04 3.756633771973662078e+04 3.756633771973665716e+04
3.752839648494619905e+04 3.752839648494622088e+04 3.752839648494624271e+04 3.752839648494613357e+04 3.752839648494634457e+04 3.752839648494637368e+04
3.749045525015592284e+04 3.749045525015593739e+04 3.749045525015596650e+04 3.749045525015585008e+04 3.749045525015606108e+04 3.749045525015611202e+04
3.745251401536563935e+04 3.745251401536565390e+04 3.745251401536568301e+04 3.745251401536557387e+04 3.745251401536577032e+04 3.745251401536580670e+04
3.741457278057535586e+04 3.741457278057537769e+04 3.741457278057539224e+04 3.741457278057529766e+04 3.741457278057550138e+04 3.741457278057554504e+04
3.737663154578507965e+04 3.737663154578510148e+04 3.737663154578510876e+04 3.737663154578500689e+04 3.737663154578520334e+04 3.737663154578526155e+04
3.733869031099478889e+04 3.733869031099481072e+04 3.733869031099483982e+04 3.733869031099472340e+04 3.733869031099492713e+04 3.733869031099496351e+04
3.730074907620451268e+04 3.730074907620453450e+04 3.730074907620455633e+04 3.730074907620444719e+04 3.730074907620465092e+04 3.730074907620468730e+04
3.726280784141422919e+04 3.726280784141425102e+04 3.726280784141427284e+04 3.726280784141416370e+04 3.726280784141437471e+04 3.726280784141440381e+04
3.722486660662395298e+04 3.722486660662397480e+04 3.722486660662398936e+04 3.722486660662388022e+04 3.722486660662409122e+04 3.722486660662412032e+04
3.718692537183366949e+04 3.718692537183369132e+04 3.718692537183370587e+04 3.718692537183360400e+04 3.718692537183380045e+04 3.718692537183385139e+04
3.714898413704338600e+04 3.714898413704340783e+04 3.714898413704342238e+04 3.714898413704332052e+04 3.714898413704353879e+04 3.714898413704356062e+04
3.711104290225310251e+04 3.711104290225311706e+04 3.711104290225314617e+04 3.711104290225304430e+04 3.711104290225325531e+04 3.711104290225328441e+04
3.707310166746281902e+04 3.707310166746284085e+04 3.707310166746286268e+04 3.707310166746275354e+04 3.707310166746296454e+04 3.707310166746300820e+04
3.703516043267254281e+04 3.703516043267255736e+04 3.703516043267257919e+04 3.703516043267247733e+04 3.703516043267267378e+04 3.703516043267273199e+04
3.699721919788225932e+04 3.699721919788228115e+04 3.699721919788229570e+04 3.699721919788220112e+04 3.699721919788239757e+04 3.699721919788242667e+04
3.695927796309197583e+04 3.695927796309199766e+04 3.695927796309201221e+04 3.695927796309190308e+04 3.695927796309211408e+04 3.695927796309214318e+04
3.692133672830169962e+04 3.692133672830171417e+04 3.692133672830173600e+04 3.692133672830163414e+04 3.692133672830183787e+04 3.692133672830186697e+04
3.688339549351141613e+04 3.688339549351143069e+04 3.688339549351144524e+04 3.688339549351135065e+04 3.688339549351154710e+04 3.688339549351159076e+04
3.684545425872113265e+04 3.684545425872115447e+04 3.684545425872116903e+04 3.684545425872106716e+04 3.684545425872127089e+04 3.684545425872131455e+04
3.680751302393084916e+04 3.680751302393087099e+04 3.680751302393088554e+04 3.680751302393078367e+04 3.680751302393099468e+04 3.680751302393102378e+04
3.676957178914056567e+04 3.676957178914058750e+04 3.676957178914060205e+04 3.676957178914050746e+04 3.676957178914070391e+04 3.676957178914075484e+04
3.673163055435028946e+04 3.673163055435030401e+04 3.673163055435032584e+04 3.673163055435020942e+04 3.673163055435044225e+04 3.673163055435045680e+04
3.669368931955999869e+04 3.669368931956002780e+04 3.669368931956004235e+04 3.669368931955993321e+04 3.669368931956014421e+04 3.669368931956018787e+04
3.665574808476972976e+04 3.665574808476974431e+04 3.665574808476976614e+04 3.665574808476965700e+04 3.665574808476986800e+04 3.665574808476989710e+04
3.661780684997943899e+04 3.661780684997946082e+04 3.661780684997948265e+04 3.661780684997937351e+04 3.661780684997959179e+04 3.661780684997961362e+04
3.657986561518916278e+04 3.657986561518918461e+04 3.657986561518919916e+04 3.657986561518909002e+04 3.657986561518931558e+04 3.657986561518933013e+04
3.654192438039887929e+04 3.654192438039890112e+04 3.654192438039892295e+04 3.654192438039880653e+04 3.654192438039902481e+04 3.654192438039905392e+04
3.650398314560859581e+04 3.650398314560861763e+04 3.650398314560863946e+04 3.650398314560853032e+04 3.650398314560874132e+04 3.650398314560878498e+04
3.646604191081831232e+04 3.646604191081833415e+04 3.646604191081836325e+04 3.646604191081824683e+04 3.646604191081845056e+04 3.646604191081850149e+04
3.642810067602803610e+04 3.642810067602805066e+04 3.642810067602807976e+04 3.642810067602795607e+04 3.642810067602818162e+04 3.642810067602821073e+04
3.639015944123775262e+04 3.639015944123777444e+04 3.639015944123779627e+04 3.639015944123768713e+04 3.639015944123789814e+04 3.639015944123792724e+04
3.635221820644747640e+04 3.635221820644749096e+04 3.635221820644751278e+04 3.635221820644740365e+04 3.635221820644762192e+04 3.635221820644764375e+04
3.631427697165719292e+04 3.631427697165720747e+04 3.631427697165722930e+04 3.631427697165712016e+04 3.631427697165733844e+04 3.631427697165736026e+04
3.627633573686690943e+04 3.627633573686692398e+04 3.627633573686694581e+04 3.627633573686683667e+04 3.627633573686704767e+04 3.627633573686706950e+04
3.623839450207662594e+04 3.623839450207664777e+04 3.623839450207666232e+04 3.623839450207656046e+04 3.623839450207677146e+04 3.623839450207680056e+04
3.620045326728634245e+04 3.620045326728636428e+04 3.620045326728637883e+04 3.620045326728626969e+04 3.620045326728650252e+04 3.620045326728651708e+04
3.616251203249605896e+04 3.616251203249608807e+04 3.616251203249610262e+04 3.616251203249599348e+04 3.616251203249621176e+04 3.616251203249624086e+04
3.612457079770577548e+04 3.612457079770579730e+04 3.612457079770581913e+04 3.612457079770570272e+04 3.612457079770592100e+04 3.612457079770595010e+04
3.608662956291550654e+04 3.608662956291552109e+04 3.608662956291553564e+04 3.608662956291542650e+04 3.608662956291564478e+04 3.608662956291568116e+04
3.604868832812521578e+04 3.604868832812523760e+04 3.604868832812525943e+04 3.604868832812513574e+04 3.604868832812536857e+04 3.604868832812539040e+04
3.601074709333493229e+04 3.601074709333495412e+04 3.601074709333498322e+04 3.601074709333486680e+04 3.601074709333509236e+04 3.601074709333511419e+04
3.597280585854465608e+04 3.597280585854467790e+04 3.597280585854469246e+04 3.597280585854458332e+04 3.597280585854480887e+04 3.597280585854483797e+04
3.593486462375437259e+04 3.593486462375439442e+04 3.593486462375440897e+04 3.593486462375429983e+04 3.593486462375452538e+04 3.593486462375454721e+04
3.589692338896408910e+04 3.589692338896411093e+04 3.589692338896413276e+04 3.589692338896401634e+04 3.589692338896424189e+04 3.589692338896427100e+04
3.585898215417381289e+04 3.585898215417383472e+04 3.585898215417384927e+04 3.585898215417374013e+04 3.585898215417397296e+04 3.585898215417398751e+04
3.582104091938352212e+04 3.582104091938354395e+04 3.582104091938357305e+04 3.582104091938344936e+04 3.582104091938367492e+04 3.582104091938371857e+04
3.578309968459324591e+04 3.578309968459326774e+04 3.578309968459328957e+04 3.578309968459316588e+04 3.578309968459340598e+04 3.578309968459342053e+04
3.574515844980296242e+04 3.574515844980298425e+04 3.574515844980301335e+04 3.574515844980288966e+04 3.574515844980312249e+04 3.574515844980315160e+04
3.570721721501268621e+04 3.570721721501270076e+04 3.570721721501272259e+04 3.570721721501260618e+04 3.570721721501282445e+04 3.570721721501285356e+04
3.566927598022240272e+04 3.566927598022242455e+04 3.566927598022243910e+04 3.566927598022232269e+04 3.566927598022256279e+04 3.566927598022258462e+04
3.563133474543211923e+04 3.563133474543214106e+04 3.563133474543216289e+04 3.563133474543204647e+04 3.563133474543227203e+04 3.563133474543230841e+04
3.559339351064183575e+04 3.559339351064185030e+04 3.559339351064187940e+04 3.559339351064176299e+04 3.559339351064200309e+04 3.559339351064203220e+04
3.555545227585155226e+04 3.555545227585158136e+04 3.555545227585159591e+04 3.555545227585147950e+04 3.555545227585170505e+04 3.555545227585174871e+04
3.551751104106126877e+04 3.551751104106129787e+04 3.551751104106131243e+04 3.551751104106120329e+04 3.551751104106143612e+04 3.551751104106145795e+04
3.547956980627099256e+04 3.547956980627101439e+04 3.547956980627103621e+04 3.547956980627091252e+04 3.547956980627114535e+04 3.547956980627119628e+04
3.544162857148071635e+04 3.544162857148073090e+04 3.544162857148075273e+04 3.544162857148063631e+04 3.544162857148086186e+04 3.544162857148089824e+04
3.540368733669043286e+04 3.540368733669044741e+04 3.540368733669046924e+04 3.540368733669036737e+04 3.540368733669059293e+04 3.540368733669061476e+04
3.536574610190014937e+04 3.536574610190016392e+04 3.536574610190019303e+04 3.536574610190006933e+04 3.536574610190030944e+04 3.536574610190033127e+04
3.532780486710986588e+04 3.532780486710988771e+04 3.532780486710990954e+04 3.532780486710980040e+04 3.532780486711002595e+04 3.532780486711005506e+04
3.528986363231958239e+04 3.528986363231960422e+04 3.528986363231961877e+04 3.528986363231950963e+04 3.528986363231974974e+04 3.528986363231977884e+04
3.525192239752930618e+04 3.525192239752932801e+04 3.525192239752934256e+04 3.525192239752921887e+04 3.525192239752945170e+04 3.525192239752950263e+04
3.521398116273902269e+04 3.521398116273903725e+04 3.521398116273906635e+04 3.521398116273894993e+04 3.521398116273917549e+04 3.521398116273921914e+04
3.517603992794873921e+04 3.517603992794876103e+04 3.517603992794878286e+04 3.517603992794866645e+04 3.517603992794891383e+04 3.517603992794892838e+04
3.513809869315845572e+04 3.513809869315847754e+04 3.513809869315850665e+04 3.513809869315839023e+04 3.513809869315862306e+04 3.513809869315865217e+04
3.510015745836817950e+04 3.510015745836820133e+04 3.510015745836822316e+04 3.510015745836810675e+04 3.510015745836833230e+04 3.510015745836836868e+04
3.506221622357789602e+04 3.506221622357791784e+04 3.506221622357793967e+04 3.506221622357782326e+04 3.506221622357805609e+04 3.506221622357807792e+04
3.502427498878761253e+04 3.502427498878762708e+04 3.502427498878766346e+04 3.502427498878754704e+04 3.502427498878777988e+04 3.502427498878781626e+04
3.498633375399732904e+04 3.498633375399735087e+04 3.498633375399737270e+04 3.498633375399726356e+04 3.498633375399748911e+04 3.498633375399753277e+04
3.494839251920705283e+04 3.494839251920707466e+04 3.494839251920708921e+04 3.494839251920698007e+04 3.494839251920722018e+04 3.494839251920724928e+04
3.491045128441677662e+04 3.491045128441679117e+04 3.491045128441680572e+04 3.491045128441668930e+04 3.491045128441693669e+04 3.491045128441697307e+04
3.487251004962648585e+04 3.487251004962650768e+04 3.487251004962653678e+04 3.487251004962640582e+04 3.487251004962666048e+04 3.487251004962668958e+04
3.483456881483620964e+04 3.483456881483622419e+04 3.483456881483624602e+04 3.483456881483612233e+04 3.483456881483636971e+04 3.483456881483640609e+04
3.479662758004592615e+04 3.479662758004594070e+04 3.479662758004596981e+04 3.479662758004583884e+04 3.479662758004609350e+04 3.479662758004612260e+04
3.475868634525564266e+04 3.475868634525566449e+04 3.475868634525568632e+04 3.475868634525556263e+04 3.475868634525580273e+04 3.475868634525583911e+04
3.472074511046535918e+04 3.472074511046538100e+04 3.472074511046539556e+04 3.472074511046527914e+04 3.472074511046552652e+04 3.472074511046554835e+04
3.468280387567507569e+04 3.468280387567509752e+04 3.468280387567512662e+04 3.468280387567499565e+04 3.468280387567523576e+04 3.468280387567527941e+04
3.464486264088479220e+04 3.464486264088482130e+04 3.464486264088484313e+04 3.464486264088471944e+04 3.464486264088495955e+04 3.464486264088498865e+04
3.460692140609451599e+04 3.460692140609453782e+04 3.460692140609455964e+04 3.460692140609443595e+04 3.460692140609468333e+04 3.460692140609471971e+04
3.456898017130423978e+04 3.456898017130425433e+04 3.456898017130427615e+04 3.456898017130415246e+04 3.456898017130440712e+04 3.456898017130442895e+04
3.453103893651394901e+04 3.453103893651397084e+04 3.453103893651399994e+04 3.453103893651386170e+04 3.453103893651412363e+04 3.453103893651416001e+04
3.449309770172367280e+04 3.449309770172369463e+04 3.449309770172372373e+04 3.449309770172359276e+04 3.449309770172384015e+04 3.449309770172386925e+04
3.445515646693338931e+04 3.445515646693341114e+04 3.445515646693344024e+04 3.445515646693330928e+04 3.445515646693356393e+04 3.445515646693359304e+04
3.441721523214310582e+04 3.441721523214312037e+04 3.441721523214315675e+04 3.441721523214301851e+04 3.441721523214326589e+04 3.441721523214331683e+04
3.437927399735282233e+04 3.437927399735284416e+04 3.437927399735287327e+04 3.437927399735274230e+04 3.437927399735299696e+04 3.437927399735302606e+04
3.434133276256254612e+04 3.434133276256256067e+04 3.434133276256258978e+04 3.434133276256245881e+04 3.434133276256271347e+04 3.434133276256274985e+04
3.430339152777225536e+04 3.430339152777227719e+04 3.430339152777230629e+04 3.430339152777218260e+04 3.430339152777242271e+04 3.430339152777247364e+04
3.426545029298197915e+04 3.426545029298200097e+04 3.426545029298203008e+04 3.426545029298190639e+04 3.426545029298215377e+04 3.426545029298219015e+04
3.422750905819170293e+04 3.422750905819172476e+04 3.422750905819174659e+04 3.422750905819161562e+04 3.422750905819187756e+04 3.422750905819190666e+04
3.418956782340141945e+04 3.418956782340143400e+04 3.418956782340146310e+04 3.418956782340133941e+04 3.418956782340158679e+04 3.418956782340163045e+04
3.415162658861113596e+04 3.415162658861115779e+04 3.415162658861118689e+04 3.415162658861104137e+04 3.415162658861131058e+04 3.415162658861133968e+04
3.411368535382085247e+04 3.411368535382087430e+04 3.411368535382090340e+04 3.411368535382077243e+04 3.411368535382103437e+04 3.411368535382107075e+04
3.407574411903056898e+04 3.407574411903059081e+04 3.407574411903061991e+04 3.407574411903048895e+04 3.407574411903075088e+04 3.407574411903078726e+04
3.403780288424028549e+04 3.403780288424030732e+04 3.403780288424033643e+04 3.403780288424021273e+04 3.403780288424046012e+04 3.403780288424051105e+04
3.399986164945000928e+04 3.399986164945003111e+04 3.399986164945006021e+04 3.399986164944992197e+04 3.399986164945017663e+04 3.399986164945022756e+04
3.396192041465972579e+04 3.396192041465974762e+04 3.396192041465977672e+04 3.396192041465964576e+04 3.396192041465990042e+04 3.396192041465993680e+04
3.392397917986944958e+04 3.392397917986946413e+04 3.392397917986949324e+04 3.392397917986936227e+04 3.392397917986961693e+04 3.392397917986966058e+04
3.388603794507915882e+04 3.388603794507918064e+04 3.388603794507920975e+04 3.388603794507908606e+04 3.388603794507934799e+04 3.388603794507938437e+04
3.384809671028888260e+04 3.384809671028889716e+04 3.384809671028892626e+04 3.384809671028880257e+04 3.384809671028906450e+04 3.384809671028909361e+04
3.381015547549859912e+04 3.381015547549862094e+04 3.381015547549865005e+04 3.381015547549851908e+04 3.381015547549878102e+04 3.381015547549882467e+04
3.377221424070831563e+04 3.377221424070833746e+04 3.377221424070837384e+04 3.377221424070823559e+04 3.377221424070849753e+04 3.377221424070854118e+04
3.373427300591803214e+04 3.373427300591805397e+04 3.373427300591808307e+04 3.373427300591795210e+04 3.373427300591821404e+04 3.373427300591825770e+04
3.369633177112774865e+04 3.369633177112777048e+04 3.369633177112779958e+04 3.369633177112766862e+04 3.369633177112793783e+04 3.369633177112797421e+04
3.365839053633747244e+04 3.365839053633749427e+04 3.365839053633751610e+04 3.365839053633738513e+04 3.365839053633764706e+04 3.365839053633769799e+04
3.362044930154718895e+04 3.362044930154721078e+04 3.362044930154723988e+04 3.362044930154710892e+04 3.362044930154737085e+04 3.362044930154740723e+04
3.358250806675690546e+04 3.358250806675693457e+04 3.358250806675695640e+04 3.358250806675682543e+04 3.358250806675708736e+04 3.358250806675713829e+04
3.354456683196662925e+04 3.354456683196665108e+04 3.354456683196667291e+04 3.354456683196654194e+04 3.354456683196680387e+04 3.354456683196684025e+04
3.350662559717634576e+04 3.350662559717636032e+04 3.350662559717639670e+04 3.350662559717625118e+04 3.350662559717652766e+04 3.350662559717657859e+04
3.346868436238606228e+04 3.346868436238609138e+04 3.346868436238610593e+04 3.346868436238598224e+04 3.346868436238625145e+04 3.346868436238628783e+04
3.343074312759577879e+04 3.343074312759580062e+04 3.343074312759582972e+04 3.343074312759569875e+04 3.343074312759597524e+04 3.343074312759601162e+04
3.339280189280549530e+04 3.339280189280552440e+04 3.339280189280555351e+04 3.339280189280542982e+04 3.339280189280568447e+04 3.339280189280572813e+04
3.335486065801522636e+04 3.335486065801524092e+04 3.335486065801527002e+04 3.335486065801513178e+04 3.335486065801539371e+04 3.335486065801544464e+04
3.331691942322493560e+04 3.331691942322495743e+04 3.331691942322498653e+04 3.331691942322485556e+04 3.331691942322511750e+04 3.331691942322516115e+04
3.327897818843465939e+04 3.327897818843468121e+04 3.327897818843470304e+04 3.327897818843457208e+04 3.327897818843483401e+04 3.327897818843488494e+04
3.324103695364437590e+04 3.324103695364439045e+04 3.324103695364442683e+04 3.324103695364428859e+04 3.324103695364455780e+04 3.324103695364461601e+04
3.320309571885409241e+04 3.320309571885411424e+04 3.320309571885414334e+04 3.320309571885399782e+04 3.320309571885427431e+04 3.320309571885432524e+04
3.316515448406380892e+04 3.316515448406383075e+04 3.316515448406385985e+04 3.316515448406372889e+04 3.316515448406400537e+04 3.316515448406404903e+04
3.312721324927352543e+04 3.312721324927355454e+04 3.312721324927358364e+04 3.312721324927345267e+04 3.312721324927372189e+04 3.312721324927376554e+04
3.308927201448324195e+04 3.308927201448327105e+04 3.308927201448330015e+04 3.308927201448316191e+04 3.308927201448343840e+04 3.308927201448348205e+04
3.305133077969296573e+04 3.305133077969298756e+04 3.305133077969301667e+04 3.305133077969288570e+04 3.305133077969314763e+04 3.305133077969319856e+04
3.301338954490268225e+04 3.301338954490270407e+04 3.301338954490273318e+04 3.301338954490259493e+04 3.301338954490287142e+04 3.301338954490291508e+04
3.297544831011240603e+04 3.297544831011242059e+04 3.297544831011244969e+04 3.297544831011231872e+04 3.297544831011260248e+04 3.297544831011262431e+04
3.293750707532211527e+04 3.293750707532214437e+04 3.293750707532216620e+04 3.293750707532202796e+04 3.293750707532230444e+04 3.293750707532236265e+04
3.289956584053183906e+04 3.289956584053186089e+04 3.289956584053188999e+04 3.289956584053175175e+04 3.289956584053202823e+04 3.289956584053207916e+04
3.286162460574155557e+04 3.286162460574157740e+04 3.286162460574161378e+04 3.286162460574147553e+04 3.286162460574174474e+04 3.286162460574178840e+04
3.282368337095127208e+04 3.282368337095130119e+04 3.282368337095132301e+04 3.282368337095118477e+04 3.282368337095146853e+04 3.282368337095151219e+04
3.278574213616099587e+04 3.278574213616101770e+04 3.278574213616103953e+04 3.278574213616090856e+04 3.278574213616117777e+04 3.278574213616122870e+04
3.274780090137071238e+04 3.274780090137073421e+04 3.274780090137076695e+04 3.274780090137063235e+04 3.274780090137089428e+04 3.274780090137095613e+04
3.270985966658042889e+04 3.270985966658045072e+04 3.270985966658047982e+04 3.270985966658034886e+04 3.270985966658061807e+04 3.270985966658067991e+04
3.267191843179014541e+04 3.267191843179016723e+04 3.267191843179019634e+04 3.267191843179006173e+04 3.267191843179033822e+04 3.267191843179039279e+04
3.263397719699986919e+04 3.263397719699988374e+04 3.263397719699991649e+04 3.263397719699977824e+04 3.263397719700005473e+04 3.263397719700010930e+04
3.259603596220958570e+04 3.259603596220960753e+04 3.259603596220963664e+04 3.259603596220950567e+04 3.259603596220977124e+04 3.259603596220983673e+04
3.255809472741930585e+04 3.255809472741932404e+04 3.255809472741935679e+04 3.255809472741922582e+04 3.255809472741948775e+04 3.255809472741954596e+04
3.252015349262902600e+04 3.252015349262904783e+04 3.252015349262907694e+04 3.252015349262893142e+04 3.252015349262921154e+04 3.252015349262927339e+04
3.248221225783873524e+04 3.248221225783876071e+04 3.248221225783879345e+04 3.248221225783865884e+04 3.248221225783893533e+04 3.248221225783898990e+04
3.244427102304845903e+04 3.244427102304848086e+04 3.244427102304851360e+04 3.244427102304837172e+04 3.244427102304865912e+04 3.244427102304871005e+04
3.240632978825817554e+04 3.240632978825820101e+04 3.240632978825823011e+04 3.240632978825808823e+04 3.240632978825837199e+04 3.240632978825843020e+04
3.236838855346789205e+04 3.236838855346791752e+04 3.236838855346794298e+04 3.236838855346780474e+04 3.236838855346808487e+04 3.236838855346813943e+04
3.233044731867761584e+04 3.233044731867763403e+04 3.233044731867766677e+04 3.233044731867752489e+04 3.233044731867780865e+04 3.233044731867787050e+04
3.229250608388733235e+04 3.229250608388735782e+04 3.229250608388738692e+04 3.229250608388724504e+04 3.229250608388752153e+04 3.229250608388758701e+04
3.225456484909704886e+04 3.225456484909707069e+04 3.225456484909710707e+04 3.225456484909696883e+04 3.225456484909724168e+04 3.225456484909728897e+04
3.221662361430676538e+04 3.221662361430679084e+04 3.221662361430681995e+04 3.221662361430668170e+04 3.221662361430696910e+04 3.221662361430702367e+04
3.217868237951648916e+04 3.217868237951650735e+04 3.217868237951654010e+04 3.217868237951639821e+04 3.217868237951667834e+04 3.217868237951673655e+04
3.214074114472620568e+04 3.214074114472623114e+04 3.214074114472625661e+04 3.214074114472612200e+04 3.214074114472639849e+04 3.214074114472645670e+04
3.210279990993592219e+04 3.210279990993594402e+04 3.210279990993597312e+04 3.210279990993583124e+04 3.210279990993612591e+04 3.210279990993617685e+04
3.206485867514564598e+04 3.206485867514566417e+04 3.206485867514569691e+04 3.206485867514555139e+04 3.206485867514583515e+04 3.206485867514589700e+04
3.202691744035536249e+04 3.202691744035538068e+04 3.202691744035540978e+04 3.202691744035527154e+04 3.202691744035555530e+04 3.202691744035561715e+04
3.198897620556507900e+04 3.198897620556510446e+04 3.198897620556513357e+04 3.198897620556498805e+04 3.198897620556526090e+04 3.198897620556533002e+04
3.195103497077479551e+04 3.195103497077481734e+04 3.195103497077485372e+04 3.195103497077470456e+04 3.195103497077499560e+04 3.195103497077505017e+04
3.191309373598451566e+04 3.191309373598453385e+04 3.191309373598456659e+04 3.191309373598442107e+04 3.191309373598471939e+04 3.191309373598476304e+04
3.187515250119423217e+04 3.187515250119425400e+04 3.187515250119428674e+04 3.187515250119414122e+04 3.187515250119443226e+04 3.187515250119448683e+04
3.183721126640395232e+04 3.183721126640397415e+04 3.183721126640400325e+04 3.183721126640386501e+04 3.183721126640414877e+04 3.183721126640420698e+04
3.179927003161366883e+04 3.179927003161369066e+04 3.179927003161373068e+04 3.179927003161357788e+04 3.179927003161387620e+04 3.179927003161392713e+04
3.176132879682338535e+04 3.176132879682340717e+04 3.176132879682343992e+04 3.176132879682329440e+04 3.176132879682358544e+04 3.176132879682364364e+04
3.172338756203310186e+04 3.172338756203313096e+04 3.172338756203315643e+04 3.172338756203301455e+04 3.172338756203331286e+04 3.172338756203334924e+04
3.168544632724282565e+04 3.168544632724284384e+04 3.168544632724287294e+04 3.168544632724273470e+04 3.168544632724302573e+04 3.168544632724308030e+04
3.164750509245254216e+04 3.164750509245256762e+04 3.164750509245259309e+04 3.164750509245245121e+04 3.164750509245275316e+04 3.164750509245280045e+04
3.160956385766225867e+04 3.160956385766228414e+04 3.160956385766231688e+04 3.160956385766216772e+04 3.160956385766246240e+04 3.160956385766251333e+04
3.157162262287198246e+04 3.157162262287200429e+04 3.157162262287204067e+04 3.157162262287188423e+04 3.157162262287218982e+04 3.157162262287223348e+04
3.153368138808169897e+04 3.153368138808172080e+04 3.153368138808174990e+04 3.153368138808160802e+04 3.153368138808189542e+04 3.153368138808195727e+04
3.149574015329141184e+04 3.149574015329144095e+04 3.149574015329146641e+04 3.149574015329132089e+04 3.149574015329161557e+04 3.149574015329167378e+04
3.145779891850113927e+04 3.145779891850116110e+04 3.145779891850119020e+04 3.145779891850103741e+04 3.145779891850133572e+04 3.145779891850140120e+04
3.141985768371085578e+04 3.141985768371087397e+04 3.141985768371090671e+04 3.141985768371075756e+04 3.141985768371105951e+04 3.141985768371110316e+04
3.138191644892057229e+04 3.138191644892059412e+04 3.138191644892062686e+04 3.138191644892047771e+04 3.138191644892076511e+04 3.138191644892082331e+04
3.134397521413028517e+04 3.134397521413031427e+04 3.134397521413034337e+04 3.134397521413019422e+04 3.134397521413050345e+04 3.134397521413054710e+04
3.130603397934001259e+04 3.130603397934003442e+04 3.130603397934006352e+04 3.130603397933991073e+04 3.130603397934021268e+04 3.130603397934028180e+04
3.126809274454972547e+04 3.126809274454975093e+04 3.126809274454978367e+04 3.126809274454963452e+04 3.126809274454993283e+04 3.126809274454998013e+04
3.123015150975944198e+04 3.123015150975946744e+04 3.123015150975950019e+04 3.123015150975935103e+04 3.123015150975964934e+04 3.123015150975971119e+04
3.119221027496916577e+04 3.119221027496918396e+04 3.119221027496921670e+04 3.119221027496906390e+04 3.119221027496936949e+04 3.119221027496942406e+04
3.115426904017887864e+04 3.115426904017890411e+04 3.115426904017893685e+04 3.115426904017878405e+04 3.115426904017908601e+04 3.115426904017915149e+04
3.111632780538859879e+04 3.111632780538862426e+04 3.111632780538866064e+04 3.111632780538851148e+04 3.111632780538880615e+04 3.111632780538886072e+04
3.107838657059831894e+04 3.107838657059834077e+04 3.107838657059837351e+04 3.107838657059821708e+04 3.107838657059851539e+04 3.107838657059858087e+04
3.104044533580803545e+04 3.104044533580806092e+04 3.104044533580809002e+04 3.104044533580793723e+04 3.104044533580824282e+04 3.104044533580830830e+04
3.100250410101775196e+04 3.100250410101777379e+04 3.100250410101781017e+04 3.100250410101766101e+04 3.100250410101796297e+04 3.100250410101802481e+04
3.096456286622746848e+04 3.096456286622749394e+04 3.096456286622752668e+04 3.096456286622738116e+04 3.096456286622767584e+04 3.096456286622773769e+04
3.092662163143718863e+04 3.092662163143721409e+04 3.092662163143725047e+04 3.092662163143709040e+04 3.092662163143739963e+04 3.092662163143744692e+04
3.088868039664690878e+04 3.088868039664693060e+04 3.088868039664696335e+04 3.088868039664681419e+04 3.088868039664712342e+04 3.088868039664717799e+04
3.085073916185662529e+04 3.085073916185664712e+04 3.085073916185667986e+04 3.085073916185653070e+04 3.085073916185683993e+04 3.085073916185689086e+04
3.081279792706634544e+04 3.081279792706636363e+04 3.081279792706639637e+04 3.081279792706624721e+04 3.081279792706655280e+04 3.081279792706662192e+04
3.077485669227606559e+04 3.077485669227608741e+04 3.077485669227612016e+04 3.077485669227597464e+04 3.077485669227628023e+04 3.077485669227632752e+04
