9.140999999999999091e+02
9.438131028891195911e+02
9.735262057777209748e+02
1.003239308667170121e+03
1.032952411557036385e+03
1.062665514446312272e+03
1.092378617335575882e+03
1.122091720224827441e+03
1.151804823114067176e+03
1.181517926003294633e+03
1.211231028891794040e+03
1.240944131779713189e+03
1.270657234667349485e+03
1.300370337556343202e+03
1.330083440445877386e+03
1.359796543335302886e+03
1.389509646223732489e+03
1.419222749111746452e+03
1.448935852000309296e+03
1.478648954889490142e+03
1.508362057779015458e+03
1.538075160667817727e+03
1.567788263556393758e+03
1.597501366444980704e+03
1.627214469334199748e+03
1.656927572223699144e+03
1.686640675113282896e+03
1.716353778002860736e+03
1.746066880892522704e+03
1.775779983781755618e+03
1.805493086670617231e+03
1.835206189559082304e+03
1.864919292447084899e+03
1.894632395335040428e+03
1.924345498222896367e+03
1.954058601110581549e+03
1.983771703998112116e+03
2.013484806885747275e+03
2.043197909773576384e+03
2.072911012661589211e+03
2.102624115549851922e+03
2.132337218438287437e+03
2.162050321326899393e+03
2.191763424215820578e+03
2.221476527105106470e+03
2.251189629994810730e+03
2.280902732884987017e+03
2.310615835775690357e+03
2.340328938666344584e+03
2.370042041557207540e+03
2.399755144448397914e+03
2.429468247339929803e+03
2.459181350231813212e+03
2.488894453124060874e+03
2.518607556016545004e+03
2.548320658907133748e+03
2.578033761797139050e+03
2.607746864686447225e+03
2.637459967574944130e+03
2.667173070462517444e+03
2.696886173349052115e+03
2.726599276235365778e+03
2.756312379123279698e+03
2.786025482011266377e+03
2.815738584899392208e+03
2.845451687787723131e+03
2.875164790676325993e+03
2.904877893565266277e+03
2.934590996453930984e+03
2.964304099342129120e+03
2.994017202230279509e+03
3.023730305118377146e+03
3.053443408006418849e+03
3.083156510894400071e+03
3.112869613782316719e+03
3.142582716670502123e+03
3.172295819558852600e+03
3.202008922447324949e+03
3.231722025335936451e+03
3.261435128224706659e+03
3.291148231113655584e+03
3.320861334002780040e+03
3.350574436891653932e+03
3.380287539780562383e+03
3.410000642669500849e+03
3.439713745558461596e+03
3.469426848447438715e+03
3.499139951336426293e+03
3.528853054225745836e+03
3.558566157116150407e+03
3.588279260007088851e+03
3.617992362898623469e+03
3.647705465790814287e+03
3.677418568683723606e+03
3.707131671577411453e+03
3.736844774469990625e+03
3.766557877360639850e+03
3.796270980250516459e+03
3.825984083139471295e+03
3.855697186027356111e+03
3.885410288914024022e+03
3.915123391799325873e+03
3.944836494685240723e+03
3.974549597575733969e+03
4.004262700465224043e+03
4.033975803354991513e+03
4.063688906245942690e+03
4.093402009139297206e+03
4.123115112029421653e+03
4.152828214918800768e+03
4.182541317807578707e+03
4.212254420696407578e+03
4.241967523584763512e+03
4.271680626472646509e+03
4.301393729360055659e+03
4.331106832246993690e+03
4.360819935134250045e+03
4.390533038021791072e+03
4.420246140909254791e+03
4.449959243796641204e+03
4.479672346683950309e+03
4.509385449571453137e+03
4.539098552461522559e+03
4.568811655352377784e+03
4.598524758244016994e+03
4.628237861136442007e+03
4.657950964029651004e+03
4.687664066923463906e+03
4.717377169817827962e+03
4.747090272712844126e+03
4.776803375608505121e+03
4.806516478504801853e+03
4.836229581401725227e+03
4.865942684299266148e+03
4.895655787197416430e+03
4.925368890096168798e+03
4.955081992994926622e+03
4.984795095892582140e+03
5.014508198790154893e+03
5.044221301687573941e+03
5.073934404584766526e+03
5.103647507481663524e+03
5.133360610378193087e+03
5.163073713274286092e+03
5.192786816169868871e+03
5.222499919064908681e+03
5.252213021960091282e+03
5.281926124854805494e+03
5.311639227749003112e+03
5.341352330642639572e+03
5.371065433535667580e+03
5.400778536428041662e+03
5.430491639319713613e+03
5.460204742210637960e+03
5.489917845100769227e+03
5.519630947990702225e+03
5.549344050880148643e+03
5.579057153768940225e+03
5.608770256657054233e+03
5.638483359544473387e+03
5.668196462431171312e+03
5.697909565317129818e+03
5.727622668202327986e+03
5.757335771086743989e+03
5.787048873970928980e+03
5.816761976855067587e+03
5.846475079738736895e+03
5.876188182621950546e+03
5.905901285504723091e+03
5.935614388387068175e+03
5.965327491268997619e+03
5.995040594150526886e+03
6.024753697031668707e+03
6.054466799912908755e+03
6.084179902795458474e+03
6.113893005678290137e+03
6.143606108561473775e+03
6.173319211445083965e+03
6.203032314329194378e+03
6.232745417213876863e+03
6.262458520099205089e+03
6.292171622985251815e+03
6.321884725872083436e+03
6.351597828757631760e+03
6.381310931643440199e+03
6.411024034529507844e+03
6.440737137415837424e+03
6.470450240302428938e+03
6.500163343189279658e+03
6.529876446076387765e+03
6.559589548963749621e+03
6.589302651851364317e+03
6.619015754739225486e+03
6.648728857627325851e+03
6.678441960515660867e+03
6.708155063404223256e+03
6.737868166293003014e+03
6.767581269180956951e+03
6.797294372068437042e+03
6.827007474955460566e+03
6.856720577841899285e+03
6.886433680727615865e+03
6.916146783612466606e+03
6.945859886496296895e+03
6.975572989378943930e+03
7.005286092275268857e+03
7.034999195169585619e+03
7.064712298062484479e+03
7.094425400958307364e+03
7.124138503855852832e+03
7.153851606754228669e+03
7.183564709648054304e+03
7.213277812540000923e+03
7.242990915431719259e+03
7.272704018326528967e+03
7.302417121221714297e+03
7.332130224117276157e+03
7.361843327013280941e+03
7.391556429910407132e+03
7.421269532808097210e+03
7.450982635706353904e+03
7.480695738605174483e+03
7.510408841504559859e+03
7.540121944404510941e+03
7.569835047305026819e+03
7.599548150203943806e+03
7.629261253101697548e+03
7.658974355999223008e+03
7.688687458896514727e+03
7.718400561793574525e+03
7.748113664690404221e+03
7.777826767586999267e+03
7.807539870483415143e+03
7.837252973379780087e+03
7.866966076275964951e+03
7.896679179171969736e+03
7.926392282067796259e+03
7.956105384963440883e+03
7.985818487858907247e+03
8.015531590754193530e+03
8.045244693650272893e+03
8.074957796546679674e+03
8.104670899443253802e+03
8.134384002340015286e+03
8.164097105236975949e+03
8.193810208134153072e+03
8.223523311031560297e+03
8.253236413929218543e+03
8.282949516827138723e+03
8.312662619725339027e+03
8.342375722623834008e+03
8.372088825522640036e+03
8.401801928421773482e+03
8.431515031319908303e+03
8.461228134217750267e+03
8.490941237115568583e+03
8.520654340013352339e+03
8.550367442911094258e+03
8.580080545808777970e+03
8.609793648706396198e+03
8.639506751603938028e+03
8.669219854501390728e+03
8.698932957398745202e+03
8.728646060295986899e+03
8.758359163193108543e+03
8.788072266090097401e+03
8.817785368985787500e+03
8.847498471880720899e+03
8.877211574775137706e+03
8.906924677669005177e+03
8.936637780562285116e+03
8.966350883454944778e+03
8.996063986346949605e+03
9.025777089238265035e+03
9.055490192128854687e+03
9.085203295018687641e+03
9.114916397907723876e+03
9.144629500795934291e+03
9.174342603683280686e+03
9.204055706571301926e+03
9.233768809459263139e+03
9.263481912346749596e+03
9.293195015233757658e+03
9.322908118120283689e+03
9.352621221006327687e+03
9.382334323891887834e+03
9.412047426776964130e+03
9.441760529661552937e+03
9.471473632545654254e+03
9.501186735429266264e+03
9.530899838312385327e+03
9.560612941195013263e+03
9.590326044079343774e+03
9.620039146964492829e+03
9.649752249849847431e+03
9.679465352735456690e+03
9.709178455621364265e+03
9.738891558507617447e+03
9.768604661394263530e+03
9.798317764281346172e+03
9.828030867168912664e+03
9.857743970057012120e+03
9.887457072945686377e+03
9.917170175834982729e+03
9.946883278724948468e+03
9.976596381620685861e+03
1.000630948452901612e+04
1.003602258743140192e+04
1.006573569034750471e+04
1.009544879325444163e+04
1.012516189614942232e+04
1.015487499903889511e+04
1.018458810192276906e+04
1.021430120481385893e+04
1.024401430770426123e+04
1.027372741059397413e+04
1.030344051348285575e+04
1.033315361636823400e+04
1.036286671925223709e+04
1.039257982213485957e+04
1.042229292501611053e+04
1.045200602789598270e+04
1.048171913077447971e+04
1.051143223365159974e+04
1.054114533653669605e+04
1.057085843943082909e+04
1.060057154232769608e+04
1.063028464522729519e+04
1.065999774812962823e+04
1.068971085103469341e+04
1.071942395394249070e+04
1.074913705685234163e+04
1.077885015975515125e+04
1.080856326265827374e+04
1.083827636556170546e+04
1.086798946846545368e+04
1.089770257136951113e+04
1.092741567427388327e+04
1.095712877717856827e+04
1.098684188008147612e+04
1.101655498298240673e+04
1.104626808588260610e+04
1.107598118878203604e+04
1.110569429168065653e+04
1.113540739457842574e+04
1.116512049747530546e+04
1.119483360037125385e+04
1.122454670326623273e+04
1.125425980616020024e+04
1.128397290905311456e+04
1.131368601194493749e+04
1.134339911483563264e+04
1.137311221772515637e+04
1.140282532061560050e+04
1.143253842350978630e+04
1.146225152640406668e+04
1.149196462929849258e+04
1.152167773219311312e+04
1.155139083508797557e+04
1.158110393798313271e+04
1.161081704087862818e+04
1.164053014377451473e+04
1.167024324667084329e+04
1.169995634956765571e+04
1.172966945246500472e+04
1.175938255536294309e+04
1.178909565826151629e+04
1.181880876116039690e+04
1.184852186405629800e+04
1.187823496695215908e+04
1.190794806984797833e+04
1.193766117274374483e+04
1.196737427563946039e+04
1.199708737853511775e+04
1.202680048143071326e+04
1.205651358432624147e+04
1.208622668722170056e+04
1.211593979011708325e+04
1.214565289301238590e+04
1.217536599590760125e+04
1.220507909880272928e+04
1.223479220169776090e+04
1.226450530459374568e+04
1.229421840749002877e+04
1.232393151038647375e+04
1.235364461328308607e+04
1.238335771617988212e+04
1.241307081907686916e+04
1.244278392197406720e+04
1.247249702487148170e+04
1.250221012776912357e+04
1.253192323066700919e+04
1.256163633356514765e+04
1.259134943646355532e+04
1.262106253936223948e+04
1.265077564226121285e+04
1.268048874516167052e+04
1.271020184806352336e+04
1.273991495096616200e+04
1.276962805386964283e+04
1.279934115677400769e+04
1.282905425967929659e+04
1.285876736258556230e+04
1.288848046549285027e+04
1.291819356840120599e+04
1.294790667131067312e+04
1.297761977422129712e+04
1.300733287713312711e+04
1.303704598004620493e+04
1.306675908294742658e+04
1.309647218583935319e+04
1.312618528874150070e+04
1.315589839164746991e+04
1.318561149455394116e+04
1.321532459746298991e+04
1.324503770036835704e+04
1.327475080327036630e+04
1.330446390617146062e+04
1.333417700907164181e+04
1.336389011197086802e+04
1.339360321486803514e+04
1.342331631776403447e+04
1.345302942065886418e+04
1.348274252355252429e+04
1.351245562644501661e+04
1.354216872933633931e+04
1.357188183222649059e+04
1.360159493511547407e+04
1.363130803800781905e+04
1.366102114090100622e+04
1.369073424379422613e+04
1.372044734668747878e+04
1.375016044958076964e+04
1.377987355247408959e+04
1.380958665536744593e+04
1.383929975826083682e+04
1.386901286115655239e+04
1.389872596405482000e+04
1.392843906695452461e+04
1.395815216985566258e+04
1.398786527275823391e+04
