4.746900000000000000e+04 4.746900000000000728e+04 4.746900000000000728e+04 4.746900000000000000e+04 4.746900000000000000e+04 4.746900000000000000e+04
4.735269941335337353e+04 4.726090770159900421e+04 4.708222576249891426e+04 4.677472148471674882e+04 4.655197779427494970e+04 4.640849494716718618e+04
4.723682213445694651e+04 4.705552446286889608e+04 4.671622327086349833e+04 4.620726933001805446e+04 4.592428096835261385e+04 4.578314175993398385e+04
4.712127646299568005e+04 4.685298420761962916e+04 4.636961300007963291e+04 4.572980976918396482e+04 4.543987074760630640e+04 4.531372539508199407e+04
4.700611468294989027e+04 4.665325075560116238e+04 4.604076142293350131e+04 4.531644075041860197e+04 4.503655589050351409e+04 4.492189016785510466e+04
4.689132684101194172e+04 4.645620542089304945e+04 4.572799636334278330e+04 4.495040279893339903e+04 4.468404384621155623e+04 4.457925007520538929e+04
4.677692952025959676e+04 4.626191122067760443e+04 4.542985020111604535e+04 4.462024759364156489e+04 4.436725119168261881e+04 4.427074582336374442e+04
4.666292554735072190e+04 4.607023449373362382e+04 4.514532365512238175e+04 4.431770919155402225e+04 4.407737744192891842e+04 4.398745042367185670e+04
4.654931078978053119e+04 4.588108449218377064e+04 4.487312277784527396e+04 4.403699989267956698e+04 4.380850953833886160e+04 4.372390465915629466e+04
4.643607954810117371e+04 4.569453675208899949e+04 4.461221531903517462e+04 4.377416209425988200e+04 4.355645449098332028e+04 4.347652590740815504e+04
4.632322579523049353e+04 4.551035075281012541e+04 4.436151853742630919e+04 4.352631823572975554e+04 4.331824640938061930e+04 4.324262167518661590e+04
4.621075629893349833e+04 4.532857381394807453e+04 4.412026287001429591e+04 4.329124432131338108e+04 4.309182240661056858e+04 4.302003575184129295e+04
4.609867105921021721e+04 4.514920860771386651e+04 4.388752884745702613e+04 4.306716850992293621e+04 4.287548745363322814e+04 4.280710416661625641e+04
4.598697007606062107e+04 4.497200374201970408e+04 4.366274744462702802e+04 4.285266303589332529e+04 4.266808310194029036e+04 4.260256703043666494e+04
4.587564779647959222e+04 4.479708397070167121e+04 4.344522315315539163e+04 4.264657526920351665e+04 4.246855156541566976e+04 4.240541563612361642e+04
4.576468121793774480e+04 4.462435147694955231e+04 4.323446560678632522e+04 4.244799639944839873e+04 4.227593995154056756e+04 4.221491285456583137e+04
4.565408857251363224e+04 4.445366707472768030e+04 4.302997475117455178e+04 4.225607026077262708e+04 4.208951042199372023e+04 4.203041028900345555e+04
4.554386986020727636e+04 4.428512087204532872e+04 4.283129363206410926e+04 4.207014999036934751e+04 4.190863736451190925e+04 4.185132329745020252e+04
4.543402508101865533e+04 4.411854547113021545e+04 4.263807102529759868e+04 4.188964747301650641e+04 4.173281261158939014e+04 4.167722587762355397e+04
4.532455423494775459e+04 4.395392489098952501e+04 4.244988737844482966e+04 4.171410244942792633e+04 4.156155997285165358e+04 4.150763487812680978e+04
4.521542118877226312e+04 4.379130473040559446e+04 4.226646244290025788e+04 4.154309857182812993e+04 4.139458434577821754e+04 4.134220251543073391e+04
4.510664993798328214e+04 4.363045251027471386e+04 4.208745374028594233e+04 4.137628503767256916e+04 4.123150281935077510e+04 4.118058940355782397e+04
4.499824082905569958e+04 4.347147576053149533e+04 4.191261495900798764e+04 4.121329773850127822e+04 4.107207576894531667e+04 4.102251571746561967e+04
4.489019386198947905e+04 4.331432196440485131e+04 4.174168398116470780e+04 4.105395914205702866e+04 4.091608548792237707e+04 4.086774066354219394e+04
4.478250903678465693e+04 4.315884474282665906e+04 4.157445199364091968e+04 4.089795671775826486e+04 4.076324092919769464e+04 4.071601724311681755e+04
4.467515905092853791e+04 4.300512624150908960e+04 4.141066254976818163e+04 4.074506648023132584e+04 4.061340699443916674e+04 4.056718342383377603e+04
4.456815072970335314e+04 4.285306130988789664e+04 4.125014400532880973e+04 4.059521746837033425e+04 4.046633865408833663e+04 4.042108118913554063e+04
4.446148923261230811e+04 4.270259632291932940e+04 4.109271803112763155e+04 4.044808443312109739e+04 4.032189739680056664e+04 4.027749467102883500e+04
4.435517345222615404e+04 4.255378210187394870e+04 4.093819041689863661e+04 4.030358055511907151e+04 4.017991608272587473e+04 4.013634985269929166e+04
4.424920228111552569e+04 4.240646934915788006e+04 4.078642564197960746e+04 4.016158962167872960e+04 4.004025918932736386e+04 3.999750885894727253e+04
4.414357461185117427e+04 4.226067066697804694e+04 4.063728270256364340e+04 4.002189855603705655e+04 3.990280103808049171e+04 3.986081333731735504e+04
4.403828933700374910e+04 4.211638007804386143e+04 4.049063385981139436e+04 3.988441943742133299e+04 3.976742861002784048e+04 3.972620017214950349e+04
4.393334534914400137e+04 4.197357816375335096e+04 4.034634869127655111e+04 3.974903472752568632e+04 3.963403863730008743e+04 3.959354610575640254e+04
4.382873495535938855e+04 4.183218785615432716e+04 4.020432762573297077e+04 3.961562405596493045e+04 3.950251925030185521e+04 3.946275019630116003e+04
4.372444499051205639e+04 4.169218595329446543e+04 4.006447596431440616e+04 3.948409720626109629e+04 3.937280079618449963e+04 3.933373941810191900e+04
4.362048507578263525e+04 4.155355467209292692e+04 3.992664870215454721e+04 3.935436337793622806e+04 3.924482005157497770e+04 3.920642024212327669e+04
4.351685329435604217e+04 4.141626442755670723e+04 3.979078531143353030e+04 3.922634146586162387e+04 3.911847541839203768e+04 3.908072184568626108e+04
4.341354772941720148e+04 4.128028005460710847e+04 3.965681488396335044e+04 3.909996318141952361e+04 3.899368925814576505e+04 3.895657676998964598e+04
4.331056646415104478e+04 4.114556997535029950e+04 3.952467874465911882e+04 3.897513657294563745e+04 3.887042810216686485e+04 3.883391581223328831e+04
4.320790758174245275e+04 4.101210536240991496e+04 3.939425254858598055e+04 3.885180712069141009e+04 3.874865133452924783e+04 3.871268348777960637e+04
4.310556916537634970e+04 4.087985545072056993e+04 3.926546493696157995e+04 3.872992681350871862e+04 3.862824146322601882e+04 3.859282216953737952e+04
4.300354929823767452e+04 4.074881165360299929e+04 3.913828511764251016e+04 3.860945483349610004e+04 3.850917694931693404e+04 3.847426852966182923e+04
4.290184097435235890e+04 4.061895437654177658e+04 3.901266793665225850e+04 3.849031605612758722e+04 3.839141807174934365e+04 3.835698359642240393e+04
4.280044472613331891e+04 4.049024178634939017e+04 3.888855038295809936e+04 3.837243901465684030e+04 3.827491898982255952e+04 3.824092813745100284e+04
4.269935908283439494e+04 4.036264508226603357e+04 3.876582019077423320e+04 3.825581193038783385e+04 3.815960739918446052e+04 3.812606892876625352e+04
4.259858191511209588e+04 4.023613546353188576e+04 3.864446975327483960e+04 3.814040460358873679e+04 3.804545784972412366e+04 3.801232982757236459e+04
4.249811109362295247e+04 4.011068412938709662e+04 3.852445739535022585e+04 3.802618141349849611e+04 3.793243253725257819e+04 3.789968865738146269e+04
4.239794448902347358e+04 3.998626227907185967e+04 3.840574626716494095e+04 3.791304315210516506e+04 3.782048967143826303e+04 3.778812057915503101e+04
4.229807997197020450e+04 3.986290907095883449e+04 3.828825065997726051e+04 3.780099323628355341e+04 3.770958921898318658e+04 3.767760013997723581e+04
4.219851541311962501e+04 3.974057662361106486e+04 3.817194672468822682e+04 3.769000215869834938e+04 3.759970124207025219e+04 3.756808741981465573e+04
4.209924956646865758e+04 3.961922738873973140e+04 3.805679988410309306e+04 3.758004383782290097e+04 3.749079478233086411e+04 3.745952624770045804e+04
4.200028122191016882e+04 3.949883725243584195e+04 3.794277510529867141e+04 3.747105938330360368e+04 3.738283581264437817e+04 3.735190953177731717e+04
4.190160727585814311e+04 3.937938210079042619e+04 3.782983035818520875e+04 3.736302406797021104e+04 3.727579713641724084e+04 3.724521335865233414e+04
4.180322568292032520e+04 3.926083781989448471e+04 3.771792506828129262e+04 3.725591541449746728e+04 3.716965323839636403e+04 3.713941631524385593e+04
4.170513439770445257e+04 3.914318333217698091e+04 3.760703322880931955e+04 3.714970722650810785e+04 3.706437822886217327e+04 3.703446936292165628e+04
4.160733137481827725e+04 3.902647395715000312e+04 3.749712514985076996e+04 3.704437038150778972e+04 3.695993694135302212e+04 3.693035822606879810e+04
4.150981456886952219e+04 3.891063805155952286e+04 3.738817220956651727e+04 3.693987466514683911e+04 3.685631306518274505e+04 3.682706253852902591e+04
4.141258193446593941e+04 3.879565597915800754e+04 3.728013913745303580e+04 3.683620007945620455e+04 3.675348628088000260e+04 3.672456140015223355e+04
4.131563142621527368e+04 3.868150810369799729e+04 3.717300455194995448e+04 3.673332427665971045e+04 3.665143829012187052e+04 3.662283108312675904e+04
4.121896860153949820e+04 3.856817478893193766e+04 3.706674450005591643e+04 3.663122601721920364e+04 3.655015281573384709e+04 3.652184618555368797e+04
4.112258620125657762e+04 3.845563639861235424e+04 3.696133683764738817e+04 3.652988105196925608e+04 3.644960397863065009e+04 3.642159106180457457e+04
4.102648197994193470e+04 3.834388948465624708e+04 3.685674645998561755e+04 3.642927223840623628e+04 3.634975621087273612e+04 3.632204743556219182e+04
4.093065400386194233e+04 3.823295525518800423e+04 3.675295328470368986e+04 3.632938162678341905e+04 3.625060827169375261e+04 3.622319811931368895e+04
4.083510033928298799e+04 3.812278524463884241e+04 3.664994140262204746e+04 3.623019253981323709e+04 3.615214574962224287e+04 3.612502202427849988e+04
4.073981905247143004e+04 3.801336332283791126e+04 3.654769310100215807e+04 3.613167976653234655e+04 3.605435570640665537e+04 3.602750485493939777e+04
4.064480820969364140e+04 3.790467335961433128e+04 3.644619240365870792e+04 3.603382766159438324e+04 3.595722667701535102e+04 3.593063153246797447e+04
4.055006587721600954e+04 3.779669922479722300e+04 3.634542507095965266e+04 3.593662405342541751e+04 3.586072923337823886e+04 3.583438773714710260e+04
4.045559012130489282e+04 3.768942478821569966e+04 3.624537583530975826e+04 3.584005542610436532e+04 3.576484150770930864e+04 3.573875577508661809e+04
4.036137900822667143e+04 3.758285758964398701e+04 3.614598799136486923e+04 3.574410948780309991e+04 3.566956180225746357e+04 3.564371819668051467e+04
4.026743060424771102e+04 3.747699417302084476e+04 3.604727394548827579e+04 3.564877517078642268e+04 3.557487808947307349e+04 3.554926556312818866e+04
4.017374297563440632e+04 3.737180393904376251e+04 3.594922039170359494e+04 3.555404058084620192e+04 3.548077921542241529e+04 3.545538594953464781e+04
4.008031418865310843e+04 3.726727339787247183e+04 3.585181527582400304e+04 3.545986450780004088e+04 3.538725489978762926e+04 3.536206832955441496e+04
3.998715347361588647e+04 3.716338905966672610e+04 3.575504779545232304e+04 3.536625471438970999e+04 3.529427968903495639e+04 3.526930257539155718e+04
3.989425139007702819e+04 3.706013743458625686e+04 3.565890839998092270e+04 3.527320072312877892e+04 3.520184413896601473e+04 3.517707945779969305e+04
3.980160525693713862e+04 3.695750503279078112e+04 3.556337177285855432e+04 3.518069293283026491e+04 3.510994098721517366e+04 3.508537765092900372e+04
3.970921333504161157e+04 3.685550651841878425e+04 3.546840443173759559e+04 3.508872261860667641e+04 3.501855964892682096e+04 3.499418205181937083e+04
3.961707388523583359e+04 3.675412258795111848e+04 3.537401478057376517e+04 3.499728193186996214e+04 3.492769006627947238e+04 3.490349139996006852e+04
3.952518516836519848e+04 3.665333488748637319e+04 3.528019204161099333e+04 3.490635144342061540e+04 3.483732270848590269e+04 3.481329696307772247e+04
3.943354544527511462e+04 3.655313197700481396e+04 3.518692616543184704e+04 3.481590800317426329e+04 3.474744046367015108e+04 3.472359067497721844e+04
3.934215297681094671e+04 3.645350241648671363e+04 3.509420783095751540e+04 3.472595565410205018e+04 3.465803742124319251e+04 3.463436513554169505e+04
3.925100602381810313e+04 3.635443476591233775e+04 3.500202844544779509e+04 3.463648573830114037e+04 3.456910461522490368e+04 3.454561361073252920e+04
3.916010284714199952e+04 3.625591777233281755e+04 3.491036071810057911e+04 3.454749011168631841e+04 3.448063315504978527e+04 3.445731429048967402e+04
3.906944170762797876e+04 3.615797088415396865e+04 3.481919639419334999e+04 3.445896114398993814e+04 3.439261454561266873e+04 3.436945715791819384e+04
3.897902086612147104e+04 3.606056448119347624e+04 3.472853159747434256e+04 3.437089171876205364e+04 3.430504023771137872e+04 3.428204175859037787e+04
3.888883858346786292e+04 3.596368878379704256e+04 3.463835695227385440e+04 3.428326152465280029e+04 3.421789911140166078e+04 3.419506079100335774e+04
3.879890313554405293e+04 3.586733401231038442e+04 3.454866350907762535e+04 3.419606511899719771e+04 3.413118519751219719e+04 3.410850736143602990e+04
3.870920663381113263e+04 3.577149038707921864e+04 3.445944274452698301e+04 3.410929800453063945e+04 3.404489095415369957e+04 3.402237498394900467e+04
3.861974621270132047e+04 3.567614812844929111e+04 3.437068625658974634e+04 3.402295266694812744e+04 3.395900917417123128e+04 3.393665758038464992e+04
3.853052031673159945e+04 3.558130296662265755e+04 3.428237613975064596e+04 3.393702190542859898e+04 3.387353298514414928e+04 3.385133870904754440e+04
3.844152739041898167e+04 3.548696255480515538e+04 3.419450996483190102e+04 3.385149883263499942e+04 3.378845367945563339e+04 3.376641236193846271e+04
3.835276587828049378e+04 3.539310522625016165e+04 3.410707963858835137e+04 3.376637630905578408e+04 3.370376072358402598e+04 3.368187543064110650e+04
3.826423422483312606e+04 3.529972258198163763e+04 3.402007738362012606e+04 3.368164181829142035e+04 3.361945087915788463e+04 3.359772152062595706e+04
3.817593087459390517e+04 3.520680622302355914e+04 3.393349573837262142e+04 3.359729238902519864e+04 3.353551801674508897e+04 3.351394449043027271e+04
3.808785427207982138e+04 3.511434775039993110e+04 3.384732755713656661e+04 3.351332153599538287e+04 3.345195632947894046e+04 3.343053845165808889e+04
3.800000286180790863e+04 3.502233876513470750e+04 3.376156464724993566e+04 3.342972301390999928e+04 3.336876033305811870e+04 3.334749776898019627e+04
3.791237508829515718e+04 3.493078045981311880e+04 3.367619794691704737e+04 3.334649081744682917e+04 3.328592486574675422e+04 3.326481214460123010e+04
3.782496939605857187e+04 3.483967126759409439e+04 3.359122259709365608e+04 3.326361918125339434e+04 3.320344508837439935e+04 3.318247699696713971e+04
3.773778422961517936e+04 3.474899592619162286e+04 3.350663216518456466e+04 3.318110159569449752e+04 3.312131648433599185e+04 3.310048781055740983e+04
3.765082038802096213e+04 3.465874719571594323e+04 3.342242048810463166e+04 3.309893144982878584e+04 3.303953152322910319e+04 3.301883917026159179e+04
3.756407602898559708e+04 3.456891783627741097e+04 3.333858167227874219e+04 3.301710416166401410e+04 3.295808263787365286e+04 3.293752585148985963e+04
3.747754951701789832e+04 3.447950060798628692e+04 3.325511009364189522e+04 3.293561444726603077e+04 3.287696652253362117e+04 3.285654282017301011e+04
3.739123956424229254e+04 3.439048827095289016e+04 3.317199978641179041e+04 3.285445721252194198e+04 3.279617799584018940e+04 3.277588523276246269e+04
3.730514488278322096e+04 3.430187568827187351e+04 3.308924410777275625e+04 3.277362755314004607e+04 3.271571198138954060e+04 3.269554790834609594e+04
3.721934782481595903e+04 3.421388211314061482e+04 3.300696453933379962e+04 3.269317874938039313e+04 3.263561569768427580e+04 3.261563309167564876e+04
3.713372920032909315e+04 3.412625001976198109e+04 3.292496803879956860e+04 3.261300402385968846e+04 3.255579086171692688e+04 3.253599267743807286e+04
3.704830070979199081e+04 3.403887547483698290e+04 3.284328044307250821e+04 3.253313301123017300e+04 3.247626822879441897e+04 3.245661449885194816e+04
3.696306729975665075e+04 3.395189458695662324e+04 3.276189894652816656e+04 3.245356276929980231e+04 3.239704053134132482e+04 3.237751764149250084e+04
3.687803938719147118e+04 3.386525247759510239e+04 3.268083950941367584e+04 3.237429144879587693e+04 3.231810792310164106e+04 3.229871164362475247e+04
3.679321375926307519e+04 3.377895201312475547e+04 3.260009438129248156e+04 3.229531887278904833e+04 3.223947013928961678e+04 3.222019085101519522e+04
3.670859458330380585e+04 3.369301563697347592e+04 3.251966177764076929e+04 3.221662487774272813e+04 3.216109959306681048e+04 3.214195510934207778e+04
3.662417906227154162e+04 3.360743115001426486e+04 3.243954279333289742e+04 3.213821045560424682e+04 3.208301128242709092e+04 3.206400456002027931e+04
3.653996719616626797e+04 3.352219579952720233e+04 3.235972397160822220e+04 3.206008430544209114e+04 3.200520771263473580e+04 3.198631551370642774e+04
3.645595102244059672e+04 3.343730797961265489e+04 3.228018858444451689e+04 3.198224642725627200e+04 3.192768888368975968e+04 3.190889595169194581e+04
3.637213243546559534e+04 3.335276911114719405e+04 3.220095451948693517e+04 3.190469682104676758e+04 3.185045479559214800e+04 3.183175147414587263e+04
3.628851439290343842e+04 3.326854454966440244e+04 3.212202177673546976e+04 3.182741402463257327e+04 3.177347062590625865e+04 3.175488208106823367e+04
3.620509689475411142e+04 3.318465216968821915e+04 3.204339035619010610e+04 3.175038241186446976e+04 3.169674488306562853e+04 3.167828777245902165e+04
3.612187994101764343e+04 3.310109596555139433e+04 3.196505776071481887e+04 3.167362262197558812e+04 3.162028787503228159e+04 3.160194428723641613e+04
3.603886353169399081e+04 3.301787593725393526e+04 3.188697052918429472e+04 3.159713465496593926e+04 3.154409960180619964e+04 3.152584343498839735e+04
3.595604611504678905e+04 3.293499208479586378e+04 3.180916644915263169e+04 3.152091851083552319e+04 3.146818006338738996e+04 3.145000217415501538e+04
3.587340713719853375e+04 3.285241173776771757e+04 3.173164552061983704e+04 3.144496180366368208e+04 3.139250178934676296e+04 3.137442050473625932e+04
3.579096261853097531e+04 3.277012970031183795e+04 3.165440774358591079e+04 3.136923167568634381e+04 3.131705859181103369e+04 3.129909842673213279e+04
3.570871255904412828e+04 3.268816494666257495e+04 3.157745311805085657e+04 3.129375623402502242e+04 3.124186740395254310e+04 3.122402235497310176e+04
3.562665695873798541e+04 3.260651747681994675e+04 3.150074105007068283e+04 3.121853547867971065e+04 3.116692822577127663e+04 3.114916438754498085e+04
3.554479581761253939e+04 3.252518729078394244e+04 3.142428024372091386e+04 3.114356940965040485e+04 3.109224105726724156e+04 3.107454992425590535e+04
3.546312913566780480e+04 3.244415807978648081e+04 3.134808393203061132e+04 3.106885521529999096e+04 3.101778831596758391e+04 3.100017896510584615e+04
3.538164591800741618e+04 3.236339492570742732e+04 3.127215211499976067e+04 3.099434730316589412e+04 3.094354899556287637e+04 3.092605151009481051e+04
3.530033890258187603e+04 3.228292943966859457e+04 3.119648479262839101e+04 3.092007443428094484e+04 3.086954199489610983e+04 3.085216489702782565e+04
3.521921948709975550e+04 3.220276162166997892e+04 3.112106274369471430e+04 3.084603517859083513e+04 3.079576590464369292e+04 3.077847565280459821e+04
3.513828767156103277e+04 3.212289147171156219e+04 3.104586044860417678e+04 3.077222810604132246e+04 3.072221931548202338e+04 3.070501138529880700e+04
3.505754345596573694e+04 3.204331864158401731e+04 3.097090082211140543e+04 3.069865178657813158e+04 3.064890081808752439e+04 3.063177077740806635e+04
3.497698684031385346e+04 3.196398139843382523e+04 3.089618239214217101e+04 3.062530479014700177e+04 3.057580900313660459e+04 3.055875251203000153e+04
3.489661782460536051e+04 3.188491841768628728e+04 3.082170368662227338e+04 3.055218568669365413e+04 3.050294246130565443e+04 3.048595527206218685e+04
3.481641467124215706e+04 3.180612821939398418e+04 3.074746323347749421e+04 3.047929304616382069e+04 3.043029978327110803e+04 3.041337774040224758e+04
3.473638701153409056e+04 3.172760932360949300e+04 3.067345956063362974e+04 3.040661509402635056e+04 3.035785848017993339e+04 3.034101859994779443e+04
3.465653814000750572e+04 3.164936025038540902e+04 3.059969119601646526e+04 3.033414031881391929e+04 3.028562575151818601e+04 3.026887653359643082e+04
3.457686758242224460e+04 3.157137951977430203e+04 3.052615666755178245e+04 3.026187842629280203e+04 3.021360317846285034e+04 3.019694377853928745e+04
3.449737486453817837e+04 3.149366565182876366e+04 3.045284418166447358e+04 3.018982706369090010e+04 3.014178844082092473e+04 3.012520332198338292e+04
3.441805951211516367e+04 3.141621716660136008e+04 3.037973865041726458e+04 3.011798387823614758e+04 3.007017921839941846e+04 3.005366724737765981e+04
3.433892105091305712e+04 3.133903258414469383e+04 3.030685247785468528e+04 3.004634651715644213e+04 2.999877319100536624e+04 2.998233336940270965e+04
3.425995900669170078e+04 3.126208842534853466e+04 3.023418322328737122e+04 2.997491262767973967e+04 2.992756803844576280e+04 2.991119950273912764e+04
3.418117290521098039e+04 3.118538216815306805e+04 3.016172844602598707e+04 2.990367985703392696e+04 2.985656144052762829e+04 2.984026346206750168e+04
3.410256227223071619e+04 3.110892314124108452e+04 3.008948570538119020e+04 2.983264585244693080e+04 2.978575062523275119e+04 2.976952306206843059e+04
3.402412663351079391e+04 3.103270875329439878e+04 3.001745256066365619e+04 2.976180664952041116e+04 2.971513180732568435e+04 2.969897611742247682e+04
3.394585524343707948e+04 3.095673641299482188e+04 2.994562657118402421e+04 2.969116040293729748e+04 2.964470383752821726e+04 2.962862044281026465e+04
3.386774780157247733e+04 3.088100352902415398e+04 2.987400529625297349e+04 2.962070509443030096e+04 2.957446431968601246e+04 2.955845279836335976e+04
3.378980918654482230e+04 3.080550751006422070e+04 2.980258554933300547e+04 2.955043829735352483e+04 2.950441085764465242e+04 2.948847037439626001e+04
3.371203855430021940e+04 3.073024576479682219e+04 2.973136379061739353e+04 2.948035758506106868e+04 2.943454105524979241e+04 2.941867186048859730e+04
3.363443506078471546e+04 3.065521570190377315e+04 2.966033866110051167e+04 2.941046053090705027e+04 2.936485251634704036e+04 2.934905499307165155e+04
3.355699786194438639e+04 3.058041374164061199e+04 2.958950764648869881e+04 2.934074470824555101e+04 2.929534284478203335e+04 2.927961750857666630e+04
3.347972611372531537e+04 3.050583380728254633e+04 2.951886823248828659e+04 2.927120769043069595e+04 2.922600964440038661e+04 2.921035714343492873e+04
3.340261897207357106e+04 3.043147619128270162e+04 2.944841790480562850e+04 2.920184796228862251e+04 2.915685567836898554e+04 2.914127163407768967e+04
3.332567559293522208e+04 3.035733815248286919e+04 2.937815414914706344e+04 2.913267040837071181e+04 2.908787847854607389e+04 2.907235871693619993e+04
3.324889513225635164e+04 3.028341694972484765e+04 2.930807445121893761e+04 2.906366730201879545e+04 2.901907354769309313e+04 2.900361612844174306e+04
3.317227674598303565e+04 3.020970984185043926e+04 2.923817629672759722e+04 2.899483651575848853e+04 2.895043878149712691e+04 2.893504705349088545e+04
3.309581792432625662e+04 3.013621408770144626e+04 2.916846026358611562e+04 2.892617592211537703e+04 2.888197207564529162e+04 2.886664844245975473e+04
3.301951611907400365e+04 3.006292694611966363e+04 2.909892892080047750e+04 2.885768339361509425e+04 2.881367132582467821e+04 2.879841623526605690e+04
3.294337264425020112e+04 2.998984567594688633e+04 2.902957490868953755e+04 2.878935680278324435e+04 2.874553442772237759e+04 2.873034844173852616e+04
3.286738655971032858e+04 2.991696753602490571e+04 2.896039603462046216e+04 2.872119402214542788e+04 2.867755927702550252e+04 2.866244307170596585e+04
3.279155692530988017e+04 2.984429833233899262e+04 2.889139010596042135e+04 2.865319292422725994e+04 2.860974424544670183e+04 2.859469813499714655e+04
3.271588280090429544e+04 2.977183154861516232e+04 2.882255493007655241e+04 2.858535574144042766e+04 2.854209622135635436e+04 2.852711164144083887e+04
3.264036324634905395e+04 2.969956316601952130e+04 2.875388831433603991e+04 2.851768324555346771e+04 2.847460687612050242e+04 2.845968160086581702e+04
3.256499732149962438e+04 2.962749075492647898e+04 2.868538806610601023e+04 2.845016952438631779e+04 2.840727444181637838e+04 2.839240602310086979e+04
3.248978408621147173e+04 2.955561188571043749e+04 2.861705199275363702e+04 2.838281279379808620e+04 2.834009715052127285e+04 2.832529143315362307e+04
3.241472260034007923e+04 2.948392412874580259e+04 2.854888124061927374e+04 2.831561126964789582e+04 2.827307323431240366e+04 2.825833123096486088e+04
3.233981192374090460e+04 2.941242505440699097e+04 2.848087973575843716e+04 2.824856316779488407e+04 2.820620092526707595e+04 2.819152291902494471e+04
3.226505144467815990e+04 2.934111223306840111e+04 2.841303962190217135e+04 2.818166670409814833e+04 2.813947845546252574e+04 2.812486482502541185e+04
3.219044176007908391e+04 2.926998323510444607e+04 2.834535907349692934e+04 2.811492009441682239e+04 2.807290405697599635e+04 2.805835527665780683e+04
3.211598061048288946e+04 2.919904084705789137e+04 2.827783626498918238e+04 2.804832155461002549e+04 2.800647933293910683e+04 2.799199260161365237e+04
3.204166709981763779e+04 2.912828721411068545e+04 2.821046937082538352e+04 2.798187574695100193e+04 2.794020478643811657e+04 2.792577512758450030e+04
3.196750033201144106e+04 2.905771432317578729e+04 2.814325656545198945e+04 2.791557823214971359e+04 2.787407571992302110e+04 2.785970118226189516e+04
3.189347941099240779e+04 2.898732013343574363e+04 2.807619602331546412e+04 2.784942631046742099e+04 2.780809063517751201e+04 2.779376979675351322e+04
3.181960344068859195e+04 2.891710260407313399e+04 2.800928591886227150e+04 2.778341847241632786e+04 2.774224803398521544e+04 2.772798589287588402e+04
3.174587152502811296e+04 2.884705969427049058e+04 2.794252693295350036e+04 2.771755320850863063e+04 2.767654641812981572e+04 2.766234302972560181e+04
3.167228276793907935e+04 2.877718936321037472e+04 2.787592235959219761e+04 2.765182900925654394e+04 2.761098428939496443e+04 2.759683979050857306e+04
3.159883627334955600e+04 2.870748957007534773e+04 2.780946576096746867e+04 2.758624436517225695e+04 2.754556014956433501e+04 2.753147475843072607e+04
3.152553114518765869e+04 2.863795827404796364e+04 2.774315560359385927e+04 2.752079776676798792e+04 2.748027250042158266e+04 2.746624651669798914e+04
3.145236648738147778e+04 2.856859373280233558e+04 2.767699035398593333e+04 2.745548867379375588e+04 2.741512532451263542e+04 2.740115364851628692e+04
3.137934775814746899e+04 2.849940442722046646e+04 2.761096847865824748e+04 2.739032050745300512e+04 2.735011438748449291e+04 2.733619473709153681e+04
3.130646932256382570e+04 2.843038084703035929e+04 2.754508844412535109e+04 2.732528809949408605e+04 2.728523781722317653e+04 2.727136836562967801e+04
3.123373007025891275e+04 2.836152127278221815e+04 2.747934871690180807e+04 2.726039019117771386e+04 2.722049436481318116e+04 2.720667485556756583e+04
3.116112916239984770e+04 2.829282398502620708e+04 2.741374776350215325e+04 2.719562552749839233e+04 2.715588278495882696e+04 2.714211616943533591e+04
3.108866576015372266e+04 2.822428726431254108e+04 2.734828577834858152e+04 2.713099285718447936e+04 2.709140183598425938e+04 2.707768792015469808e+04
3.101633902468762244e+04 2.815590939119139875e+04 2.728296516417869498e+04 2.706649093269809964e+04 2.702705027983346372e+04 2.701338892541810856e+04
3.094414811716865734e+04 2.808768864621296962e+04 2.721778092907261816e+04 2.700211851023520285e+04 2.696282688207026513e+04 2.694921800647519922e+04
3.087209219876393036e+04 2.801962330992743955e+04 2.715273175366204305e+04 2.693787434972556366e+04 2.689873041187833587e+04 2.688517398813271575e+04
3.080017043064054815e+04 2.795171166288501263e+04 2.708781631857869797e+04 2.687375721483274901e+04 2.683475964206115168e+04 2.682125569875457222e+04
3.072838197396558826e+04 2.788395757437993234e+04 2.702303330445427855e+04 2.680976587295415084e+04 2.677091334904205360e+04 2.675746197026181108e+04
3.065672598990616461e+04 2.781635922212009245e+04 2.695838139192048038e+04 2.674589909522097150e+04 2.670719031286420795e+04 2.669379163813262494e+04
3.058520163962936203e+04 2.774891246084184604e+04 2.689385926160901727e+04 2.668215565649820201e+04 2.664358931719058819e+04 2.663024354140237119e+04
3.051380808430229445e+04 2.768161586834677655e+04 2.682946559415158845e+04 2.661853493747480752e+04 2.658011365969702820e+04 2.656681652266351739e+04
3.044254448509206122e+04 2.761446802541083161e+04 2.676520029859305578e+04 2.655503982250720219e+04 2.651675943363219994e+04 2.650350942806570674e+04
3.037141000316574355e+04 2.754746751578433759e+04 2.670106518033382599e+04 2.649166585618852696e+04 2.645352519880091859e+04 2.644032110731569992e+04
3.030040379969046626e+04 2.748061292619199230e+04 2.663705623766975987e+04 2.642841200153879618e+04 2.639040993120955318e+04 2.637725083337840624e+04
3.022952503583330690e+04 2.741390284633280680e+04 2.657317231370026275e+04 2.636527723293058807e+04 2.632741261807944466e+04 2.631430108116728661e+04
3.015877845568562770e+04 2.734733586888022182e+04 2.650941225152473635e+04 2.630226053608911752e+04 2.626453225784688402e+04 2.625146796138550417e+04
3.008815911294537727e+04 2.728091058948198770e+04 2.644577489424258238e+04 2.623936090809209418e+04 2.620176786016317783e+04 2.618875050385321083e+04
3.001766624323410724e+04 2.721462560676026260e+04 2.638225908495321346e+04 2.617657735736986797e+04 2.613911844589459724e+04 2.612614775045395436e+04
2.994729913369759743e+04 2.714847952231152158e+04 2.631886366675602767e+04 2.611390890370533816e+04 2.607658304712237441e+04 2.606365875513469655e+04
2.987705707148160946e+04 2.708247094070664389e+04 2.625558748275043399e+04 2.605135457823399702e+04 2.601416070714274247e+04 2.600128258390584233e+04
2.980693934373191223e+04 2.701659846949086204e+04 2.619242967649156344e+04 2.598891342344389705e+04 2.595185048046688098e+04 2.593901831484120703e+04
2.973694523759425647e+04 2.695086078250464197e+04 2.612939025344637776e+04 2.592658449317567283e+04 2.588965143282100325e+04 2.587686503807805275e+04
2.966707404021443654e+04 2.688525814643430567e+04 2.606646769357696758e+04 2.586436685262255196e+04 2.582756264114622900e+04 2.581482185581703379e+04
2.959732503873818860e+04 2.681978928613141034e+04 2.600366113441085326e+04 2.580225958714351145e+04 2.576558353638785047e+04 2.575288788232223305e+04
2.952769752031130338e+04 2.675445328596259060e+04 2.594096974327810312e+04 2.574026215691868128e+04 2.570371345177690819e+04 2.569106224392119475e+04
2.945819077207953160e+04 2.668924927336701148e+04 2.587839271731135887e+04 2.567837394202233554e+04 2.564195164889035004e+04 2.562934407900482620e+04
2.938888603317916204e+04 2.662424351196460702e+04 2.581596775704528773e+04 2.561661734407668700e+04 2.558034440907420503e+04 2.556778061718100071e+04
2.931969970133560491e+04 2.655935473785331487e+04 2.575363463040760689e+04 2.555495288130703557e+04 2.551885763544349902e+04 2.550633535416692393e+04
2.925059293165257259e+04 2.649455910747251983e+04 2.569140813548411097e+04 2.549339147414320178e+04 2.545744114251927749e+04 2.544496017313748962e+04
2.918158746541202709e+04 2.642989438497490119e+04 2.562928332539648545e+04 2.543193449578035870e+04 2.539612055469851475e+04 2.538368202828661015e+04
2.911270481184902019e+04 2.636534264587739744e+04 2.556726676337928075e+04 2.537058056983415008e+04 2.533489863503254310e+04 2.532250143706220842e+04
2.904392707993182921e+04 2.630091279859879432e+04 2.550535774493631470e+04 2.530933014446708694e+04 2.527377259296684497e+04 2.526141708815207676e+04
2.897525778759652167e+04 2.623660545303815888e+04 2.544355609450542397e+04 2.524818262381460954e+04 2.521274878064566292e+04 2.520043443510477664e+04
2.890670703796792441e+04 2.617241878965834621e+04 2.538186143018593430e+04 2.518713800787671062e+04 2.515182385410807910e+04 2.513955052660003275e+04
2.883826842646326622e+04 2.610835342434064296e+04 2.532027111223911197e+04 2.512618748904234963e+04 2.509099909617669618e+04 2.507876652688494505e+04
2.876994213063444113e+04 2.604440888738161084e+04 2.525878052685911098e+04 2.506533738102937059e+04 2.503027373625699693e+04 2.501808169740268568e+04
2.870173033459749422e+04 2.598058517878125713e+04 2.519739456965496720e+04 2.500458787511140326e+04 2.496964777434898861e+04 2.495749603815325099e+04
2.863363183766095972e+04 2.591687912167811010e+04 2.513611324062668427e+04 2.494393897128843673e+04 2.490912027563678566e+04 2.489700764144156710e+04
2.856564663982485945e+04 2.585328252370086193e+04 2.507493653977428403e+04 2.488339066956047463e+04 2.484868311211480250e+04 2.483661017286856077e+04
2.849776903680632313e+04 2.578980345410856899e+04 2.501386446709772645e+04 2.482294296992750606e+04 2.478834294506403967e+04 2.477630949555466213e+04
2.843000264076209714e+04 2.572644191290124218e+04 2.495289702259704791e+04 2.476259432603493042e+04 2.472809977448448262e+04 2.471610560949988940e+04
2.836234797353318572e+04 2.566319790007887786e+04 2.489202571748264018e+04 2.470233166978786176e+04 2.466795360037613864e+04 2.465599851470420981e+04
2.829480503511957795e+04 2.560007141564147605e+04 2.483124907477475062e+04 2.464216561871984231e+04 2.460790442273901135e+04 2.459598821116766339e+04
2.822737382552128111e+04 2.553706245958904037e+04 2.477057290118737365e+04 2.458209617283085390e+04 2.454795224157308257e+04 2.453607469889022832e+04
2.816005434473827336e+04 2.547417103192155628e+04 2.470999719672051651e+04 2.452212333212092199e+04 2.448809705687837413e+04 2.447625620604270807e+04
2.809284659277059473e+04 2.541137650384004519e+04 2.464952196137416831e+04 2.446224709659002110e+04 2.442832288437158422e+04 2.441651988664460077e+04
2.802574078306068623e+04 2.534869323821891885e+04 2.458914719514834724e+04 2.440246746623816580e+04 2.436864172121532829e+04 2.435687643013434717e+04
2.795874122857585462e+04 2.528612222888754332e+04 2.452887289804304601e+04 2.434278064861420717e+04 2.430905360190962529e+04 2.429732583651199093e+04
2.789185025375771875e+04 2.522366347584590767e+04 2.446868541371908577e+04 2.428317612047414150e+04 2.424955852645448613e+04 2.423786810577749566e+04
2.782506785860627133e+04 2.516131697909401191e+04 2.440859090417739208e+04 2.422366386389616673e+04 2.419015649484989990e+04 2.417850323793086864e+04
2.775839404312152692e+04 2.509908273863186332e+04 2.434859234308610758e+04 2.416424387888028286e+04 2.413084750709587024e+04 2.411923123297211714e+04
2.769182880730347824e+04 2.503696075445945462e+04 2.428868973044521772e+04 2.410491616542650445e+04 2.407163156319240079e+04 2.406005163053883371e+04
2.762537215115212894e+04 2.497493672674437039e+04 2.422888306625474070e+04 2.404568072353481330e+04 2.401249360727761814e+04 2.400094813971340045e+04
2.755901481497542773e+04 2.491301235713104688e+04 2.416917235051467287e+04 2.398653755320521304e+04 2.395344277723028063e+04 2.394193329094383807e+04
2.749275846468422242e+04 2.485119463389098746e+04 2.410955694925356875e+04 2.392748063277662004e+04 2.389448074736783747e+04 2.388300708423014294e+04
2.742660712842333305e+04 2.478948355702419940e+04 2.405001985644648448e+04 2.386850269652863062e+04 2.383560751769028866e+04 2.382416951957232232e+04
2.736056080619278146e+04 2.472787912653068997e+04 2.399057322895439574e+04 2.380961172499825989e+04 2.377682308819763057e+04 2.376542059697037621e+04
2.729461949799255308e+04 2.466638134241043736e+04 2.393121678685601364e+04 2.375080745043354545e+04 2.371812745888986683e+04 2.370676031642429734e+04
2.722878320382264792e+04 2.460499020466345974e+04 2.387195025023005655e+04 2.369208960508253949e+04 2.365952062976699744e+04 2.364818867793409299e+04
2.716305192368307326e+04 2.454369854606587251e+04 2.381277333915523923e+04 2.363345792119330508e+04 2.360098950736215920e+04 2.358968964361256803e+04
2.709741721627069273e+04 2.448249494193890860e+04 2.375368577371028368e+04 2.357491213101387257e+04 2.354253896319578052e+04 2.353127329472298879e+04
2.703187699630391216e+04 2.442139121410452935e+04 2.369468727397390467e+04 2.351645196679229412e+04 2.348417196248763139e+04 2.347294031579044531e+04
2.696643701803079966e+04 2.436038704350720218e+04 2.363577756002481328e+04 2.345807716077663645e+04 2.342588825234989417e+04 2.341469045459892368e+04
2.690109707992450785e+04 2.429948211109144177e+04 2.357695635194173155e+04 2.339978744521492990e+04 2.336768757989474398e+04 2.335652345893240636e+04
2.683585698045821118e+04 2.423867609780173734e+04 2.351822336980336695e+04 2.334158255235523393e+04 2.330956969223434135e+04 2.329843907657488307e+04
2.677071651810503317e+04 2.417796868458260724e+04 2.345957833368845604e+04 2.328346221444559342e+04 2.325153433648089049e+04 2.324043705531033993e+04
2.670567549133815555e+04 2.411735955237852613e+04 2.340101941011092276e+04 2.322542182118289929e+04 2.319358125974655923e+04 2.318251714292276301e+04
2.664073369863071639e+04 2.405684838213399416e+04 2.334253735433005932e+04 2.316745762951597862e+04 2.313571020914352630e+04 2.312467908719614206e+04
2.657589093845587558e+04 2.399643485479351148e+04 2.328413954784347516e+04 2.310957443913159659e+04 2.307792093178396317e+04 2.306692263591445953e+04
2.651114700928678212e+04 2.393611865130158549e+04 2.322582549165172532e+04 2.305177177673706319e+04 2.302021317478006677e+04 2.300924753686170880e+04
2.644650170959659226e+04 2.387589945260271270e+04 2.316759468675538665e+04 2.299404916903969570e+04 2.296258668524400127e+04 2.295165353782186139e+04
2.638195483785846955e+04 2.381577693964137870e+04 2.310944663415501054e+04 2.293640614274683321e+04 2.290503693167962047e+04 2.289413407985252707e+04
2.631750619254554476e+04 2.375574334722796993e+04 2.305138083485116658e+04 2.287884222456576390e+04 2.284756014182483341e+04 2.283668904013167776e+04
2.625315221493202989e+04 2.369579660590132698e+04 2.299339678984442071e+04 2.282135694120381959e+04 2.279016120766240783e+04 2.277932166523594788e+04
2.618888624557413641e+04 2.363594210536335231e+04 2.293549400013532795e+04 2.276394981936832482e+04 2.273283968372798336e+04 2.272203151075030473e+04
2.612471513796478757e+04 2.357617928325007233e+04 2.287767196672446880e+04 2.270662038576657869e+04 2.267559512455719232e+04 2.266481813225965743e+04
2.606063850085235390e+04 2.351650757719749890e+04 2.281993019061238738e+04 2.264936816710591302e+04 2.261842708468568162e+04 2.260768108534895146e+04
2.599665594298520227e+04 2.345692642484165845e+04 2.276226817279966781e+04 2.259219269009363779e+04 2.256133511864909087e+04 2.255061992560311774e+04
2.593276707311169230e+04 2.339743526381854826e+04 2.270468487969565467e+04 2.253509255702104929e+04 2.250431878098307425e+04 2.249363420860710175e+04
2.586897149998017994e+04 2.333803353176419841e+04 2.264717844474171216e+04 2.247806676689210508e+04 2.244737762622326409e+04 2.243672348994581989e+04
2.580526883233905392e+04 2.327872066631461712e+04 2.258974970353625395e+04 2.242111576401291677e+04 2.239051120890530001e+04 2.237988732520422491e+04
2.574165867893665563e+04 2.321949610510581988e+04 2.253239811391218973e+04 2.236423903526246795e+04 2.233371908356483618e+04 2.232312526996724046e+04
2.567814064852135562e+04 2.316035928577382219e+04 2.247512313370246920e+04 2.230743606751972402e+04 2.227700080473750859e+04 2.226643687981980838e+04
2.561471434984152438e+04 2.310130964595464684e+04 2.241792422074000569e+04 2.225070634766363219e+04 2.222035582730047463e+04 2.220982119544306624e+04
2.555137939164553245e+04 2.304234662328430568e+04 2.236080083285773799e+04 2.219404936257315785e+04 2.216378178438068426e+04 2.215327658412111487e+04
2.548813538268172124e+04 2.298346782381950834e+04 2.230375242788859396e+04 2.213746459912725550e+04 2.210727976082752139e+04 2.209680380612258159e+04
2.542498180934256015e+04 2.292467329720835914e+04 2.224677846366551239e+04 2.208095154420489416e+04 2.205084927459427854e+04 2.204040238038253665e+04
2.536191480716912338e+04 2.286596307704265928e+04 2.218987839802141025e+04 2.202450968468502833e+04 2.199448984363422642e+04 2.198407182583605754e+04
2.529893677378510620e+04 2.280733655802985595e+04 2.213305168878922268e+04 2.196813850744662341e+04 2.193820098590065754e+04 2.192781166141821450e+04
2.523604726149706767e+04 2.274879313487741092e+04 2.207629779380187392e+04 2.191183749936864115e+04 2.188198221934685716e+04 2.187162140606409957e+04
2.517324582261155592e+04 2.269033220229276776e+04 2.201961696502285849e+04 2.185560721352260589e+04 2.182583306192610326e+04 2.181550057870876117e+04
2.511053200943508273e+04 2.263195315498337368e+04 2.196300964871088945e+04 2.179944753922851305e+04 2.176975303159168107e+04 2.175944869828729134e+04
2.504790537427420350e+04 2.257365538765670135e+04 2.190647411096853466e+04 2.174335706169522746e+04 2.171374164629688312e+04 2.170346528373474939e+04
2.498536546943543726e+04 2.251543829502018343e+04 2.185000985420442157e+04 2.168733530992427040e+04 2.165779842399498011e+04 2.164754985398623103e+04
2.492291184722534308e+04 2.245730127178128896e+04 2.179361638082723948e+04 2.163138181291711589e+04 2.160192288263926821e+04 2.159170192797680284e+04
2.486054405995044726e+04 2.239924371264745423e+04 2.173729319324562675e+04 2.157549609967528886e+04 2.154611454018302175e+04 2.153592102464153140e+04
2.479826165991728340e+04 2.234126501232613373e+04 2.168103979386824358e+04 2.151967769920027422e+04 2.149037445074606512e+04 2.148020877602662949e+04
2.473606419943239962e+04 2.228336456552480740e+04 2.162485568510374287e+04 2.146392614049358599e+04 2.143470172941977580e+04 2.142456325023827230e+04
2.467395123080231133e+04 2.222554482040084986e+04 2.156874036936078483e+04 2.140824095255672000e+04 2.137909532569299699e+04 2.136898387396565158e+04
2.461192230633357394e+04 2.216780314435392211e+04 2.151269334904801872e+04 2.135262166439116845e+04 2.132355479771218961e+04 2.131347020609522588e+04
2.454997786611784977e+04 2.211013871974379072e+04 2.145671412657411929e+04 2.129706780499844899e+04 2.126807970362382184e+04 2.125802180551350466e+04
2.448811704676035151e+04 2.205255099656801394e+04 2.140080220434773219e+04 2.124157890338005018e+04 2.121266960157432914e+04 2.120263823110695375e+04
2.442633919607028292e+04 2.199503942482412822e+04 2.134495855648299766e+04 2.118615610834865947e+04 2.115732404971019423e+04 2.114731904176207172e+04
2.436464388414953282e+04 2.193760345450966634e+04 2.128918346571457369e+04 2.113079929266593172e+04 2.110204260617785985e+04 2.109206379636533165e+04
2.430303068110002278e+04 2.188024253562215745e+04 2.123347502324441302e+04 2.107550681884425285e+04 2.104682482912379055e+04 2.103687205380322848e+04
2.424149915702364524e+04 2.182295611815914162e+04 2.117783279441142076e+04 2.102027827493210498e+04 2.099167027669444360e+04 2.098174337296223530e+04
2.418004888202232542e+04 2.176574365211815166e+04 2.112225634455445834e+04 2.096511324897798477e+04 2.093657850703627264e+04 2.092667731272884703e+04
2.411867942619795213e+04 2.170860458749672762e+04 2.106674523901240173e+04 2.091001132903037796e+04 2.088154907829574222e+04 2.087167343198954404e+04
2.405739035965244693e+04 2.165153837429239866e+04 2.101129904312414146e+04 2.085497210313777759e+04 2.082658252304063717e+04 2.081673310718015273e+04
2.399618125248770230e+04 2.159454446250270121e+04 2.095591732222855717e+04 2.079999515934866213e+04 2.077167988843489002e+04 2.076185587156607653e+04
2.393505167480563614e+04 2.153762272435648629e+04 2.090059964166450663e+04 2.074508008571152823e+04 2.071683903357524105e+04 2.070704026675893692e+04
2.387400119670815548e+04 2.148077642893470329e+04 2.084534556677089131e+04 2.069022647027486528e+04 2.066205957243864395e+04 2.065228590723881643e+04
2.381302938829715640e+04 2.142400182086071072e+04 2.079015466288657990e+04 2.063543390108715175e+04 2.060734111900207790e+04 2.059759240748577577e+04
2.375213726700930420e+04 2.136729842460365035e+04 2.073502649535044475e+04 2.058070196619689159e+04 2.055268328724248568e+04 2.054295938197990108e+04
2.369132470292638027e+04 2.131066576463266756e+04 2.067996220619092128e+04 2.052603175519938668e+04 2.049808569113683916e+04 2.048838644520125672e+04
2.363059012915232961e+04 2.125410336541692959e+04 2.062496148835790518e+04 2.047142296036202606e+04 2.044354794466210296e+04 2.043387321162992885e+04
2.356993315233963222e+04 2.119761075142556729e+04 2.057002293265395565e+04 2.041687425137452738e+04 2.038906966179523806e+04 2.037941929574598907e+04
2.350935337914074989e+04 2.114118744712773696e+04 2.051514615860292542e+04 2.036238526706008270e+04 2.033465045651320543e+04 2.032502431202950538e+04
2.344885041620817719e+04 2.108483297699258037e+04 2.046033078572869999e+04 2.030795564624188046e+04 2.028028994279296603e+04 2.027068787496055666e+04
2.338842387019437228e+04 2.102854686548924656e+04 2.040557643355512846e+04 2.025358502774311637e+04 2.022598773461148448e+04 2.021640959901922179e+04
2.332807334775181880e+04 2.097232863708688819e+04 2.035088272160608176e+04 2.019927305038698614e+04 2.017174344594572176e+04 2.016218942725289889e+04
2.326779845553299674e+04 2.091617781625465796e+04 2.029624926940543082e+04 2.014501935299666366e+04 2.011755799387571096e+04 2.010802786916947662e+04
2.320759880019034972e+04 2.086009392746168669e+04 2.024167569647703203e+04 2.009082357439536281e+04 2.006343025808542006e+04 2.005392386862168860e+04
2.314747398837639776e+04 2.080407674759135989e+04 2.018716162234474905e+04 2.003668535340626113e+04 2.000935988606756655e+04 1.999987710759826223e+04
2.308742362674357355e+04 2.074812659239341156e+04 2.013270666653246371e+04 1.998260432885255432e+04 1.995534656121516673e+04 1.994588726808793581e+04
2.302744732194437893e+04 2.069224270932956642e+04 2.007831044856401422e+04 1.992858013955743809e+04 1.990138996692125147e+04 1.989195403207944764e+04
2.296754468063127570e+04 2.063642473919569238e+04 2.002397271894402365e+04 1.987461252543637238e+04 1.984748978657882981e+04 1.983807708156153603e+04
2.290771530945674749e+04 2.058067232278766096e+04 1.996969347895243845e+04 1.982070149433058396e+04 1.979364570358092897e+04 1.978425609852292837e+04
2.284800808316861003e+04 2.052501151251570627e+04 1.991548855591751635e+04 1.976687507652114436e+04 1.973988552840942793e+04 1.973051880607967178e+04
2.278837260900525143e+04 2.046940557006694507e+04 1.986133211600813229e+04 1.971311751280413228e+04 1.968619357753315853e+04 1.967684690839178802e+04
2.272878554814249947e+04 2.041385641536203548e+04 1.980722963499217076e+04 1.965939961474065421e+04 1.963254062605986837e+04 1.962321300290496947e+04
2.266926123394118622e+04 2.035836748277245715e+04 1.975318474708417125e+04 1.960572065461086459e+04 1.957892706620506215e+04 1.956962200064874196e+04
2.260981107957595668e+04 2.030294036590628457e+04 1.969919488739701774e+04 1.955210073394285064e+04 1.952537179963102972e+04 1.951608700281823621e+04
2.255042486876971452e+04 2.024757529910404992e+04 1.964526087400431425e+04 1.949852962365455096e+04 1.947186505960046634e+04 1.946260049589834671e+04
2.249110540146861240e+04 2.019227316131772750e+04 1.959138294987433255e+04 1.944500880347853672e+04 1.941840871632462222e+04 1.940916673586330580e+04
2.243185807666665278e+04 2.013703326217893846e+04 1.953756062614388065e+04 1.939154283516291616e+04 1.936500671236466223e+04 1.935578599868772289e+04
2.237267922394019479e+04 2.008185544397752528e+04 1.948379390281294764e+04 1.933812910369132078e+04 1.931165665028181684e+04 1.930245734050214378e+04
2.231356918991086422e+04 2.002673970671348798e+04 1.943008143698915228e+04 1.928476812369417166e+04 1.925835918143554591e+04 1.924918193770265498e+04
2.225452941255554470e+04 1.997168222764877282e+04 1.937642161803257477e+04 1.923146036600017032e+04 1.920511456735018146e+04 1.919595899204834859e+04
2.219555878283658967e+04 1.991668533276384551e+04 1.932281647776297177e+04 1.917820531216116069e+04 1.915192236883174337e+04 1.914278850353922826e+04
2.213665730075398460e+04 1.986174948382283037e+04 1.926926601618035056e+04 1.912500296217713912e+04 1.909878258588022072e+04 1.908967047217529034e+04
2.207782496630773676e+04 1.980687468082574924e+04 1.921577023328471114e+04 1.907185331604810199e+04 1.904569512774419854e+04 1.903660227715269502e+04
2.201906034652925518e+04 1.975206092377258392e+04 1.916232912907604987e+04 1.901875275301874353e+04 1.899265617194306833e+04 1.898358469918933770e+04
2.196036069722431785e+04 1.969730821266334533e+04 1.910894270355438130e+04 1.896570362361626030e+04 1.893966872031165985e+04 1.893061869330686750e+04
2.190172907945488987e+04 1.964261654749801528e+04 1.905561095671968360e+04 1.891270627198651346e+04 1.888673277284998039e+04 1.887770425950527351e+04
2.184316549322098217e+04 1.958798318172648214e+04 1.900232837542363995e+04 1.885976069812950300e+04 1.883384832955802267e+04 1.882484139778455574e+04
2.178466993852257656e+04 1.953340463752812502e+04 1.894909737315394523e+04 1.880686690204523256e+04 1.878101539043577941e+04 1.877203010814473237e+04
2.172624241535969122e+04 1.947888519717574309e+04 1.889591935116502646e+04 1.875402488373370579e+04 1.872823395548327244e+04 1.871927039058578157e+04
2.166788292373231525e+04 1.942442486066932906e+04 1.884279430945687636e+04 1.870123464319492268e+04 1.867550402470048721e+04 1.866656199187515085e+04
2.160959146364045228e+04 1.937002362800888659e+04 1.878972224802949859e+04 1.864849524593395472e+04 1.862282373370140340e+04 1.861389849711590432e+04
2.155136803508409866e+04 1.931568149919441930e+04 1.873670316688289677e+04 1.859580124044248078e+04 1.857018936166178173e+04 1.856128499220094091e+04
2.149320490556724690e+04 1.926139847422591993e+04 1.868373706601705635e+04 1.854315739478000251e+04 1.851760489450882596e+04 1.850872147713026061e+04
2.143510634307681175e+04 1.920717455310339210e+04 1.863082258643280875e+04 1.849056370894651627e+04 1.846507033224252154e+04 1.845620795190386707e+04
2.137707379816913453e+04 1.915300218012501864e+04 1.857795401448073972e+04 1.843802018294201844e+04 1.841258567486287939e+04 1.840374441652175301e+04
2.131910727084421160e+04 1.909888547398507581e+04 1.852513654111275537e+04 1.838552681676650900e+04 1.836015092236990313e+04 1.835133087098393298e+04
2.126120676110205750e+04 1.904482571572510642e+04 1.847237016632885934e+04 1.833308361041999524e+04 1.830776607476357458e+04 1.829896731529039243e+04
2.120337226894266496e+04 1.899082290534509957e+04 1.841965489012903708e+04 1.828069056390246988e+04 1.825543113204390465e+04 1.824665111149283621e+04
2.114560379436603034e+04 1.893687704284505890e+04 1.836699071251329588e+04 1.822834485785274956e+04 1.820314204503391011e+04 1.819437931415603089e+04
2.108790133737214273e+04 1.888298812822499531e+04 1.831437763348164299e+04 1.817604365514015808e+04 1.815089825310408560e+04 1.814215576065588903e+04
2.103026134418487709e+04 1.882915616148489789e+04 1.826181565303407115e+04 1.812379083451617043e+04 1.809870260715357290e+04 1.808998045099240699e+04
2.097267951354372053e+04 1.877537812259392376e+04 1.820929965072353662e+04 1.807158639598076843e+04 1.804655510718237201e+04 1.803785338516558841e+04
2.091516146033865880e+04 1.872164874668568518e+04 1.815682935732630722e+04 1.801943033953396298e+04 1.799445575319047930e+04 1.798577456317543329e+04
2.085770718456968825e+04 1.866797348755682833e+04 1.810440768247044252e+04 1.796732266517575044e+04 1.794240454517790204e+04 1.793374398502194526e+04
2.080031668623679070e+04 1.861435223538074206e+04 1.805203452958357229e+04 1.791526337290613083e+04 1.789040148314463295e+04 1.788176165070511706e+04
2.074298996533998070e+04 1.856078488033081521e+04 1.799970980209332629e+04 1.786325246272510412e+04 1.783844656709067203e+04 1.782982174645081250e+04
2.068572702187926552e+04 1.850727131258045119e+04 1.794743340342733791e+04 1.781128467311050917e+04 1.778653288930390045e+04 1.777792580295676089e+04
2.062852785585463062e+04 1.845381142230302430e+04 1.789520523701322600e+04 1.775936036345064349e+04 1.773466379546308599e+04 1.772607579135913693e+04
2.057139246726607598e+04 1.840040509967194521e+04 1.784302520627863123e+04 1.770748209646050236e+04 1.768284051448328682e+04 1.767427162312848668e+04
2.051431027935656675e+04 1.834705223486059185e+04 1.779089321465116518e+04 1.765564978317974601e+04 1.763106295805070113e+04 1.762251320973530892e+04
2.045728785933337349e+04 1.829375271804235672e+04 1.773880916555847216e+04 1.760386333464803465e+04 1.757933103785156709e+04 1.757080046265013152e+04
2.040032622322279713e+04 1.824050643939064321e+04 1.768677296242817101e+04 1.755212266190503578e+04 1.752764466557210108e+04 1.751913329334347509e+04
2.034342526653234745e+04 1.818731328907883290e+04 1.763478450868790242e+04 1.750042767599040599e+04 1.747600375289850490e+04 1.746751161328586750e+04
2.028658488476954153e+04 1.813417315728031099e+04 1.758284370776528522e+04 1.744877828794380912e+04 1.742440821151701311e+04 1.741593533394781116e+04
2.022980497344190735e+04 1.808108593416847725e+04 1.753095046308794554e+04 1.739717440880490176e+04 1.737285795311383845e+04 1.736440436679984123e+04
2.017308542805692559e+04 1.802805126980070781e+04 1.747910257092814572e+04 1.734561594961335504e+04 1.732135288937519363e+04 1.731291862331247103e+04
2.011642614412213516e+04 1.797506164585716033e+04 1.742729695865219765e+04 1.729410282140882191e+04 1.726989293198730957e+04 1.726147801495622480e+04
2.005982701714503855e+04 1.792212300739899365e+04 1.737553721262091494e+04 1.724263493523096986e+04 1.721847799263638808e+04 1.721008245320161950e+04
2.000328794263315649e+04 1.786923514055763735e+04 1.732382314647436579e+04 1.719121220211945547e+04 1.716710798300866009e+04 1.715873184951917938e+04
1.994680881609399876e+04 1.781639783146449190e+04 1.727215457385263289e+04 1.713983453311394260e+04 1.711578281479033467e+04 1.710742442564788507e+04
1.989038953303507878e+04 1.776361086625099415e+04 1.722053130839578807e+04 1.708850157315340039e+04 1.706450077063370554e+04 1.705615676860540407e+04
1.983402998896390272e+04 1.771087403104855912e+04 1.716895316374390677e+04 1.703720721488039271e+04 1.701325825985564006e+04 1.700493250443115539e+04
1.977773007938799856e+04 1.765818711198859819e+04 1.711741995353705715e+04 1.698595635879493057e+04 1.696205902324249109e+04 1.695375146187023347e+04
1.972148969981486516e+04 1.760554989520254458e+04 1.706593149141531467e+04 1.693474883309438155e+04 1.691090289016149472e+04 1.690261346966775818e+04
1.966530863306357060e+04 1.755296216682180966e+04 1.701448759101876203e+04 1.688358446597611692e+04 1.685978968997989432e+04 1.685151835656881667e+04
1.960917785885296689e+04 1.750042371297781210e+04 1.696308806598746378e+04 1.683246308563752973e+04 1.680871925206494052e+04 1.680046595131851791e+04
1.955310462955037292e+04 1.744793431980198511e+04 1.691173272996149535e+04 1.678138452027598032e+04 1.675769140578385850e+04 1.674945608266196359e+04
1.949708874170794661e+04 1.739549377342573280e+04 1.686042139658093583e+04 1.673034859808885813e+04 1.670670598050389890e+04 1.669848857934425905e+04
1.944112999187785681e+04 1.734310185998047746e+04 1.680915387948585703e+04 1.667935514727352711e+04 1.665576280559230509e+04 1.664756327011050234e+04
1.938522817661226509e+04 1.729075836559764866e+04 1.675792987180042837e+04 1.662840399602736579e+04 1.660486171041631314e+04 1.659667998370580608e+04
1.932938309246335484e+04 1.723846153906045220e+04 1.670674759058292693e+04 1.657749497254775997e+04 1.655400252434317372e+04 1.654583854887525376e+04
1.927359453598326581e+04 1.718621182098201098e+04 1.665560819664399605e+04 1.652662790503207361e+04 1.650318507674011562e+04 1.649503879436396528e+04
1.921786230372418868e+04 1.713400943270029529e+04 1.660451147949958249e+04 1.647580262167769251e+04 1.645240919697439676e+04 1.644428054891704232e+04
1.916218619223826317e+04 1.708185413242695358e+04 1.655345722866563301e+04 1.642501895068198064e+04 1.640167471441324233e+04 1.639356364127957568e+04
1.910656599807767634e+04 1.702974567837368522e+04 1.650244523365809800e+04 1.637427672024232925e+04 1.635098145842390659e+04 1.634288643040028728e+04
1.905100151779458611e+04 1.697768382875215320e+04 1.645147528399291696e+04 1.632357499818994802e+04 1.630032803060697370e+04 1.629224965784463529e+04
1.899549254794116132e+04 1.692566834177403143e+04 1.640054716918604390e+04 1.627291322360951563e+04 1.624971472780505428e+04 1.624165334243466714e+04
1.894003888506955263e+04 1.687369897565099382e+04 1.634966067875342196e+04 1.622229201535512402e+04 1.619914177683664093e+04 1.619109729038693149e+04
1.888464032573194345e+04 1.682177548859472154e+04 1.629881560221100517e+04 1.617171117926075931e+04 1.614860898477164483e+04 1.614058130791800249e+04
1.882929666648049533e+04 1.676989763881688850e+04 1.624801172907473665e+04 1.612117052116042942e+04 1.609811615867999353e+04 1.609010520124443428e+04
1.877400737276292421e+04 1.671806518452915407e+04 1.619724884886056498e+04 1.607066984688812408e+04 1.604766310563160368e+04 1.603966877658278645e+04
1.871877017256852923e+04 1.666627788394321396e+04 1.614652675108443327e+04 1.602020896227783669e+04 1.599724963269639738e+04 1.598927184014963132e+04
1.866358676977597497e+04 1.661453549527072755e+04 1.609584522526229375e+04 1.596978767316356971e+04 1.594687554694429855e+04 1.593891419816152302e+04
1.860845693199922971e+04 1.656283777672337601e+04 1.604520406091009136e+04 1.591940578537930196e+04 1.589654065544522018e+04 1.588859565683502478e+04
1.855338042685228356e+04 1.651118494812598510e+04 1.599460374880895870e+04 1.586906310475904320e+04 1.584624476526909893e+04 1.583831602238669802e+04
1.849835702194910482e+04 1.645957698853444163e+04 1.594404370036109503e+04 1.581875943713679044e+04 1.579598768348583872e+04 1.578807510103309869e+04
1.844338648490366540e+04 1.640801319261566096e+04 1.589352357031177053e+04 1.576849458834652978e+04 1.574576921716537436e+04 1.573787269899080457e+04
1.838846858332994816e+04 1.635649333248090988e+04 1.584304315989716815e+04 1.571826836422225642e+04 1.569558917337761886e+04 1.568770862247636433e+04
1.833360308484192501e+04 1.630501718024146976e+04 1.579260227035346361e+04 1.566808057059796920e+04 1.564544735919249797e+04 1.563758300912606319e+04
1.827878975705357152e+04 1.625358450800860919e+04 1.574220070291683987e+04 1.561793101330766694e+04 1.559534371620863021e+04 1.558749587199557209e+04
1.822402836757885962e+04 1.620219508789360225e+04 1.569183825882347264e+04 1.556782021742794313e+04 1.554527863108585734e+04 1.553744664452530742e+04
1.816931868403177577e+04 1.615084869200772846e+04 1.564151473930954671e+04 1.551774753171853627e+04 1.549525136219198976e+04 1.548743514336451517e+04
1.811466047402628101e+04 1.609954509246225643e+04 1.559122994561123960e+04 1.546771267560116758e+04 1.544526172711600702e+04 1.543746118516243951e+04
1.806005350517636543e+04 1.604828406136845842e+04 1.554098367896473428e+04 1.541771546558916634e+04 1.539530954344687962e+04 1.538752458656833187e+04
1.800549754509599734e+04 1.599706537083761214e+04 1.549077574060619736e+04 1.536775571819585639e+04 1.534539462877359256e+04 1.533762516423143825e+04
1.795099236139914865e+04 1.594588879298099346e+04 1.544060593177182091e+04 1.531783324993457973e+04 1.529551680068512178e+04 1.528776273480100099e+04
1.789653790016185667e+04 1.589475409990987100e+04 1.539047405369778426e+04 1.526794787731865108e+04 1.524567587677044321e+04 1.523793711492626971e+04
1.784213436190523134e+04 1.584366106373551702e+04 1.534037990762026129e+04 1.521809941686141428e+04 1.519587167461853824e+04 1.518814812125649041e+04
1.778778105523145496e+04 1.579260970288874705e+04 1.529032398700290832e+04 1.516828768507619134e+04 1.514610401181838643e+04 1.513839557044091271e+04
1.773347775792127504e+04 1.574160085152154352e+04 1.524030619018307698e+04 1.511851249847630970e+04 1.509637270595895825e+04 1.508867927912877894e+04
1.767922424775542095e+04 1.569063332220638586e+04 1.519032583813880592e+04 1.506877367357510775e+04 1.504667757462924601e+04 1.503899906396934421e+04
1.762502030251464748e+04 1.563970691437922687e+04 1.514038275487306237e+04 1.501907102688591476e+04 1.499701843541821290e+04 1.498935474161184538e+04
1.757086569997968763e+04 1.558882142747601938e+04 1.509047676438880808e+04 1.496940437492204728e+04 1.494739510591484395e+04 1.493974613663966375e+04
1.751676021793128166e+04 1.553797666093271619e+04 1.504060769068900845e+04 1.491977353419684550e+04 1.489780740370811873e+04 1.489017373073893032e+04
1.746270363415017346e+04 1.548717241418526282e+04 1.499077535777662524e+04 1.487017844459412663e+04 1.484825546223443780e+04 1.484063690291506646e+04
1.740869572641709601e+04 1.543640848666962120e+04 1.494097958965463476e+04 1.482061925306420380e+04 1.479873915110512280e+04 1.479113549667953703e+04
1.735473627251280777e+04 1.538568467782174957e+04 1.489122021032599514e+04 1.477109556470255484e+04 1.474925817006583929e+04 1.474166935554379597e+04
1.730082505021803445e+04 1.533500078707758985e+04 1.484149704379367358e+04 1.472160722637752770e+04 1.469981236605845697e+04 1.469223832301932634e+04
1.724696183731351630e+04 1.528435661387310029e+04 1.479180991406063731e+04 1.467215408495746306e+04 1.465040158602483461e+04 1.464284224261758027e+04
1.719314641158000086e+04 1.523375195764423006e+04 1.474215864512984808e+04 1.462273598731072343e+04 1.460102567690684191e+04 1.459348095785003170e+04
1.713937855079822839e+04 1.518318661782693380e+04 1.469254306100427311e+04 1.457335278030565132e+04 1.455168448564634855e+04 1.454415431222814186e+04
1.708568816559230982e+04 1.513267963491903174e+04 1.464297321458607621e+04 1.452402426565702081e+04 1.450239768551983616e+04 1.449488194843603378e+04
1.703204339032775897e+04 1.508220739057674473e+04 1.459343313847559511e+04 1.447473778876714459e+04 1.445315237960768536e+04 1.444564933124701747e+04
1.697843006080377381e+04 1.503176532196766311e+04 1.454392632893418340e+04 1.442547853071387362e+04 1.440393383660100699e+04 1.439644297990531049e+04
1.692486097538501781e+04 1.498136217245845364e+04 1.449445498487984332e+04 1.437624217872382724e+04 1.435473809404775602e+04 1.434725940322664610e+04
1.687133768739617517e+04 1.493099375993221656e+04 1.444501768218121470e+04 1.432703911024085210e+04 1.430557640140076728e+04 1.429811260920815221e+04
1.681785600251831784e+04 1.488066403459118374e+04 1.439561474755249037e+04 1.427786921961242660e+04 1.425644708617442120e+04 1.424899615541698768e+04
1.676441996499126617e+04 1.483037137660060216e+04 1.434624669810457817e+04 1.422872960722826247e+04 1.420734791464759837e+04 1.419991005133677027e+04
1.671102970687289780e+04 1.478011680706669176e+04 1.429691300727956332e+04 1.417962261474176012e+04 1.415828174774297258e+04 1.415085828476094321e+04
1.665768409049469483e+04 1.472990001737666898e+04 1.424761367507746036e+04 1.413054933131374491e+04 1.410924882355454974e+04 1.410183883516234346e+04
1.660438429311697473e+04 1.467972078914351005e+04 1.419834870149824928e+04 1.408150850285636443e+04 1.406024821674732266e+04 1.405285185332506080e+04
1.655112999658876652e+04 1.462957912236720404e+04 1.414911628193500474e+04 1.403250054520910271e+04 1.401128053369267582e+04 1.400389821730840049e+04
1.649792088333276479e+04 1.457947428479206428e+04 1.409991772442571346e+04 1.398352585881392406e+04 1.396234586825975566e+04 1.395497728769422974e+04
1.644475695334899501e+04 1.452940534899643171e+04 1.405075310267199166e+04 1.393458399318052398e+04 1.391344389106182643e+04 1.390608906448255584e+04
1.639163820663743536e+04 1.447937348533820841e+04 1.400162241667384660e+04 1.388567494830890610e+04 1.386457460209890269e+04 1.385723354767338242e+04
1.633856244873828473e+04 1.442937869381738710e+04 1.395252566643127466e+04 1.383679872419906133e+04 1.381573800137096987e+04 1.380840998082101942e+04
1.628553057094279939e+04 1.437942097443397324e+04 1.390346285194426491e+04 1.378795424555621685e+04 1.376693260514528993e+04 1.375961775567652694e+04
1.623254326020756343e+04 1.432950032718796319e+04 1.385443397321282828e+04 1.373914135519177034e+04 1.371815902977686346e+04 1.371085781052461243e+04
1.617960051653255869e+04 1.427961675207936059e+04 1.380543903023697021e+04 1.369036083835882346e+04 1.366941770320784781e+04 1.366213014536527044e+04
1.612670233991779969e+04 1.422977024910816544e+04 1.375647423767819782e+04 1.364161269505738346e+04 1.362070862543824114e+04 1.361343476019849913e+04
1.607384873036326826e+04 1.417995963361861322e+04 1.370754246892414449e+04 1.359289692528744308e+04 1.357203179646804711e+04 1.356477165502429671e+04
1.602103968786898258e+04 1.413018255378325921e+04 1.365864377722369500e+04 1.354421352904900959e+04 1.352338721629726206e+04 1.351614082984266679e+04
1.596827521243493538e+04 1.408044156711028336e+04 1.360977816257683298e+04 1.349556250634207936e+04 1.347477488492588782e+04 1.346754228465361302e+04
1.591555530406112666e+04 1.403073667359967840e+04 1.356094562498357118e+04 1.344694385716665420e+04 1.342619480235393348e+04 1.341897498731299856e+04
1.586287490220697146e+04 1.398106787325144433e+04 1.351214616444389867e+04 1.339835641767642483e+04 1.337764491728298162e+04 1.337043701142316604e+04
1.581023720350189978e+04 1.393143516606557387e+04 1.346337978095782273e+04 1.334979836978336971e+04 1.332912504576674110e+04 1.332193049391855129e+04
1.575764287938061534e+04 1.388183855204207975e+04 1.341464644032233991e+04 1.330127185554858261e+04 1.328063659223673312e+04 1.327345543479915614e+04
1.570509192984312540e+04 1.383227803118095107e+04 1.336594308809287213e+04 1.325277687497207444e+04 1.323217955669295770e+04 1.322501183406497694e+04
1.565258435488944815e+04 1.378275313964601810e+04 1.331727192553937311e+04 1.320431342805383429e+04 1.318375393913541848e+04 1.317659969171601915e+04
1.560012015451954721e+04 1.373326216348086564e+04 1.326863295266183195e+04 1.315588151479386943e+04 1.313535973956410453e+04 1.312821900775227732e+04
1.554769932873345533e+04 1.368380634896766969e+04 1.322002616946025773e+04 1.310748113519217259e+04 1.308699695797902314e+04 1.307986978217375145e+04
1.549532187753114704e+04 1.363438569610643572e+04 1.317145157593464501e+04 1.305911228924875286e+04 1.303866559438017794e+04 1.303155193346335363e+04
1.544298780091264052e+04 1.358500020489715098e+04 1.312290917208500468e+04 1.301077497063760529e+04 1.299036556050236322e+04 1.298326478522475009e+04
