4.746900000000000728e+04
4.726069365603697224e+04
4.705509936361273867e+04
4.685235110309504671e+04
4.665241237516286492e+04
4.645516489739345707e+04
4.626067155350122630e+04
4.606879763683145575e+04
4.587945383955506259e+04
4.569271521329924872e+04
4.550833942428348382e+04
4.532637644876851846e+04
4.514682653854510863e+04
4.496944015224017494e+04
4.479434155663226556e+04
4.462143090575640963e+04
4.445057180433679605e+04
4.428185349145645159e+04
4.411510596306754451e+04
4.395031704705774609e+04
4.378752925117380801e+04
4.362651225422071002e+04
4.346737311005304218e+04
4.331005701914385281e+04
4.315442067091235367e+04
4.300054532695212401e+04
4.284832304341897543e+04
4.269770421596412780e+04
4.254873834355281724e+04
4.240127283143503882e+04
4.225532471993587387e+04
4.211088645792182069e+04
4.196793860256948392e+04
4.182640252991407760e+04
4.168625707499329292e+04
4.154748365767188807e+04
4.141005265222099843e+04
4.127392866048199357e+04
4.113908030235755723e+04
4.100547862166093546e+04
4.087309280858704005e+04
4.074191507812115742e+04
4.061192449632757052e+04
4.048307967848829867e+04
4.035535178156824259e+04
4.022871196253228118e+04
4.010313137834530789e+04
3.997858118597221619e+04
3.985510279998535407e+04
3.973264457819424570e+04
3.961117047848188668e+04
3.949065634935967682e+04
3.937107803933903051e+04
3.925241139693130390e+04
3.913463727217020642e+04
3.901780792102016858e+04
3.890185286461985379e+04
3.878675243375908030e+04
3.867248695922775369e+04
3.855903677181572129e+04
3.844638220231285959e+04
3.833452175480182632e+04
3.822347349934917293e+04
3.811319018785035587e+04
3.800365566112191300e+04
3.789485375998039672e+04
3.778676832524238125e+04
3.767938319772440445e+04
3.757270777043653652e+04
3.746673557345557492e+04
3.736143719543836778e+04
3.725679912088037236e+04
3.715280783427706046e+04
3.704944982012388937e+04
3.694671156291630905e+04
3.684460950502086052e+04
3.674312142047572706e+04
3.664223012417575228e+04
3.654192415334059478e+04
3.644219204518993502e+04
3.634302233694343886e+04
3.624440495089247270e+04
3.614635749222526647e+04
3.604885103030726168e+04
3.595187576528353384e+04
3.585542189729919482e+04
3.575947962649930560e+04
3.566403915302899259e+04
3.556909740337288531e+04
3.547466012546043930e+04
3.538070638371520181e+04
3.528722776122752111e+04
3.519421584108780371e+04
3.510166220638639061e+04
3.500955844021368830e+04
3.491790694668973447e+04
3.482670420304777508e+04
3.473593571378041088e+04
3.464559422306807392e+04
3.455567247509121080e+04
3.446616321403023903e+04
3.437705918406558339e+04
3.428835561423636682e+04
3.420017658548524923e+04
3.411231940312070947e+04
3.402482853390442324e+04
3.393769310225667141e+04
3.385092735550054931e+04
3.376452580570543068e+04
3.367848853019542003e+04
3.359280859582385892e+04
3.350745432039041771e+04
3.342245112384516688e+04
3.333779900618811371e+04
3.325349796741924365e+04
3.316954800753856398e+04
3.308590780543915753e+04
3.300257917880830064e+04
3.291958098929883272e+04
3.283691323691076832e+04
3.275457592164407833e+04
3.267256226563881864e+04
3.259081286915237069e+04
3.250937232096484877e+04
3.242824062107626014e+04
3.234741776948658298e+04
3.226690376619583185e+04
3.218666304732006392e+04
3.210668578718420395e+04
3.202699167750879860e+04
3.194757902928297335e+04
3.186844615349580636e+04
3.178959136113639397e+04
3.171101296319382163e+04
3.163270927065720025e+04
3.155467859451561526e+04
3.147690877308650306e+04
3.139937845534515873e+04
3.132210432103570201e+04
3.124508356852111683e+04
3.116831339616438345e+04
3.109179100232844576e+04
3.101551358537631677e+04
3.093947834367093674e+04
3.086368247557528957e+04
3.078812302939442816e+04
3.071279406723026841e+04
3.063769502814556836e+04
3.056282300911605125e+04
3.048817510711749492e+04
3.041374841912563716e+04
3.033954004211623760e+04
3.026554707306503769e+04
3.019176660894778979e+04
3.011819574674024989e+04
3.004484059107526627e+04
2.997169482583741774e+04
2.989875385040094625e+04
2.982601511436552028e+04
2.975347606733077555e+04
2.968113415889636599e+04
2.960898683866192732e+04
2.953703155622712802e+04
2.946526576119160381e+04
2.939369368981523439e+04
2.932231522143499387e+04
2.925112305295078841e+04
2.918011504766823055e+04
2.910928906889294376e+04
2.903864297993054060e+04
2.896817464408664455e+04
2.889788192466686451e+04
2.882776268497682395e+04
2.875781745382324880e+04
2.868805086359879351e+04
2.861845487930613672e+04
2.854902770015222995e+04
2.847976752534405023e+04
2.841067255408854908e+04
2.834174098559268896e+04
2.827297101906341777e+04
2.820436085370771616e+04
2.813590872167121051e+04
2.806762202831373361e+04
2.799949265389415086e+04
2.793151910600058909e+04
2.786369989600716508e+04
2.779603353907397104e+04
2.772851855414714737e+04
2.766115346395877350e+04
2.759393679502694067e+04
2.752686707765575557e+04
2.745994284593528573e+04
2.739316263774161416e+04
2.732652499473680291e+04
2.726002846236891128e+04
2.719367158987199582e+04
2.712745595783871613e+04
2.706137905427924852e+04
2.699543936854362619e+04
2.692963580118185564e+04
2.686396728066822834e+04
2.679843276340141892e+04
2.673303123370447065e+04
2.666776170382475539e+04
2.660269947230578691e+04
2.653775889500278936e+04
2.647290411328785922e+04
2.640817832963826004e+04
2.634356958809665230e+04
2.627907457608916593e+04
2.621470550652629754e+04
2.615045631171244167e+04
2.608632711524166007e+04
2.602231816576093479e+04
2.595842925990782169e+04
2.589466039768233895e+04
2.583101038352363685e+04
2.576746686740858786e+04
2.570403996960427321e+04
2.564072969011069290e+04
2.557753602892785420e+04
2.551445898605573166e+04
2.545149856149435800e+04
2.538865475524371504e+04
2.532591310834232718e+04
2.526327656010331702e+04
2.520075130910305234e+04
2.513833735534155858e+04
2.507603469881881028e+04
2.501384333953483292e+04
2.495176327748959739e+04
2.488978911137832256e+04
2.482790653340205972e+04
2.476612962359012818e+04
2.470445838194250246e+04
2.464289280845920439e+04
2.458143290314021215e+04
2.452007866598555484e+04
2.445883009699520699e+04
2.439766783676512568e+04
2.433660118214272006e+04
2.427563326883177433e+04
2.421476378284433667e+04
2.415399241019245892e+04
2.409331883688820744e+04
2.403274274894364498e+04
2.397226383237081245e+04
2.391188177318179078e+04
2.385159625738861723e+04
2.379140697100334728e+04
2.373131360003805094e+04
2.367131583050478366e+04
2.361140137838414739e+04
2.355157606829947326e+04
2.349184187184177790e+04
2.343219823590428132e+04
2.337264460738022899e+04
2.331318043316284820e+04
2.325380516014537716e+04
2.319451823522103950e+04
2.313531910528307708e+04
2.307620721722469898e+04
2.301718201793917615e+04
2.295824295431972132e+04
2.289938947325955451e+04
2.284061899176994484e+04
2.278193192699227802e+04
2.272332816852862379e+04
2.266480712161329211e+04
2.260636819148064023e+04
2.254801078336498540e+04
2.248973430250067031e+04
2.243153815412201220e+04
2.237342174346335378e+04
2.231538447575903047e+04
2.225742575624335950e+04
2.219954499015068723e+04
2.214174158271533815e+04
2.208401754468077706e+04
2.202637113135626350e+04
2.196880110534657069e+04
2.191130692685575923e+04
2.185388805608786788e+04
2.179654395324692086e+04
2.173927407853697514e+04
2.168207789216204765e+04
2.162495485432620626e+04
2.156790442523347156e+04
2.151092606508788231e+04
2.145401923409348819e+04
2.139718339245430980e+04
2.134042139527592008e+04
2.128373133538698312e+04
2.122711173364780552e+04
2.117056212394105023e+04
2.111408204014933290e+04
2.105767101615532738e+04
2.100132858584165297e+04
2.094505428309096897e+04
2.088884764178590922e+04
2.083270819580912212e+04
2.077663547904326333e+04
2.072062902537095579e+04
2.066468836867485516e+04
2.060881339088049936e+04
2.055300409201475122e+04
2.049728585618197758e+04
2.044162220343750960e+04
2.038601628535818963e+04
2.033047012687159440e+04
2.027498651320194404e+04
2.021956475406386744e+04
2.016420625817342079e+04
2.010890995163572370e+04
2.005367583445077616e+04
1.999850369057233183e+04
1.994338953891929850e+04
1.988833655058925069e+04
1.983334472558219204e+04
1.977841406389811164e+04
1.972354456553700220e+04
1.966873623049889284e+04
1.961398905878374717e+04
1.955929864251783147e+04
1.950466448004134872e+04
1.945008954395545879e+04
1.939557383426018350e+04
1.934111735095550102e+04
1.928672009404141863e+04
1.923238206351793633e+04
1.917810265556060767e+04
1.912387377992123947e+04
1.906970197816892323e+04
1.901558725030366259e+04
1.896152959632545026e+04
1.890752901623428625e+04
1.885358551003019238e+04
1.879969907771313228e+04
1.874586399163353053e+04
1.869207969959417824e+04
1.863834962190197257e+04
1.858467364856250060e+04
1.853105166958132759e+04
1.847748357496400786e+04
1.842396925471612485e+04
1.837050859884325109e+04
1.831710149735095911e+04
1.826374784024481778e+04
1.821044751753038872e+04
1.815720041921325173e+04
1.810400643529897934e+04
1.805086545579313679e+04
1.799777486434372258e+04
1.794473120817683957e+04
1.789173859875277412e+04
1.783879682162696918e+04
1.778590566235486040e+04
1.773306490649187617e+04
1.768027433959344125e+04
1.762753374721500586e+04
1.757484291491200565e+04
1.752220162823984720e+04
1.746960967275399162e+04
1.741706683400985639e+04
1.736457289756287719e+04
1.731212764896848967e+04
1.725973067845389596e+04
1.720738001433286263e+04
1.715507696334556385e+04
1.710282128293043206e+04
1.705061273052591423e+04
1.699845106357045734e+04
1.694633603950250108e+04
1.689426741576049244e+04
1.684224494978286384e+04
1.679026839900806590e+04
1.673833752087454195e+04
1.668645207282073534e+04
1.663461181228508212e+04
1.658281649670602928e+04
1.653106588352202380e+04
1.647936061173018970e+04
1.642769989515166162e+04
1.637608337655284959e+04
1.632451082723841319e+04
1.627298201851302110e+04
1.622149672168132929e+04
1.617005470804800461e+04
1.611865574891771212e+04
1.606729961559510411e+04
1.601598607938484747e+04
1.596471491159161087e+04
1.591348588352005208e+04
1.586229876647482888e+04
1.581115333176060813e+04
1.576005028408417638e+04
1.570898931211642957e+04
1.565796970382698964e+04
1.560699125727636419e+04
1.555605377052505719e+04
1.550515704163357987e+04
1.545430086866243619e+04
1.540348504967213375e+04
1.535270938272317653e+04
1.530197366587606484e+04
1.525127769719132084e+04
1.520062127472944121e+04
1.515000419655092446e+04
1.509943991322927832e+04
1.504890770571492976e+04
1.499841288913070457e+04
1.494795434523873701e+04
1.489753473795517311e+04
1.484715240003512372e+04
1.479680817356539410e+04
1.474650201507868405e+04
1.469623359580486431e+04
1.464600291574393304e+04
1.459580988575452830e+04
1.454565227331608185e+04
1.449553188120416780e+04
1.444544870941879526e+04
1.439540275795995512e+04
1.434539402682765649e+04
1.429542251602188480e+04
1.424548822554266008e+04
1.419559115538996411e+04
1.414572751470456024e+04
1.409589941001309853e+04
1.404610751865664497e+04
1.399635184063519773e+04
1.394663237594875318e+04
1.389694912459731495e+04
1.384730208658087759e+04
1.379769126189945200e+04
1.374811506477517287e+04
1.369857333790051416e+04
1.364906685544782522e+04
1.359959561741710604e+04
1.355015962380835481e+04
