4.746900000000000728e+04
4.741706500417140342e+04
4.736604041316538496e+04
4.731563651308511908e+04
4.726579021998525423e+04
4.721662339835202147e+04
4.716807491808969644e+04
4.712017354340812744e+04
4.707290696023439523e+04
4.702622801758888818e+04
4.698015674970063264e+04
4.693469714916144585e+04
4.688982610274857871e+04
4.684548110206877755e+04
4.680170582153252326e+04
4.675850026113977947e+04
4.671580059198093659e+04
4.667360079826436413e+04
4.663192575719582965e+04
4.659077205745342508e+04
4.655004554136852676e+04
4.650980086530239350e+04
4.647003802925501077e+04
4.643072240174642502e+04
4.639180715135055652e+04
4.635332163087146182e+04
4.631526114006552234e+04
4.627762097868921410e+04
4.624039644649892580e+04
4.620357687712732877e+04
4.616711308632417058e+04
4.613102678222358372e+04
4.609531002615302714e+04
4.605995487944001070e+04
4.602495340341200063e+04
4.599029765939648496e+04
4.595597599767080101e+04
4.592198169766295177e+04
4.588830708039246383e+04
4.585494393267427222e+04
4.582188404132333380e+04
4.578911919315457635e+04
4.575665896102346596e+04
4.572450023832565057e+04
4.569262389654264553e+04
4.566102249266546278e+04
4.562968858368514339e+04
4.559861472659269930e+04
4.556779347837915702e+04
4.553721739603556489e+04
4.550687903655292757e+04
4.547677095692227886e+04
4.544691839593886107e+04
4.541732221893371025e+04
4.538795313946036913e+04
4.535880537104519317e+04
4.532987312721450144e+04
4.530115062149465666e+04
4.527263206741199974e+04
4.524431167849287158e+04
4.521618366826362035e+04
4.518824225025059422e+04
4.516051042516806774e+04
4.513299125305360212e+04
4.510565861322420824e+04
4.507850821764632565e+04
4.505153577828643029e+04
4.502473700711098354e+04
4.499810761608645407e+04
4.497164331717930327e+04
4.494533982235600706e+04
4.491919284358303412e+04
4.489321826937413425e+04
4.486741913798541646e+04
4.484177610364697466e+04
4.481628595753182162e+04
4.479094549081295554e+04
4.476575149466337461e+04
4.474070076025608432e+04
4.471579007876406831e+04
4.469101624136034661e+04
4.466637603921791015e+04
4.464187950284290127e+04
4.461752900827635312e+04
4.459331090976316773e+04
4.456922272663757030e+04
4.454526197823385883e+04
4.452142618388630217e+04
4.449771286292914010e+04
4.447411953469665605e+04
4.445064371852311888e+04
4.442728293374279019e+04
4.440404363825797918e+04
4.438092767529355478e+04
4.435792512177284516e+04
4.433503400289507408e+04
4.431225234385937802e+04
4.428957816986493708e+04
4.426700950611091685e+04
4.424454437779649743e+04
4.422218081012084440e+04
4.419991682828315243e+04
4.417775097776690382e+04
4.415575506449511158e+04
4.413385737226830679e+04
4.411202386910560017e+04
4.409026223904384824e+04
4.406860280649548804e+04
4.404702628475772508e+04
4.402553267383055936e+04
4.400412783132211189e+04
4.398281057275416242e+04
4.396157972549837723e+04
4.394043228815487237e+04
4.391936423900317459e+04
4.389838012104903464e+04
4.387747993429249618e+04
4.385666367873350100e+04
4.383593135437207820e+04
4.381528296120822779e+04
4.379469944405522256e+04
4.377419459247120540e+04
4.375376847307052230e+04
4.373342108585315873e+04
4.371315243081914377e+04
4.369296250796844834e+04
4.367283883454495663e+04
4.365278201661046478e+04
4.363279828422221181e+04
4.361288763738021225e+04
4.359305007608444430e+04
4.357328560033493704e+04
4.355358943417588307e+04
4.353394990057386167e+04
4.351437807807856007e+04
4.349487396669000009e+04
4.347543756640818901e+04
4.345606887723310501e+04
4.343676789916475536e+04
4.341751368587404431e+04
4.339831829934932466e+04
4.337918341070147289e+04
4.336010879514658882e+04
4.334109422790078679e+04
4.332213948418019572e+04
4.330324433920094452e+04
4.328440856817913300e+04
4.326563194633090461e+04
4.324691424887237372e+04
4.322825525101964013e+04
4.320965472798884002e+04
4.319111245499610231e+04
4.317262820725753409e+04
4.315418771134184499e+04
4.313579717813126626e+04
4.311745996069750981e+04
4.309917558053895482e+04
4.308094355915398046e+04
4.306276341804098774e+04
4.304463467869833403e+04
4.302655686262443487e+04
4.300852949131763307e+04
4.299055208627635147e+04
4.297262416899894015e+04
4.295474526098381466e+04
4.293691488372931781e+04
4.291913255873386515e+04
4.290139591577507963e+04
4.288370475105960941e+04
4.286605953882184986e+04
4.284845975843095221e+04
4.283090488925605314e+04
4.281339441066632571e+04
4.279592780203091388e+04
4.277850454271896160e+04
4.276112411209962738e+04
4.274378598954206973e+04
4.272648965441541804e+04
4.270923458608883811e+04
4.269202026393148117e+04
4.267484616731249844e+04
4.265771425910638936e+04
4.264062486251391965e+04
4.262357524800605461e+04
4.260656496650373447e+04
4.258959356892785581e+04
4.257266060619932250e+04
4.255576562923905294e+04
4.253890818896794372e+04
4.252208783630690596e+04
4.250530412217685080e+04
4.248855659749869665e+04
4.247184481319332554e+04
4.245516832018166315e+04
4.243852666938462062e+04
4.242192072446439852e+04
4.240535184225594276e+04
4.238881768159531930e+04
4.237231791458264343e+04
4.235585221331800130e+04
4.233942024990150821e+04
4.232302169643325760e+04
4.230665622501334292e+04
4.229032350774185761e+04
4.227402321671892423e+04
4.225777835559178493e+04
4.224156589219944726e+04
4.222537479265262664e+04
4.220920873741187097e+04
4.219307677179195161e+04
4.217697278397916671e+04
4.216089677397349442e+04
4.214485217014650698e+04
4.212883735028894444e+04
4.211285218159807846e+04
4.209689605230417510e+04
4.208096895965292060e+04
4.206507126065243210e+04
4.204920295530270960e+04
4.203336404360376764e+04
4.201755452555557713e+04
4.200177440115815261e+04
4.198602077390547493e+04
4.197028792083641747e+04
4.195458293628511456e+04
4.193890582025154436e+04
4.192325657273573597e+04
4.190763519373766758e+04
4.189204168325733917e+04
4.187647604129476531e+04
4.186093826784992416e+04
4.184542836292283755e+04
4.182994632651349821e+04
4.181449215862189158e+04
4.179906585924804676e+04
4.178366742839192739e+04
4.176828552956422209e+04
4.175292525237861264e+04
4.173759064541038242e+04
4.172228170865948778e+04
4.170699844212597236e+04
4.169174084580978524e+04
4.167650891971096280e+04
4.166130266382950504e+04
4.164612207816539740e+04
4.163096716271863988e+04
4.161583791748924705e+04
4.160073434247720434e+04
4.158565643768251903e+04
4.157060162804448919e+04
4.155555865780277236e+04
4.154053915459287236e+04
4.152554311841478921e+04
4.151057054926850833e+04
4.149562144715405884e+04
4.148069581207141164e+04
4.146579364402059582e+04
4.145091494300158229e+04
4.143605970901440014e+04
4.142122794205903483e+04
4.140641964213547180e+04
4.139163480924374016e+04
4.137687344338381808e+04
4.136212680864839058e+04
4.134739636356697883e+04
4.133268700325096142e+04
4.131799866231910710e+04
4.130333127539013367e+04
4.128868477708278806e+04
4.127405910201581719e+04
4.125945418480796798e+04
4.124486996007796552e+04
4.123030636244456400e+04
4.121576332652649580e+04
4.120124078694249329e+04
4.118673867831130337e+04
4.117225693525167299e+04
4.115779549238236359e+04
4.114335428432207118e+04
4.112893324568957178e+04
4.111453231110357592e+04
4.110015141518284508e+04
4.108579049254612619e+04
4.107144947781214432e+04
4.105712830559965369e+04
4.104282691052737937e+04
4.102854202536976663e+04
4.101427278186433250e+04
4.100002215616129251e+04
4.098579003735622973e+04
4.097157631454472721e+04
4.095738087682234618e+04
4.094320361328469880e+04
4.092904441302731720e+04
4.091490316514582082e+04
4.090077975873577816e+04
4.088667408289275772e+04
4.087258602671234257e+04
4.085851547929010849e+04
4.084446232972165308e+04
4.083042646710253030e+04
4.081640778052834503e+04
4.080240615909465123e+04
4.078842149189703923e+04
4.077445366803108482e+04
4.076050257659237832e+04
4.074656810667648097e+04
4.073266031605221360e+04
4.071876833753428946e+04
4.070488707619515480e+04
4.069101992065298691e+04
4.067716895748817478e+04
4.066333212038463535e+04
4.064951050864058197e+04
4.063570512197822245e+04
4.062191476383483678e+04
4.060813943421043223e+04
4.059437913310498698e+04
4.058063378254460258e+04
4.056690310606890853e+04
4.055318737516070541e+04
4.053948658981998597e+04
4.052580075004675746e+04
4.051212985584101261e+04
4.049847390720275871e+04
4.048483290413198119e+04
4.047120684662869462e+04
4.045759483236051165e+04
4.044399344210010895e+04
4.043040636776111205e+04
4.041683360934347729e+04
4.040327516684724105e+04
4.038973104027238151e+04
4.037620122961892048e+04
4.036268573488682887e+04
4.034918455607612850e+04
4.033569769318681210e+04
4.032222514621888695e+04
4.030876691517233849e+04
4.029532300004717399e+04
4.028189340084340074e+04
4.026847811756100418e+04
4.025507715019999159e+04
4.024168341735565627e+04
4.022830285256606294e+04
4.021493569694149483e+04
4.020158195048196649e+04
4.018824161318746337e+04
4.017491468505800003e+04
4.016160116609356919e+04
4.014830105629417085e+04
4.013501435565980501e+04
4.012174106419047166e+04
4.010848118188617809e+04
4.009523470874692430e+04
4.008200164477268117e+04
4.006878198996349965e+04
4.005557574431934336e+04
4.004237740050318826e+04
4.002918976151332026e+04
4.001601460428250721e+04
4.000285192881074909e+04
3.998970173509803135e+04
3.997656402314435400e+04
3.996343879294974613e+04
3.995032604451417865e+04
3.993722577783765155e+04
3.992413799292017939e+04
3.991106268976177671e+04
3.989799986836239987e+04
3.988494952872209251e+04
3.987191167084081826e+04
3.985888629471859895e+04
3.984586954601963225e+04
3.983286095288503566e+04
3.981986375971211237e+04
3.980687794386116730e+04
3.979390348269247625e+04
3.978094035356637323e+04
3.976798853384314134e+04
3.975504800088307820e+04
3.974211873204648873e+04
3.972920070469366328e+04
3.971629389618492860e+04
3.970339828388055321e+04
3.969051384514084202e+04
3.967764055732611450e+04
3.966477839779666101e+04
3.965192734391277190e+04
3.963908737303476664e+04
3.962625846252291376e+04
3.961344058973755455e+04
3.960063373203895753e+04
3.958783786678743490e+04
3.957505297134327702e+04
3.956227902306679607e+04
3.954951599931828969e+04
3.953676387745805550e+04
3.952402263484639116e+04
3.951129224884358700e+04
3.949857269680996251e+04
3.948586349320648878e+04
3.947316419691760530e+04
3.946047515096639836e+04
3.944779629086799832e+04
3.943512755213750643e+04
3.942246887029004574e+04
3.940982018084074662e+04
3.939718141930471756e+04
3.938455856349649548e+04
3.937194504897681327e+04
3.935933801742995274e+04
3.934674031334153551e+04
3.933415188972989563e+04
3.932157203815553657e+04
3.930900226449135516e+04
3.929644190279746545e+04
3.928389069954464503e+04
3.927134865473290847e+04
3.925881576836225577e+04
3.924629205306678341e+04
3.923377751282619283e+04
3.922127213616554218e+04
3.920877592308480234e+04
3.919628887358400971e+04
3.918381098766314972e+04
3.917134226532222237e+04
3.915888270656121313e+04
3.914643231138015108e+04
3.913399079557722143e+04
3.912155595040868502e+04
3.910912995659558510e+04
3.909671281413793622e+04
3.908430452303576749e+04
3.907190508328902069e+04
3.905951449489773950e+04
3.904713275786190934e+04
3.903475987218153023e+04
3.902239583785661671e+04
3.901004065488713968e+04
3.899769432327312097e+04
3.898535684301455331e+04
3.897302821411144396e+04
3.896070843656378565e+04
3.894839751037157839e+04
3.893609543553482217e+04
3.892380000741664844e+04
3.891151116903912043e+04
3.889923070298886159e+04
3.888695860926585738e+04
3.887469488787012961e+04
3.886243953880165645e+04
3.885019256206044520e+04
3.883795395764650311e+04
3.882572372555981565e+04
3.881350186580039008e+04
3.880128837836823368e+04
3.878908326326333918e+04
3.877688652048571385e+04
3.876469815003534313e+04
3.875251815191222704e+04
3.874034652611638739e+04
3.872818327264780237e+04
3.871602413339292980e+04
3.870387272654904518e+04
3.869172918979512178e+04
3.867959352313115960e+04
3.866746572655714408e+04
3.865534580007309705e+04
3.864323374367899669e+04
3.863112955737486482e+04
3.861903324116068688e+04
3.860694479503647017e+04
3.859486421900221467e+04
3.858279151305790583e+04
3.857072667720356549e+04
3.855866971143917181e+04
3.854662061576475389e+04
3.853457939018028264e+04
3.852254433379256807e+04
3.851051414642184682e+04
3.849849124132265570e+04
3.848647560654157132e+04
3.847446723012514849e+04
3.846246610011995654e+04
3.845047220457257936e+04
3.843848553152955719e+04
3.842650606903748121e+04
3.841453380514291348e+04
3.840256872789241606e+04
3.839061082533255103e+04
3.837866008550990955e+04
3.836671649647103914e+04
3.835478004626250186e+04
3.834285072293089615e+04
3.833092851452276227e+04
3.831901340908466955e+04
3.830710539466320915e+04
3.829520445930492133e+04
3.828331059105637542e+04
3.827142377796416986e+04
3.825954400807483762e+04
3.824767126943496260e+04
3.823580555009111413e+04
3.822394683808984701e+04
3.821209512147774512e+04
3.820025038830137055e+04
3.818841262660728535e+04
3.817658182444205886e+04
3.816475788371995441e+04
3.815294055978913093e+04
3.814113406882683194e+04
3.812933392992612789e+04
3.811753811891660735e+04
3.810574814273379161e+04
3.809396466040640371e+04
3.808218690643567243e+04
3.807041552367972326e+04
3.805865076762791432e+04
3.804689214200540300e+04
3.803513964681215293e+04
3.802339328204818594e+04
3.801165304771350930e+04
3.799991904538012750e+04
3.798819120531151566e+04
3.797646951664246444e+04
3.796475397937293747e+04
3.795304459350295656e+04
3.794134135903252900e+04
3.792964427596164751e+04
3.791795334429031209e+04
3.790626856401852274e+04
3.789458993514627218e+04
3.788291569713255740e+04
3.787124735333639546e+04
3.785958497295215057e+04
3.784792855597981543e+04
3.783627810241939005e+04
3.782463361227088899e+04
3.781299508553429769e+04
3.780136252220961615e+04
3.778973592229684436e+04
3.777811528579598235e+04
3.776650061270703736e+04
3.775489190303001669e+04
3.774328915676490578e+04
3.773169237391170464e+04
3.772010155447041325e+04
3.770851669844103162e+04
3.769693780582357431e+04
3.768536487661801948e+04
3.767379672493488761e+04
3.766223264528647269e+04
3.765067422697710572e+04
3.763912147000680852e+04
3.762757437437555927e+04
3.761603294008337252e+04
3.760449716713024100e+04
3.759296705551617197e+04
3.758144260524115089e+04
3.756992381630519230e+04
3.755841068870829622e+04
3.754690322245044808e+04
3.753540141753166972e+04
3.752390527395194658e+04
3.751241479171127139e+04
3.750092997080966597e+04
3.748945081124710850e+04
3.747797731302362081e+04
3.746650947613919561e+04
3.745504459267601487e+04
3.744358465859309945e+04
3.743213006446427607e+04
3.742068081028953020e+04
3.740923689606886910e+04
3.739779832180227095e+04
3.738636508748977212e+04
3.737493719313133624e+04
3.736351463872699242e+04
3.735209742427672609e+04
3.734068554978052998e+04
3.732927901523842593e+04
3.731787782065039937e+04
3.730648196601645031e+04
3.729509145133658603e+04
3.728370627661079925e+04
3.727232644183909724e+04
3.726095194702145818e+04
3.724958207921499707e+04
3.723821584861088922e+04
3.722685464595322992e+04
3.721549846079964482e+04
3.720414728270781779e+04
3.719280110123538179e+04
3.718145990594001341e+04
3.717012368637933105e+04
3.715879243211103312e+04
3.714746613269273075e+04
3.713614477768210782e+04
3.712482835663679725e+04
3.711351685911447566e+04
3.710221027467277599e+04
3.709090859286936029e+04
3.707961180326189788e+04
3.706831989540801442e+04
3.705703285886537924e+04
3.704575068319165439e+04
3.703447335794447281e+04
3.702320087268151110e+04
3.701193321696040948e+04
3.700067038033882272e+04
3.698941235237440560e+04
3.697815912262481288e+04
3.696691758816911897e+04
3.695568005665199598e+04
3.694444389765705273e+04
3.693321793513385637e+04
3.692199197261066001e+04
3.691077263934060466e+04
3.689956046263984172e+04
3.688835128066032485e+04
3.687714509340203949e+04
3.686594190086500021e+04
3.685474170304920699e+04
3.684354449995465984e+04
3.683235219855581818e+04
3.682116527216716349e+04
3.680998228116393148e+04
3.679880322554610029e+04
3.678762810531367722e+04
3.677645692046667682e+04
3.676528967100506998e+04
3.675412682255478285e+04
3.674296858382663777e+04
3.673181453313396196e+04
3.672066467047674087e+04
3.670951899585496722e+04
3.669837750926865556e+04
3.668724021071778407e+04
3.667610711115346203e+04
3.666497821631043917e+04
3.665385351358320622e+04
3.664273300297177047e+04
3.663161668447613192e+04
3.662050455809627601e+04
3.660939662383223185e+04
3.659829288168395578e+04
3.658719333165147691e+04
3.657609797373479523e+04
3.656500680793390347e+04
3.655391983424880891e+04
3.654283576468667889e+04
3.653175540930325224e+04
3.652067910775965720e+04
3.650960686005587922e+04
3.649853866619194741e+04
3.648747452616784722e+04
3.647641443998357863e+04
3.646535840763912711e+04
3.645430642913451447e+04
3.644325850446973345e+04
3.643221463364478404e+04
3.642117481665966625e+04
3.641013905351438734e+04
3.639910734420892550e+04
3.638807968874329526e+04
3.637705608711749665e+04
3.636603653933154419e+04
3.635502104538540880e+04
3.634400960527910502e+04
3.633300221901263285e+04
3.632199888658599230e+04
3.631099960799918335e+04
3.630000438325220603e+04
3.628901108446254511e+04
3.627802114139051992e+04
3.626703503132842161e+04
3.625605275427625747e+04
3.624507431023404206e+04
3.623409969920176081e+04
3.622312892117942101e+04
3.621216197616701538e+04
3.620119886416452937e+04
3.619023958517199935e+04
3.617928413918940350e+04
3.616833252621674183e+04
3.615738474625401432e+04
3.614644079930124281e+04
3.613550068535839091e+04
3.612456440442547319e+04
3.611363195650250418e+04
3.610270334158946935e+04
3.609177855968636868e+04
3.608085761079320946e+04
3.606994049490997713e+04
3.605902721203670080e+04
3.604811776217335137e+04
3.603721045800235879e+04
3.602630645845831168e+04
3.601540607585593534e+04
3.600450931019525160e+04
3.599361616147625318e+04
3.598272662969894009e+04
3.597184071486331231e+04
3.596095841696937714e+04
3.595007973601713456e+04
3.593920467200657004e+04
3.592833322493769811e+04
3.591746539481051150e+04
3.590660118162501021e+04
3.589574058538119425e+04
3.588488360607906361e+04
3.587403024371863285e+04
3.586318049829987285e+04
3.585233436982281273e+04
3.584149370551269385e+04
3.583065625222807284e+04
3.581982105845089973e+04
3.580898928327644535e+04
3.579816064195166109e+04
3.578733503918269707e+04
3.577651316991468047e+04
3.576569451552466489e+04
3.575487907601265761e+04
3.574406685137865134e+04
3.573325784162264608e+04
3.572245205255076871e+04
3.571164959546498721e+04
3.570085037314390502e+04
3.569005438558750029e+04
3.567926163279578759e+04
3.566847211476876691e+04
3.565768583150642371e+04
3.564690278300877253e+04
3.563612296927579155e+04
3.562534639030752442e+04
3.561457304610392021e+04
3.560380293666501530e+04
3.559303511758560489e+04
3.558227020156742947e+04
3.557150842460482818e+04
3.556074978669781558e+04
3.554999428784639167e+04
3.553924192805053463e+04
3.552849270731026627e+04
3.551774662562557205e+04
3.550700368299648107e+04
3.549626387942295696e+04
3.548552721490502881e+04
3.547479368944266753e+04
3.546406330303589493e+04
3.545333605568471830e+04
3.544261194738910854e+04
3.543189097814908018e+04
3.542117314796464052e+04
3.541045845683578955e+04
3.539974690476251999e+04
3.538903849174482457e+04
3.537833321778271056e+04
3.536763108287618525e+04
3.535693208702524134e+04
3.534623623022987886e+04
3.533554205952926714e+04
3.532485030485960306e+04
3.531416152506550134e+04
3.530347572014696198e+04
3.529279289010398497e+04
3.528211303493655578e+04
3.527143615464468166e+04
3.526076224922837719e+04
3.525009131868762051e+04
3.523942336302242620e+04
3.522875838223279425e+04
3.521809637631872465e+04
3.520743734528021014e+04
3.519678128911724343e+04
3.518612820782983908e+04
3.517547810141800437e+04
3.516483096988170291e+04
3.515418681322098564e+04
3.514354563143581618e+04
3.513290742452621635e+04
3.512227219249216432e+04
3.511163993533366011e+04
3.510101065305073280e+04
3.509038434564335330e+04
3.507975962357189565e+04
3.506913693052003509e+04
3.505851703507215279e+04
3.504789993722822692e+04
3.503728563698826474e+04
3.502667413435225899e+04
3.501606542932022421e+04
3.500545952189213858e+04
3.499485641206803120e+04
3.498425609984788025e+04
3.497365858523169300e+04
3.496306386821946944e+04
3.495247194881121686e+04
3.494188282700690615e+04
3.493129650280656642e+04
3.492071297621020494e+04
3.491013224721778533e+04
3.489955431582934398e+04
3.488897918204485904e+04
3.487840684586433053e+04
3.486783730728777300e+04
3.485727056631518644e+04
3.484670662294654176e+04
3.483614547718187532e+04
3.482558698872187961e+04
3.481503108004576643e+04
3.480447782216199266e+04
3.479392720163126796e+04
3.478337920501433109e+04
3.477283381887190626e+04
3.476229102976471040e+04
3.475175545253783639e+04
3.474122250751271349e+04
3.473068956248760514e+04
3.472016154771222500e+04
3.470963620989323681e+04
3.469911087207424134e+04
3.468859018057880894e+04
3.467807347093900171e+04
3.466755842309540458e+04
3.465704503704802482e+04
3.464653331279684789e+04
3.463602325034191017e+04
3.462551484968316799e+04
3.461500811082062864e+04
3.460450423997790494e+04
3.459400348351619323e+04
3.458350491153332405e+04
3.457300852402928285e+04
3.456251432100409875e+04
3.455202230245774263e+04
3.454153246839022904e+04
3.453104481880156527e+04
3.452055961194825068e+04
3.451007703410470276e+04
3.449959678181605705e+04
3.448911885508229898e+04
3.447864325390343583e+04
3.446816997827947489e+04
3.445769902821043070e+04
3.444723040369627415e+04
3.443676410932600265e+04
3.442630015140186879e+04
3.441583852100717195e+04
3.440537921814191941e+04
3.439492224280609662e+04
3.438446759499971813e+04
3.437401527472276939e+04
3.436356528197526495e+04
3.435311761675719754e+04
3.434267227906855987e+04
3.433222926890936651e+04
3.432178858627961017e+04
3.431135023117928358e+04
3.430091420360840857e+04
3.429048004015049810e+04
3.428004701869067503e+04
3.426961623328184942e+04
3.425918768392402853e+04
3.424876137061721238e+04
3.423833729336140095e+04
3.422791545215658698e+04
3.421749584700277774e+04
3.420707847789996595e+04
3.419666334484815889e+04
3.418625044784735655e+04
3.417583978689754440e+04
3.416543136199874425e+04
3.415502517315093428e+04
3.414462122035414359e+04
3.413421950360834308e+04
3.412382002291355457e+04
3.411342277826974896e+04
3.410302776967695536e+04
3.409263499713517376e+04
3.408224446064438962e+04
3.407185616020459565e+04
3.406147009581580642e+04
3.405108626747802191e+04
3.404070467519124213e+04
3.403032531895546708e+04
3.401994819877068221e+04
3.400957331463690207e+04
3.399920066655414121e+04
3.398883025452235597e+04
3.397846207854158274e+04
3.396809613861181424e+04
3.395773243473305774e+04
3.394737096690529143e+04
3.393701173512852256e+04
3.392665342171258089e+04
3.391629693826759467e+04
3.390594255551722017e+04
3.389559027346149378e+04
3.388524009210037912e+04
3.387489201143389801e+04
3.386454603146205773e+04
3.385420215218483645e+04
3.384386037360224873e+04
3.383352069571428001e+04
3.382318311852095212e+04
3.381284764202225779e+04
3.380251426621817518e+04
3.379218299110873340e+04
3.378185381669391791e+04
3.377152674297372869e+04
3.376120176994816575e+04
3.375087889761724364e+04
3.374055812598094781e+04
3.373023945503927098e+04
3.371992288479223498e+04
3.370960841523982526e+04
3.369929604638204910e+04
3.368898966295427817e+04
3.367868550562590826e+04
3.366838134829752380e+04
3.365807935416948749e+04
3.364778162778107799e+04
3.363748390139268304e+04
3.362718626491008035e+04
3.361689480114883918e+04
3.360660460968197731e+04
3.359631569050948019e+04
3.358602804363136238e+04
3.357574166904762387e+04
3.356545656675824284e+04
3.355517273676324112e+04
3.354489017906261870e+04
3.353460925979161402e+04
3.352433128697524080e+04
3.351405498575123784e+04
3.350378035611961968e+04
3.349350739808040089e+04
3.348323611163355235e+04
3.347296649677908863e+04
3.346269855351702427e+04
3.345243228184731561e+04
3.344216787380407914e+04
3.343190551096285344e+04
3.342164492649763997e+04
3.341138612040839507e+04
3.340112909269514785e+04
3.339087384335788374e+04
3.338062037239663186e+04
3.337036867981134856e+04
3.336011876560207020e+04
3.334987062663992401e+04
3.333962426324325497e+04
3.332937967755347199e+04
3.331913686957058235e+04
3.330889583929458604e+04
3.329865658672549762e+04
3.328841911186328798e+04
3.327818341470798623e+04
3.326794949525958509e+04
3.325771735351807001e+04
3.324748698948344827e+04
3.323725840315573441e+04
3.322703159453489934e+04
3.321680656362097943e+04
3.320658331041393103e+04
3.319636183491380507e+04
3.318614019283617381e+04
3.317592020745097398e+04
3.316570191536517814e+04
3.315548531657880812e+04
3.314527041109182755e+04
3.313505719890427281e+04
3.312484568001612206e+04
3.311463585442738258e+04
3.310442772213805438e+04
3.309422128314813745e+04
3.308401653745763178e+04
3.307381348506653740e+04
3.306361212597484700e+04
3.305341246018257516e+04
3.304321448768970731e+04
3.303301820849625074e+04
3.302282362260221271e+04
3.301263073000757140e+04
3.300243953071234864e+04
3.299225002471654443e+04
3.298206221202012966e+04
3.297187609262315527e+04
3.296169166652557033e+04
3.295150893372739665e+04
3.294132789422863425e+04
3.293114854802929040e+04
3.292097089512935781e+04
3.291079493552882195e+04
3.290062066922770464e+04
3.289044809622599860e+04
3.288027721652369655e+04
3.287010803012081305e+04
3.285994053701734083e+04
3.284977473721327988e+04
3.283961063070862292e+04
3.282944821750337724e+04
3.281928749759754282e+04
3.280912847099112696e+04
3.279897113768411509e+04
3.278881549767650722e+04
3.277866155096830335e+04
3.276850929755953257e+04
3.275835873745016943e+04
3.274820987064020301e+04
3.273806269712965150e+04
3.272791721443597635e+04
3.271777302109731681e+04
3.270763041971678467e+04
3.269748941029439447e+04
3.268734999283012803e+04
3.267721216732400717e+04
3.266707593377601006e+04
3.265694129218615490e+04
3.264681138193515289e+04
3.263668325479599298e+04
3.262655512765682215e+04
3.261642815686524045e+04
3.260630518093759383e+04
3.259618220500993630e+04
3.258605922908227512e+04
3.257594032164676537e+04
3.256582336398298867e+04
3.255570739137152123e+04
3.254559240381234122e+04
3.253547840130545956e+04
3.252536538385089443e+04
3.251525335144862038e+04
3.250514230409865559e+04
3.249503224180098186e+04
3.248492340208045061e+04
3.247481699636799021e+04
3.246471188374896519e+04
3.245460806422337919e+04
3.244450553779122492e+04
3.243440430445252423e+04
3.242430436420724800e+04
3.241420571705541806e+04
3.240410836299703078e+04
3.239401230203207524e+04
3.238391774957620510e+04
3.237382474865173572e+04
3.236373312195831750e+04
3.235364286949595407e+04
3.234355399126465636e+04
3.233346648726442072e+04
3.232338035749522896e+04
3.231329560195711383e+04
3.230321222065003894e+04
3.229313021357403704e+04
3.228304955615897416e+04
3.227297026702446965e+04
3.226289234909960578e+04
3.225281580238437891e+04
3.224274062687877813e+04
3.223266682258282526e+04
3.222259438949649120e+04
3.221252332761979778e+04
3.220245363695273409e+04
3.219238531749530011e+04
3.218231836924750678e+04
3.217225279220934681e+04
3.216218858638082747e+04
3.215212575176193423e+04
3.214206428835267434e+04
3.213200419615305145e+04
3.212194547516305829e+04
3.211188735322969660e+04
3.210182965070413775e+04
3.209177325095533524e+04
3.208171815398329272e+04
3.207166435978801746e+04
3.206161186836949855e+04
3.205156067972775418e+04
3.204151079386276251e+04
3.203146221077453811e+04
3.202141493046308824e+04
3.201136895292838744e+04
3.200132427817044663e+04
3.199128090618928036e+04
3.198123883698487771e+04
3.197119807055723504e+04
3.196115860690634509e+04
3.195112044603222967e+04
3.194108358793488514e+04
3.193104803261428606e+04
3.192101378007046151e+04
3.191098083030339694e+04
3.190094918331309964e+04
3.189091883909956596e+04
3.188088979766278499e+04
3.187086205900277491e+04
3.186083562311952483e+04
3.185081049001304564e+04
3.184078665968332643e+04
3.183076413213036358e+04
3.182074290735417526e+04
3.181072298535474692e+04
3.180070436613207858e+04
3.179068704968617385e+04
3.178067103601703275e+04
3.177065632512465163e+04
3.176064291700903414e+04
3.175063081167018390e+04
3.174062000910809729e+04
3.173061050932277431e+04
3.172060231231421130e+04
3.171059541808241556e+04
3.170058982662738345e+04
3.169058553794911131e+04
3.168058255204760280e+04
3.167058086892285428e+04
3.166058048857487665e+04
3.165058141100364810e+04
3.164058363620919408e+04
3.163058716419150733e+04
3.162059441535907536e+04
3.161060305839281136e+04
3.160061170142656556e+04
3.159062124725234753e+04
3.158063391197710735e+04
3.157064657670186352e+04
3.156065924142662334e+04
3.155067536440880940e+04
3.154069308277523305e+04
3.153071156932415397e+04
3.152073082405556488e+04
3.151075084696945487e+04
3.150077163806583849e+04
3.149079319734471937e+04
3.148081552480606842e+04
3.147083862044992566e+04
3.146086248427626560e+04
3.145088739914930920e+04
3.144091423513547852e+04
3.143094207837440626e+04
3.142097092886611063e+04
3.141100078661058433e+04
3.140103165160781282e+04
3.139106352385781429e+04
3.138109640336057055e+04
3.137113029011610706e+04
3.136116518412440200e+04
3.135120108538546629e+04
3.134123821753872835e+04
3.133127653010552967e+04
3.132131591160911194e+04
3.131135636204947514e+04
3.130139788142662655e+04
3.129144046974053708e+04
3.128148412699125038e+04
3.127152885317873006e+04
3.126157464830300160e+04
3.125162151236403588e+04
3.124166944185505054e+04
3.123171839336865014e+04
3.122176840894620182e+04
3.121181948858770920e+04
3.120187163229316866e+04
3.119192484006258383e+04
3.118197911189596198e+04
3.117203444779328856e+04
3.116209084775457814e+04
3.115214831177981614e+04
3.114220683986901349e+04
3.113226643202216655e+04
3.112232708823927533e+04
3.111238880852034708e+04
3.110245159286537455e+04
3.109251544127435409e+04
3.108258035374728206e+04
3.107264633028417302e+04
3.106271337088501605e+04
3.105278147554982570e+04
3.104285005173046375e+04
3.103291911741470540e+04
3.102298919594681865e+04
3.101306028732679988e+04
3.100313239155465999e+04
3.099320550863038079e+04
3.098327963855398411e+04
3.097335478132545177e+04
3.096343093694479830e+04
3.095350810541201645e+04
3.094358628672709528e+04
3.093366548089006028e+04
3.092374568790088597e+04
3.091382690775959054e+04
3.090390914046615944e+04
3.089399238602060723e+04
3.088407664442293026e+04
3.087416191567311762e+04
3.086424819977117295e+04
3.085433549671711808e+04
3.084442380651091662e+04
3.083451312915260132e+04
3.082460346464215399e+04
3.081469481297957464e+04
3.080478717416486325e+04
3.079488054819803438e+04
3.078497493507906256e+04
3.077507033480798418e+04
3.076516674738475922e+04
3.075526417280941678e+04
3.074536261108193503e+04
3.073546206220233580e+04
3.072556252617060454e+04
3.071566400298674489e+04
3.070576649265075685e+04
3.069586999516264405e+04
3.068597451052241013e+04
3.067608003873004054e+04
3.066618657978552801e+04
3.065629413368891255e+04
3.064640270044015415e+04
3.063651228003927099e+04
3.062662287248625944e+04
3.061673447778111949e+04
3.060684899866655178e+04
3.059696461119055311e+04
3.058708022371455809e+04
3.057719654438213183e+04
3.056731531149163857e+04
3.055743407860113439e+04
3.054755284571064112e+04
3.053767457447653942e+04
3.052779761920616875e+04
3.051792126564837963e+04
3.050804551380319390e+04
3.049817036367057881e+04
3.048829581525056346e+04
3.047842186854312604e+04
3.046854852354828108e+04
3.045867578026602860e+04
3.044880363869636130e+04
3.043893209883927193e+04
3.042906133467713516e+04
3.041919220365798901e+04
3.040932386050497735e+04
3.039945630521811836e+04
3.038958953779739022e+04
3.037972355824281112e+04
3.036985836655437015e+04
3.035999396273207458e+04
3.035013034677592441e+04
3.034026751868591600e+04
3.033040547846204208e+04
3.032054422610431357e+04
3.031068391090220030e+04
3.030082455441732600e+04
3.029096603259140829e+04
3.028110834542446173e+04
3.027125149291646449e+04
3.026139547506742747e+04
3.025154029187735432e+04
3.024168594334624140e+04
3.023183242947408144e+04
3.022197975026088170e+04
3.021212790570664947e+04
3.020227689581137020e+04
3.019242665727298663e+04
3.018257723978916692e+04
3.017272865075810114e+04
3.016288089017977472e+04
3.015303395805419495e+04
3.014318785438134364e+04
3.013334257916123534e+04
3.012349813239387368e+04
3.011365451407925138e+04
3.010381172421736846e+04
3.009396976280823219e+04
3.008412862985183529e+04
3.007428832534818139e+04
3.006444884929726686e+04
3.005461020169908079e+04
3.004477238255364864e+04
3.003493539186095222e+04
3.002509922962100245e+04
3.001526389583379569e+04
3.000542939049932465e+04
2.999559571361760027e+04
2.998576286518861161e+04
2.997593017929047346e+04
2.996609820274780941e+04
2.995626701605247945e+04
2.994643661920447630e+04
2.993660701220381088e+04
2.992677819505048319e+04
2.991695016774447140e+04
2.990712293028580098e+04
2.989729648267445373e+04
2.988747082491044057e+04
2.987764595699375786e+04
2.986782187892440925e+04
2.985799859070239472e+04
2.984817609232770337e+04
2.983835438380034248e+04
2.982853346512031931e+04
2.981871333628763023e+04
2.980889399730226432e+04
2.979907544816422524e+04
2.978925768887353115e+04
2.977944071943016388e+04
2.976962453983411979e+04
2.975980915008541342e+04
2.974999455018403023e+04
2.974018074012998841e+04
2.973036771992326612e+04
2.972055548956388157e+04
2.971074404905183837e+04
2.970093339838711108e+04
2.969112353756971788e+04
2.968131446659965513e+04
2.967150618547693375e+04
2.966169869420152827e+04
2.965189199277346415e+04
2.964208608119272685e+04
2.963228095945932728e+04
2.962247662757325088e+04
2.961267308553451221e+04
2.960287183376370376e+04
2.959307144081795195e+04
2.958327104787221106e+04
2.957347121208782119e+04
2.956367330114320794e+04
2.955387539019858013e+04
2.954407747925396325e+04
2.953428211723575441e+04
2.952448784727199381e+04
2.951469404995047080e+04
2.950490072527118900e+04
2.949510787323414843e+04
2.948531549383934907e+04
2.947552358708679094e+04
2.946573215297647766e+04
2.945594119150840561e+04
2.944615070268257114e+04
2.943636068649897425e+04
2.942657114295762585e+04
2.941678207205851868e+04
2.940699444482690524e+04
2.939720746353795403e+04
2.938742110009211319e+04
2.937763535448941184e+04
2.936785022672983541e+04
2.935806571681337664e+04
2.934828182474004643e+04
2.933849855050985207e+04
2.932871589412277899e+04
2.931893385557883084e+04
2.930915243487800035e+04
2.929937163202030933e+04
2.928959148077127247e+04
2.927981216316397695e+04
2.927003349875633648e+04
2.926025548754832926e+04
2.925047812953997709e+04
2.924070142473127271e+04
2.923092537312219429e+04
2.922114997471277456e+04
2.921137522950299899e+04
2.920160113749286393e+04
2.919182769868236937e+04
2.918205491307152261e+04
2.917228278066031999e+04
2.916251127256131804e+04
2.915274035292369808e+04
2.914297007941546326e+04
2.913320045203658810e+04
2.912343147078708716e+04
2.911366313566696044e+04
2.910389544667620066e+04
2.909412840381481510e+04
2.908436200708280012e+04
2.907459625648015935e+04
2.906483115200688189e+04
2.905506669366298593e+04
2.904530288144845690e+04
2.903553971536329118e+04
2.902577719540750331e+04
2.901601532158108603e+04
2.900625409388403932e+04
2.899649351231635956e+04
2.898673357687806129e+04
2.897697428756912996e+04
2.896721564438956557e+04
2.895745764733937540e+04
2.894770029641855945e+04
2.893794359162711044e+04
2.892818753296502837e+04
2.891843189168323079e+04
2.890867663673467905e+04
2.889892199872258061e+04
2.888916797764695366e+04
2.887941457350776545e+04
2.886966178630504146e+04
2.885990961603876349e+04
2.885015806270895337e+04
2.884040712631559654e+04
2.883065680685869302e+04
2.882090710433825006e+04
2.881115801875426041e+04
2.880140955010672405e+04
2.879166169839565555e+04
2.878191446362103306e+04
2.877216784578287115e+04
2.876242184488115890e+04
2.875267646091590723e+04
2.874293169388711976e+04
2.873318754379478560e+04
2.872344401063890473e+04
2.871370109441947716e+04
2.870395879513651016e+04
2.869421711279000010e+04
2.868447604737995425e+04
2.867473559890635443e+04
2.866499576736921153e+04
2.865525655276852922e+04
2.864551795510429656e+04
2.863577997437652812e+04
2.862604261058520933e+04
2.861630586373035112e+04
2.860657091931373361e+04
2.859683665192814806e+04
2.858710238454256978e+04
2.857736884554440621e+04
2.856763782292518954e+04
2.855790680030597287e+04
2.854817577768675255e+04
2.853844475506753588e+04
2.852871373244831193e+04
2.851898409602449829e+04
2.850925610820242582e+04
2.849952849019136920e+04
2.848980124199134298e+04
2.848007436360233260e+04
2.847034785502436353e+04
2.846062171625741030e+04
2.845089594730147655e+04
2.844117054815658412e+04
2.843144551882270389e+04
2.842172085929985042e+04
2.841199656958801279e+04
2.840227264968720920e+04
2.839254909959743964e+04
2.838282599741507875e+04
2.837310406441953091e+04
2.836338261374202557e+04
2.835366164538256635e+04
2.834394115934115689e+04
2.833422115561780811e+04
2.832450163421249454e+04
2.831478259512522709e+04
2.830506403835600941e+04
2.829534596390484512e+04
2.828562837177171969e+04
2.827591126195664401e+04
2.826619463445962174e+04
2.825647848928064195e+04
2.824676282641971557e+04
2.823704778185661417e+04
2.822733330317978835e+04
2.821761933298199438e+04
2.820790587126325408e+04
2.819819291802356020e+04
2.818848047326293090e+04
2.817876853698134073e+04
2.816905710917880060e+04
2.815934618985531415e+04
2.814963577901088138e+04
2.813992587664549501e+04
2.813021648275915868e+04
2.812050759735187239e+04
2.811079922042363614e+04
2.810109132053646317e+04
2.809138384392712396e+04
2.808167686801708260e+04
2.807197039280633908e+04
2.806226441829487885e+04
2.805255894448273466e+04
2.804285397136987012e+04
2.803314949895629979e+04
2.802344552724203095e+04
2.801374205622705267e+04
2.800403908591136860e+04
2.799433661629498965e+04
2.798463464737788672e+04
2.797493317916008527e+04
2.796523221164158167e+04
2.795553174482237955e+04
2.794583177870246072e+04
2.793613231328183610e+04
2.792643334856051297e+04
2.791673488453847312e+04
2.790703692121574568e+04
2.789733945859230153e+04
2.788764249666815886e+04
2.787794603544330312e+04
2.786825007491774159e+04
2.785855461509147426e+04
2.784885965596450842e+04
2.783916519753683679e+04
2.782947123980845572e+04
2.781977758912182617e+04
2.781008438815585760e+04
2.780039166713810846e+04
2.779069942606857148e+04
2.778100766494723939e+04
2.777131638377410854e+04
2.776162558254920077e+04
2.775193526127249788e+04
2.774224541994400352e+04
2.773255605856372131e+04
2.772286717713165854e+04
2.771317877564780792e+04
2.770349085411214764e+04
2.769380341252471408e+04
2.768411645088549267e+04
2.767442996919446887e+04
2.766474396745166450e+04
2.765505844565707230e+04
2.764537340381069225e+04
2.763568884191250982e+04
2.762600475996254681e+04
2.761632208975710819e+04
2.760663995402089495e+04
2.759695781828468171e+04
2.758727632422626266e+04
2.757759704698867063e+04
2.756791776975108223e+04
2.755823849251349384e+04
2.754855921527589453e+04
2.753887993803831341e+04
2.752920066080071410e+04
2.751952341035037898e+04
2.750984684124771593e+04
2.750017056299506658e+04
2.749049457559242728e+04
2.748081887903981260e+04
2.747114347333719707e+04
2.746146835848461342e+04
2.745179353448203256e+04
2.744211900132946539e+04
2.743244475902691192e+04
2.742277080757437943e+04
2.741309714697184972e+04
2.740342377721934463e+04
2.739375069831684959e+04
2.738407791026437553e+04
2.737440541306189698e+04
2.736473384653489484e+04
2.735506275025396098e+04
2.734539203245130921e+04
2.733572169312692131e+04
2.732605173228082276e+04
2.731638214991299174e+04
2.730671294602344278e+04
2.729704412061216135e+04
2.728737567367915835e+04
2.727770760522443015e+04
2.726803991524798039e+04
2.725837260374980542e+04
2.724870567072991980e+04
2.723903911618829443e+04
2.722937294012494021e+04
2.721970714253987171e+04
2.721004187167339478e+04
2.720037701326679962e+04
2.719071255275156727e+04
2.718104849012769773e+04
2.717138482539518736e+04
2.716172155855404708e+04
2.715205868960427324e+04
2.714239621854585130e+04
2.713273414537880308e+04
2.712307247010311403e+04
2.711341119271878415e+04
2.710375031322582072e+04
2.709408983162421646e+04
2.708442974791397864e+04
2.707477006209510000e+04
2.706511077416760236e+04
2.705545175926770025e+04
2.704579312700599257e+04
2.703613488468494688e+04
2.702647703230456682e+04
2.701681956986483419e+04
2.700716249736576719e+04
2.699750581480737310e+04
2.698784952218962280e+04
2.697819361951254541e+04
2.696853810677611909e+04
2.695888298398036568e+04
2.694922825112527062e+04
2.693957390821083391e+04
2.692991995523705555e+04
2.692026639220393918e+04
2.691061321911149207e+04
2.690096043595969604e+04
2.689130804274856200e+04
2.688165603947809723e+04
2.687200442614828353e+04
2.686235320275913546e+04
2.685270236931064574e+04
2.684305192580282164e+04
2.683340187223564499e+04
2.682375220860914123e+04
2.681410293492329947e+04
2.680445405117811606e+04
2.679480555737359100e+04
2.678515745350972793e+04
2.677550973958653049e+04
2.676586241560399503e+04
2.675621548156211429e+04
2.674656888222153066e+04
2.673692262097810089e+04
2.672727673409845738e+04
2.671763122158256010e+04
2.670798608343043816e+04
2.669834131964206972e+04
2.668869693021746934e+04
2.667905291515662248e+04
2.666940927445955094e+04
2.665976600812623292e+04
2.665012311615668295e+04
2.664048059855089377e+04
2.663083920008533823e+04
2.662119822391798516e+04
2.661155724775061390e+04
2.660191683737619314e+04
2.659227838166129732e+04
2.658263992594641604e+04
2.657300147023151658e+04
2.656336301451661711e+04
2.655372455880173584e+04
2.654408610308684001e+04
2.653444780304757296e+04
2.652481150350814278e+04
2.651517543281224062e+04
2.650553959095984828e+04
2.649590397795098033e+04
2.648626859378562222e+04
2.647663343846378848e+04
2.646699851198546821e+04
2.645736381435067960e+04
2.644772934555938991e+04
2.643809510561164279e+04
2.642846109450739459e+04
2.641882731224667077e+04
2.640919375882947134e+04
2.639956043425578537e+04
2.638992733852562014e+04
2.638029447163897203e+04
2.637066183359584102e+04
2.636102966207312056e+04
2.635139814531111188e+04
2.634176692558574723e+04
2.633213600289704482e+04
2.632250537724499736e+04
2.631287504862961214e+04
2.630324501705087823e+04
2.629361528250879928e+04
2.628398584500337165e+04
2.627435670453461353e+04
2.626472786110248853e+04
2.625509931470704760e+04
2.624547106534824707e+04
2.623584311302610513e+04
2.622621545774062179e+04
2.621658809949179704e+04
2.620696103827962725e+04
2.619733427410411241e+04
2.618770789800937928e+04
2.617808187104923854e+04
2.616845615538272978e+04
2.615883075100985297e+04
2.614920565793060814e+04
2.613958087614499891e+04
2.612995640565301437e+04
2.612033224645465816e+04
2.611070839854993392e+04
2.610108486193883436e+04
2.609146163662137405e+04
2.608183872259753844e+04
2.607221611986733842e+04
2.606259382843076310e+04
2.605297184828782338e+04
2.604335017943851562e+04
2.603372882188283256e+04
2.602410777507936291e+04
2.601448689031015238e+04
2.600486630894777045e+04
2.599524603099220985e+04
2.598562605644347786e+04
2.597600638530158176e+04
2.596638701756651426e+04
2.595676795323828264e+04
2.594714919231686508e+04
2.593753073480228704e+04
2.592791258069453033e+04
2.591829472999361315e+04
2.590867718269951729e+04
2.589905993881226459e+04
2.588944299833182595e+04
2.587982636125821591e+04
2.587021002759144176e+04
2.586059399733149985e+04
2.585097827047838655e+04
2.584136284703209458e+04
2.583174772699263849e+04
2.582213291036001101e+04
2.581251839713420486e+04
2.580290418731523823e+04
2.579329028090310021e+04
2.578367667789779443e+04
2.577406337829930999e+04
2.576445038210766506e+04
2.575483768932284147e+04
2.574522529994485012e+04
2.573561321397368010e+04
2.572600143140934961e+04
2.571638995225184772e+04
2.570677877650117080e+04
2.569716790415732248e+04
2.568755733522030641e+04
2.567794706969011895e+04
2.566833710742606490e+04
2.565872743682732835e+04
2.564911864898572821e+04
2.563951019500778057e+04
2.562990174102982564e+04
2.562029378616550821e+04
2.561068755560192949e+04
2.560108132503835077e+04
2.559147509447477205e+04
2.558186886391118969e+04
2.557226263334761825e+04
2.556265640278402861e+04
2.555305017222045353e+04
2.554344467576267925e+04
2.553384169468355685e+04
2.552423888951256959e+04
2.551463626024968107e+04
2.550503380689490587e+04
2.549543152944824396e+04
2.548582942790969173e+04
2.547622750227925280e+04
2.546662575255693082e+04
2.545702417874271123e+04
2.544742278083660858e+04
2.543782155883861196e+04
2.542822051274873229e+04
2.541861964256695501e+04
2.540901894829330558e+04
2.539941842992775491e+04
2.538981808747032483e+04
2.538021792092099713e+04
2.537061793027978638e+04
2.536101811554668893e+04
2.535141847672169388e+04
2.534181901380481577e+04
2.533221972679605096e+04
2.532262061569539947e+04
2.531302168050285763e+04
2.530342292121842547e+04
2.529382433784209570e+04
2.528422593037390470e+04
2.527462769881380518e+04
2.526502964316181169e+04
2.525543176341794606e+04
2.524583405958218282e+04
2.523623653165453288e+04
2.522663917963499989e+04
2.521704200352357657e+04
2.520744500332025200e+04
2.519784881600007066e+04
2.518825305111014313e+04
2.517865750864086294e+04
2.516906218859224464e+04
2.515946709096427367e+04
2.514987221575698277e+04
2.514027756297032829e+04
2.513068313260434661e+04
2.512108892465900863e+04
2.511149493913433253e+04
2.510190117603031831e+04
2.509230763534695870e+04
2.508271431708425371e+04
2.507312122124220696e+04
2.506352834782082573e+04
2.505393569682008820e+04
2.504434326824002710e+04
2.503475106208060606e+04
2.502515907834185055e+04
2.501556731702374600e+04
2.500597577812630698e+04
2.499638446164951893e+04
2.498679336759339640e+04
2.497720249595793575e+04
2.496761184674310789e+04
2.495802141994896010e+04
2.494843121557546328e+04
2.493884123362262471e+04
2.492925147409043711e+04
2.491966193697891504e+04
2.491007262228805484e+04
2.490048353001783835e+04
2.489089466016829101e+04
2.488130601273939465e+04
2.487171758773116017e+04
2.486212940138667909e+04
2.485254148344472560e+04
2.484295379389676236e+04
2.483336633274277483e+04
2.482377909998275572e+04
2.481419209561672687e+04
2.480460531964468100e+04
2.479501877206660720e+04
2.478543245288251273e+04
2.477584636209239397e+04
2.476626049969626183e+04
2.475667486569410903e+04
2.474708946008593193e+04
2.473750428287174145e+04
2.472791933405151212e+04
2.471833461362528033e+04
2.470875012159302423e+04
2.469916585795474748e+04
2.468958182271045007e+04
2.467999801586012836e+04
2.467041490654625522e+04
2.466083206156173401e+04
2.465124921657722007e+04
2.464166681220551982e+04
2.463208593003033457e+04
2.462250504785514931e+04
2.461292416567996042e+04
2.460334328350477881e+04
2.459376240132958992e+04
2.458418151915439739e+04
2.457460063697921578e+04
2.456501975480402689e+04
2.455543966475011985e+04
2.454586154899843677e+04
2.453628357164772387e+04
2.452670573269797751e+04
2.451712803214920132e+04
2.450755047000138075e+04
2.449797304625454126e+04
2.448839576090865739e+04
2.447881861396373642e+04
2.446924160541979654e+04
2.445966473527681956e+04
2.445008800353480183e+04
2.444051141019375063e+04
2.443093495525368053e+04
2.442135863871456240e+04
2.441178246057641809e+04
2.440220642083924031e+04
2.439263051950302179e+04
2.438305475656777708e+04
2.437347913203350618e+04
2.436390364590019090e+04
2.435432829816784579e+04
2.434475308883647085e+04
2.433517801790606609e+04
2.432560308537661331e+04
2.431602829124813798e+04
2.430645363552062918e+04
2.429687911819409055e+04
2.428730473926851118e+04
2.427773049874389835e+04
2.426815639662026297e+04
2.425858243289758684e+04
2.424900860757587361e+04
2.423943492065513419e+04
2.422986137213535403e+04
2.422028796201655132e+04
2.421071469029870786e+04
2.420114155698183458e+04
2.419156856206592420e+04
2.418199634741851696e+04
2.417242436826849735e+04
2.416285256338558975e+04
2.415328093276979416e+04
2.414370947642110696e+04
2.413413819433953176e+04
2.412456708652507223e+04
2.411499615297771379e+04
2.410542539369747101e+04
2.409585480868433660e+04
2.408628439793831058e+04
2.407671416145940748e+04
2.406714409924760184e+04
2.405757421130291186e+04
2.404800449762532662e+04
2.403843495821486067e+04
2.402886559307150674e+04
2.401929640219525754e+04
2.400972738558611309e+04
2.400015854324409156e+04
2.399058987516917841e+04
2.398102138136136637e+04
2.397145306182067361e+04
2.396188491654709287e+04
2.395231694554061687e+04
2.394274914880125289e+04
2.393318152632900092e+04
2.392361407812385369e+04
2.391404680418582575e+04
2.390447970451490255e+04
2.389491277911109501e+04
2.388534602797438856e+04
2.387577945110479777e+04
2.386621304850232264e+04
2.385664682016695588e+04
2.384708076609869750e+04
2.383751488629755477e+04
2.382794918076351314e+04
2.381838366682239575e+04
2.380881834662899928e+04
2.379925320575254591e+04
2.378968824419304292e+04
2.378012346195047576e+04
2.377055885902486625e+04
2.376099443541620712e+04
2.375143019112448746e+04
2.374186612614971091e+04
2.373230224049188109e+04
2.372273853415100530e+04
2.371317500712707260e+04
2.370361165942007938e+04
2.369404886343141698e+04
2.368448627681667131e+04
2.367492369020193291e+04
2.366536149259173908e+04
2.365580063888557925e+04
2.364623978517940850e+04
2.363667893147325231e+04
2.362711807776708520e+04
2.361755722406092536e+04
2.360799637035476189e+04
2.359843551664859842e+04
2.358887466294243859e+04
2.357931380923627876e+04
2.356975352248165291e+04
2.356019501060142647e+04
2.355063660760110361e+04
2.354107831348067702e+04
2.353152012824016128e+04
2.352196205187954183e+04
2.351240408439883322e+04
2.350284622579802090e+04
2.349328847607711214e+04
2.348373083523611422e+04
2.347417330327500167e+04
2.346461588019380724e+04
2.345505856599251274e+04
2.344550136067112180e+04
2.343594426422963079e+04
2.342638727666804334e+04
2.341683039798635582e+04
2.340727362818457914e+04
2.339771696726269874e+04
2.338816041522072192e+04
2.337860397205865229e+04
2.336904763777648623e+04
2.335949141237422009e+04
2.334993529585185388e+04
2.334037928820939851e+04
2.333082338944683943e+04
2.332126759956418391e+04
2.331171191856142832e+04
2.330215634643859084e+04
2.329260088319564238e+04
2.328304552883260112e+04
2.327349028334946343e+04
2.326393514674622566e+04
2.325438011902289145e+04
2.324482520017946081e+04
2.323527039021592645e+04
2.322571568913230658e+04
2.321616109692859027e+04
2.320660661360476661e+04
2.319705223916085379e+04
2.318749797359684089e+04
2.317794381691273156e+04
2.316839019552525860e+04
2.315883686355677492e+04
2.314928366806922713e+04
2.313973060906258979e+04
2.313017768653688108e+04
2.312062490049210101e+04
2.311107225092823137e+04
2.310151973784529400e+04
2.309196736124328891e+04
2.308241512112219061e+04
2.307286301748202095e+04
2.306331105032277992e+04
2.305375921964445661e+04
2.304420752544706193e+04
2.303465596773059588e+04
2.302510454649504391e+04
2.301555326174041693e+04
2.300600211346671858e+04
2.299645110167394159e+04
2.298690022636209324e+04
2.297734948753115532e+04
2.296779888518115695e+04
2.295824841931207266e+04
2.294869808992391700e+04
2.293914789701667905e+04
2.292959784059036610e+04
2.292004792064498179e+04
2.291049813718051882e+04
2.290094849019697722e+04
2.289139897969436424e+04
2.288184960567266535e+04
2.287230036813190236e+04
2.286275126707206073e+04
2.285320230249313681e+04
2.284365347439514153e+04
2.283410478277806396e+04
2.282455622764191503e+04
2.281500780898669473e+04
2.280545952681238487e+04
2.279591138111900727e+04
2.278636337190655104e+04
2.277681550164931105e+04
2.276726777958971797e+04
2.275772019828544580e+04
2.274817275773649089e+04
2.273862545794284233e+04
2.272907829890451103e+04
2.271953157639538767e+04
2.270998501980118817e+04
2.270043846320697412e+04
2.269089225004866239e+04
2.268134722336722189e+04
2.267180219668577047e+04
2.266225717000432633e+04
2.265271214332287491e+04
2.264316711664142349e+04
2.263362208995998662e+04
2.262407706327853157e+04
2.261453203659708743e+04
2.260498700991563965e+04
2.259544198323418823e+04
2.258589711449645256e+04
2.257635405993212771e+04
2.256681109100853064e+04
2.255726820772564679e+04
2.254772541008348344e+04
2.253818269808203331e+04
2.252864007172131096e+04
2.251909753100130183e+04
2.250955507592202048e+04
2.250001270648344507e+04
2.249047042268559744e+04
2.248092822452847759e+04
2.247138611201206368e+04
2.246184408513637754e+04
2.245230214390140463e+04
2.244276028830715222e+04
2.243321851835362759e+04
2.242367683404080526e+04
2.241413523536871799e+04
2.240459372233734030e+04
2.239505229494669038e+04
2.238551095319675733e+04
2.237596969708754114e+04
2.236642852661904544e+04
2.235688744179127389e+04
2.234734644260421192e+04
2.233780552905787772e+04
2.232826470115226039e+04
2.231872395888735628e+04
2.230918330226317630e+04
2.229964273127971683e+04
2.229010224593697421e+04
2.228056184623495210e+04
2.227102153217365412e+04
2.226148130375306937e+04
2.225194116097320511e+04
2.224240110383406136e+04
2.223286113233564174e+04
2.222332124647792807e+04
2.221378144626094581e+04
2.220424173168468042e+04
2.219470210274913552e+04
2.218516255945430385e+04
2.217562310180019267e+04
2.216608372978680563e+04
2.215654452961256902e+04
2.214700579419521091e+04
2.213746716577730695e+04
2.212792864435886440e+04
2.211839022993986873e+04
2.210885192252034176e+04
2.209931372210027257e+04
2.208977562867966117e+04
2.208023764225850755e+04
2.207069976283681535e+04
2.206116199041457730e+04
2.205162432499180431e+04
2.204208676656848547e+04
2.203254931514462442e+04
2.202301197072022478e+04
2.201347473329527929e+04
2.200393760286979523e+04
2.199440057944376895e+04
2.198486366301720409e+04
2.197532685359009338e+04
2.196579015116244409e+04
2.195625355573425622e+04
2.194671706730552251e+04
2.193718068587625021e+04
2.192764441144643206e+04
2.191810824401607533e+04
2.190857218358517275e+04
2.189903623015373887e+04
2.188950038372175914e+04
2.187996464428923355e+04
2.187042901185616938e+04
2.186089348642256664e+04
2.185135806798841804e+04
2.184182275655373087e+04
2.183228755211849784e+04
2.182275245468273351e+04
2.181321746424641606e+04
2.180368258080956730e+04
2.179414780437216905e+04
2.178461313493422858e+04
2.177507857249575318e+04
2.176554411705673556e+04
2.175600976861717572e+04
2.174647576953635871e+04
2.173694190198263095e+04
2.172740803442889592e+04
2.171787447004855130e+04
2.170834195304911555e+04
2.169880943604968706e+04
2.168927691905025858e+04
2.167974440205082283e+04
2.167021188505139435e+04
2.166067936805196950e+04
2.165114685105253375e+04
2.164161433405309799e+04
2.163208181705366951e+04
2.162254930005423375e+04
2.161301678305480527e+04
2.160348426605536952e+04
2.159395304480501363e+04
2.158442224790867112e+04
2.157489151835633675e+04
2.156536085614801414e+04
2.155583026128369966e+04
2.154629973376340058e+04
2.153676927358710236e+04
2.152723888075482682e+04
2.151770855526655942e+04
2.150817829712229650e+04
2.149864810632204899e+04
2.148911798286581325e+04
2.147958792675358927e+04
2.147005793798537707e+04
2.146052801656116935e+04
2.145099816248098068e+04
2.144146837574478559e+04
2.143193865635262046e+04
2.142240900430445618e+04
2.141287941960030730e+04
2.140334990224017020e+04
2.139382045222403394e+04
2.138429106955192037e+04
2.137476175422380766e+04
2.136523250623971762e+04
2.135570332559962844e+04
2.134617421230355467e+04
2.133664516635148902e+04
2.132711618774343879e+04
2.131758727647938940e+04
2.130805843255936270e+04
2.129852965598334413e+04
2.128900094675133369e+04
2.127947230486333137e+04
2.126994373031934811e+04
2.126041522311936569e+04
2.125088678326339868e+04
2.124135841075144708e+04
2.123183010558350361e+04
2.122230186775956099e+04
2.121277369727964469e+04
2.120324559414372925e+04
2.119371755835182557e+04
2.118418958990393367e+04
2.117466168880005353e+04
2.116513385504018515e+04
2.115560608862432855e+04
2.114607838955248371e+04
2.113655083881483733e+04
2.112702359958246234e+04
2.111749644446646562e+04
2.110796937346683990e+04
2.109844238658357426e+04
2.108891548381668326e+04
2.107938866516615963e+04
2.106986193063200335e+04
2.106033528021422535e+04
2.105080871391280743e+04
2.104128223172776052e+04
2.103175583365908824e+04
2.102222951970677241e+04
2.101270328987084213e+04
2.100317714415127193e+04
2.099365108254807274e+04
2.098412510506124090e+04
2.097459921169077643e+04
2.096507340243669023e+04
2.095554767729896412e+04
2.094602203627761264e+04
2.093649647937262489e+04
2.092697100658401177e+04
2.091744561791176966e+04
2.090792031335589127e+04
2.089839509291638387e+04
2.088886995659324020e+04
2.087934490438647481e+04
2.086981993629607314e+04
2.086029505232204247e+04
2.085077025246438279e+04
2.084124553672309412e+04
2.083172090509817281e+04
2.082219635758961522e+04
2.081267189419743227e+04
2.080314751492161668e+04
2.079362321976216481e+04
2.078409900871909485e+04
2.077457508609542856e+04
2.076505126777193800e+04
2.075552744944844744e+04
2.074600389870437357e+04
2.073648127237382141e+04
2.072695864604326925e+04
2.071743601971271710e+04
2.070791339338216494e+04
2.069839076705161278e+04
2.068886814072106063e+04
2.067934551439050847e+04
2.066982288805995631e+04
2.066030026172940416e+04
2.065077763539885200e+04
2.064125500906829984e+04
2.063173238273774768e+04
2.062220975640719553e+04
2.061268759036054689e+04
2.060316639573677458e+04
2.059364525404943925e+04
2.058412416529853726e+04
2.057460312948406499e+04
2.056508214660602971e+04
2.055556121666442050e+04
2.054604033965925191e+04
2.053651951559050940e+04
2.052699874445820024e+04
2.051747802626233170e+04
2.050795736100288923e+04
2.049843674867988375e+04
2.048891618929330798e+04
2.047939568284316192e+04
2.046987522932946013e+04
2.046035482875218077e+04
2.045083448111133475e+04
2.044131418640692573e+04
2.043179394463895005e+04
2.042227375580740409e+04
2.041275361991229147e+04
2.040323353695361584e+04
2.039371350693136628e+04
2.038419352984555371e+04
2.037467360569617449e+04
2.036515373448322862e+04
2.035563391620671609e+04
2.034611415086663328e+04
2.033659443846298382e+04
2.032707477899577134e+04
2.031755517246498493e+04
2.030803561887063552e+04
2.029851611821271945e+04
2.028899667049123673e+04
2.027947727570618372e+04
2.026995793385756406e+04
2.026043864494538138e+04
2.025091940896963206e+04
2.024140022593030881e+04
2.023188109582742618e+04
2.022236201866096962e+04
2.021284299443094642e+04
2.020332402313736384e+04
2.019380510478020733e+04
2.018428623935949145e+04
2.017476742687519436e+04
2.016524866732733790e+04
2.015572996071591479e+04
2.014621130704092866e+04
2.013669270630236861e+04
2.012717415850024554e+04
2.011765566363455582e+04
2.010813742121958785e+04
2.009861926745636447e+04
2.008910118019070796e+04
2.007958315942263289e+04
2.007006520515212833e+04
2.006054731737920156e+04
2.005102949610384530e+04
2.004151174132606684e+04
2.003199405304586617e+04
2.002247643126323237e+04
2.001295887597818000e+04
2.000344138719070179e+04
1.999392396490079409e+04
1.998440660910846054e+04
1.997488931981370115e+04
1.996537209701651955e+04
1.995585494071691210e+04
1.994633785091487516e+04
1.993682082761041966e+04
1.992730387080353830e+04
1.991778698049422383e+04
1.990827015668248350e+04
1.989875339936832461e+04
1.988923670855173987e+04
1.987972008423272928e+04
1.987020352641129284e+04
1.986068703508742328e+04
1.985117061026114243e+04
1.984165425193242845e+04
1.983213796010128863e+04
1.982262173476772296e+04
1.981310557593173144e+04
1.980358963294582281e+04
1.979407377270242432e+04
1.978455791245902947e+04
1.977504228833208617e+04
1.976552747992275908e+04
1.975601267151342836e+04
1.974649786310410127e+04
1.973698305469477054e+04
1.972746824628543982e+04
1.971795343787610909e+04
1.970843862946677837e+04
1.969892382105745492e+04
1.968940901264812055e+04
1.967989420423879346e+04
1.967037939582946274e+04
1.966086458742013929e+04
1.965134977901080856e+04
1.964183497060147056e+04
1.963232016219214711e+04
1.962280620465493121e+04
1.961329262470789399e+04
1.960377908635755011e+04
1.959426558960389229e+04
1.958475213444692417e+04
1.957523872088663848e+04
1.956572534892304975e+04
1.955621201855614709e+04
1.954669872978593048e+04
1.953718548261240358e+04
1.952767227703556273e+04
1.951815911305541522e+04
1.950864599067196104e+04
1.949913290988518565e+04
1.948961987069510360e+04
1.948010687310170761e+04
1.947059391710500495e+04
1.946108100270498835e+04
1.945156812990166145e+04
1.944205529869502061e+04
1.943254250908506947e+04
1.942302976107180439e+04
1.941351705465522900e+04
1.940400438983535059e+04
1.939449176661214733e+04
1.938497918498564468e+04
1.937546664495582445e+04
1.936595414652269392e+04
1.935644168968625308e+04
1.934692927444650195e+04
1.933741690080343687e+04
1.932790456875706150e+04
1.931839227830737218e+04
1.930888002945437620e+04
1.929936782219806628e+04
1.928985565653844606e+04
1.928034353247551189e+04
1.927083145000927107e+04
1.926131940913971630e+04
1.925180740986685123e+04
1.924229545219067222e+04
1.923278353611118655e+04
1.922327166162838694e+04
1.921375982874227702e+04
1.920424803745284953e+04
1.919473628776011901e+04
1.918522457966407092e+04
1.917571291316471616e+04
1.916620128826204746e+04
1.915668970495607209e+04
1.914717816324678279e+04
1.913766666313417954e+04
1.912815520461826236e+04
1.911864378769903851e+04
1.910913241237650436e+04
1.909962107865065627e+04
1.909010979705031059e+04
1.908059869349132350e+04
1.907108764232647809e+04
1.906157664355577072e+04
1.905206569717919774e+04
1.904255480319676280e+04
1.903304396160846954e+04
1.902353317241430341e+04
1.901402243561427895e+04
1.900451175120839252e+04
1.899500111919664414e+04
1.898549053957902652e+04
1.897598001235555421e+04
1.896646953752620902e+04
1.895695911509101279e+04
1.894744874504994368e+04
1.893793842740301625e+04
1.892842816215022322e+04
1.891891794929157186e+04
1.890940778882705854e+04
1.889989768075667598e+04
1.889038762508043146e+04
1.888087762179832862e+04
1.887136767091036018e+04
1.886185777241652613e+04
1.885234792631683376e+04
1.884283813261127216e+04
1.883332851002574898e+04
1.882381895310949039e+04
1.881430939619323181e+04
1.880480004758190989e+04
1.879529141860704112e+04
1.878578278963217599e+04
1.877627416065730358e+04
1.876676553168243845e+04
1.875725690270756604e+04
1.874774827373270091e+04
1.873823964475783214e+04
1.872873101578296337e+04
1.871922238680809460e+04
1.870971375783322583e+04
1.870020512885835706e+04
1.869069649988348829e+04
1.868118787090861588e+04
1.867167924193375075e+04
1.866217061295887834e+04
1.865266198398401320e+04
1.864315335500914443e+04
1.863364565278027294e+04
1.862413806923968514e+04
1.861463051837305829e+04
1.860512300018041060e+04
1.859561551466173114e+04
1.858610806181702355e+04
1.857660064164628784e+04
1.856709325414952036e+04
1.855758589932672476e+04
1.854807857717790102e+04
1.853857128770305280e+04
1.852906403090216918e+04
1.851955680677526107e+04
1.851004961532232846e+04
1.850054245654335682e+04
1.849103533043836069e+04
1.848152823700733279e+04
1.847202117625028768e+04
1.846251414816720353e+04
1.845300715275809125e+04
1.844350019002295448e+04
1.843399325996178595e+04
1.842448636257459293e+04
1.841497949786136087e+04
1.840547266582211159e+04
1.839596586645682692e+04
1.838645909976551775e+04
1.837695236574817682e+04
1.836744566440480776e+04
1.835793899573541421e+04
1.834843235973998890e+04
1.833892575641853182e+04
1.832941918577104661e+04
1.831991264779753692e+04
1.831040614249799546e+04
1.830089966987242224e+04
1.829139322992082816e+04
1.828188682264319868e+04
1.827238044803954108e+04
1.826287410610986262e+04
1.825336779685414513e+04
1.824386152027241042e+04
1.823435527636463303e+04
1.822484906513083843e+04
1.821534288657100842e+04
1.820583674068514665e+04
1.819633062747326403e+04
1.818682454693535328e+04
1.817731849907140713e+04
1.816781248388144013e+04
1.815830650136543773e+04
1.814880055152340356e+04
1.813929463435535217e+04
1.812978874986126903e+04
1.812028289804115047e+04
1.811077707889500380e+04
1.810127129242283627e+04
1.809176553862463334e+04
1.808225981750040228e+04
1.807275412905014673e+04
1.806324847327385942e+04
1.805374291627773709e+04
1.804423742157413653e+04
1.803473196814952462e+04
1.802522655600390863e+04
1.801572118513728856e+04
1.800621585554965714e+04
1.799671056724102164e+04
1.798720532021137478e+04
1.797770011446072749e+04
1.796819494998906885e+04
1.795868982679640612e+04
1.794918474488273932e+04
1.793967970424806117e+04
1.793017470489237530e+04
1.792066974681568172e+04
1.791116483001798042e+04
1.790165995449927868e+04
1.789215512025956559e+04
1.788265032729884842e+04
1.787314557561711990e+04
1.786364095965358138e+04
1.785413639583589975e+04
1.784463183201822540e+04
1.783512745192649163e+04
1.782562370655750419e+04
1.781611996118852403e+04
1.780661621581952932e+04
1.779711247045054552e+04
1.778760872508156172e+04
1.777810497971257428e+04
1.776860123434358684e+04
1.775909748897459940e+04
1.774959374360561560e+04
1.774008999823662816e+04
1.773058625286764436e+04
1.772108250749865692e+04
1.771157876212966949e+04
1.770207501676068205e+04
1.769257127139169461e+04
1.768306752602270717e+04
1.767356378065372337e+04
1.766406003528473957e+04
1.765455628991575213e+04
1.764505332747380817e+04
1.763555046537070666e+04
1.762604762892385770e+04
1.761654481813325765e+04
1.760704203299891378e+04
1.759753927352082246e+04
1.758803653969897641e+04
1.757853383153339382e+04
1.756903114902406014e+04
1.755952849217097537e+04
1.755002586097414314e+04
1.754052325543356710e+04
1.753102067554924361e+04
1.752151812132117266e+04
1.751201559274935425e+04
1.750251308983378476e+04
1.749301061257447145e+04
1.748350816097141069e+04
1.747400573502459883e+04
1.746450333473404680e+04
1.745500096009974368e+04
1.744549861112169310e+04
1.743599628779989143e+04
1.742649399013435323e+04
1.741699171812505665e+04
1.740748947177201626e+04
1.739798725107522841e+04
1.738848505603468948e+04
1.737898288665041036e+04
1.736948074292238380e+04
1.735997862485060614e+04
1.735047653243508103e+04
1.734097446567580846e+04
1.733147242457278844e+04
1.732197040912602097e+04
1.731246841933551332e+04
1.730296645520124730e+04
1.729346451672324110e+04
1.728396260390148382e+04
1.727446071673597544e+04
1.726495885522673052e+04
1.725545701937372723e+04
1.724595520917698741e+04
1.723645342463648922e+04
1.722695166575224721e+04
1.721744993252426138e+04
1.720794822495253175e+04
1.719844654303704738e+04
1.718894488677781555e+04
1.717944325617483992e+04
1.716994165122810955e+04
1.716044007193764264e+04
1.715093851830342464e+04
1.714143699032545919e+04
1.713193548800374265e+04
1.712243401133827865e+04
1.711293256032907811e+04
1.710343113497611557e+04
1.709392973527941649e+04
1.708442836123896268e+04
1.707492701285475778e+04
1.706542569012681633e+04
1.705592439305512380e+04
1.704642312163968381e+04
1.703692187588049273e+04
1.702742065577756148e+04
1.701791950296465802e+04
1.700841838787377492e+04
1.699891730530439963e+04
1.698941625525652489e+04
1.697991523773015069e+04
1.697041425272528795e+04
1.696091330024191848e+04
1.695141238028005318e+04
1.694191149283968844e+04
1.693241063792082787e+04
1.692290981552347148e+04
1.691340902564761927e+04
1.690390826829326397e+04
1.689440761863644366e+04
1.688490701041258217e+04
1.687540640218871704e+04
1.686590595597478386e+04
1.685640606946074695e+04
1.684690618294671731e+04
1.683740629643268767e+04
1.682790640991865439e+04
1.681840652340462111e+04
1.680890663689059147e+04
1.679940675037656183e+04
1.678990686386252855e+04
1.678040697734849527e+04
1.677090709083445836e+04
1.676140720432042872e+04
1.675190731780639908e+04
1.674240743129236944e+04
1.673290754477833252e+04
1.672340765826430288e+04
1.671390777175026960e+04
1.670440788523624360e+04
1.669490799872220668e+04
1.668540811220816977e+04
1.667590822569414013e+04
1.666640833918010685e+04
1.665690894982521422e+04
1.664740980480316648e+04
1.663791067992057651e+04
1.662841157517745160e+04
1.661891249057378445e+04
1.660941342610958600e+04
1.659991438178485259e+04
1.659041535759957333e+04
1.658091635355375911e+04
1.657141736964740994e+04
1.656191840588051855e+04
1.655241946225309221e+04
1.654292053876513091e+04
1.653342163541662740e+04
1.652392275220758893e+04
1.651442388913800824e+04
1.650492504620789987e+04
1.649542622341724928e+04
1.648592742076605646e+04
1.647642863825433597e+04
1.646692987588206597e+04
1.645743113364926103e+04
1.644793241155592114e+04
1.643843370960204629e+04
1.642893502778763650e+04
1.641943636611267721e+04
1.640993772457719024e+04
1.640043910318116468e+04
1.639094050192459690e+04
1.638144192080749417e+04
1.637194335982985649e+04
1.636244481899167840e+04
1.635294629829296355e+04
1.634344779773371192e+04
1.633394931731391989e+04
1.632445085703359109e+04
1.631495241689272552e+04
1.630545399689132319e+04
1.629595559702938590e+04
1.628645721730690093e+04
1.627695885772388829e+04
1.626746051828033524e+04
1.625796219897624178e+04
1.624846389981161701e+04
1.623896562078645002e+04
1.622946736190074625e+04
1.621996912315450390e+04
1.621047090454772479e+04
1.620097270608041072e+04
1.619147452775255624e+04
1.618197636956416318e+04
1.617247823151523698e+04
1.616298011360576857e+04
1.615348201583576520e+04
1.614398393820522688e+04
1.613448588071414451e+04
1.612498784336252720e+04
1.611548982615037494e+04
1.610599182907768045e+04
1.609649385214445101e+04
1.608699589535068662e+04
1.607749795869638183e+04
1.606800004218153845e+04
1.605850214580616012e+04
1.604900426957024320e+04
1.603950641347378769e+04
1.603000857751679905e+04
1.602051076169926455e+04
1.601101296602119874e+04
1.600151519048259070e+04
1.599201743508344953e+04
1.598251970660218649e+04
1.597302201141326805e+04
1.596352434184803496e+04
1.595402669790647633e+04
1.594452907958860123e+04
1.593503148689440968e+04
1.592553397971807317e+04
1.591603650548717269e+04
1.590653903125627767e+04
1.589704169985587578e+04
1.588754486189568161e+04
1.587804802393548925e+04
1.586855118597529145e+04
1.585905434801509909e+04
1.584955751005490129e+04
1.584006067209471075e+04
1.583056383413451840e+04
1.582106699617432423e+04
1.581157015821413006e+04
1.580207332025393407e+04
1.579257648229374354e+04
1.578307964433354573e+04
1.577358280637335520e+04
1.576408596841316103e+04
1.575458913045296504e+04
1.574509229249277450e+04
1.573559545453258033e+04
1.572609861657238798e+04
1.571660177861219017e+04
1.570710494065199782e+04
1.569760810269180365e+04
1.568811126473160948e+04
1.567861442677141349e+04
1.566911771566728021e+04
1.565962147768493014e+04
1.565012525556563378e+04
1.564062904930939840e+04
1.563113285891622581e+04
1.562163668438610330e+04
1.561214052571905086e+04
1.560264438291505212e+04
1.559314825597411254e+04
1.558365214489623213e+04
1.557415604968141088e+04
1.556465997032965060e+04
1.555516390684094586e+04
1.554566785921530754e+04
1.553617182745272476e+04
1.552667581155320295e+04
1.551717981151673484e+04
1.550768382734332954e+04
1.549818785903298522e+04
1.548869190658569642e+04
1.547919597000147041e+04
1.546970004928029994e+04
1.546020414442219226e+04
1.545070825542714556e+04
1.544121238229515257e+04
1.543171652502622055e+04
1.542222068362035134e+04
1.541272485807753583e+04
1.540322904839778494e+04
1.539373325458108957e+04
1.538423747662745518e+04
1.537474171453687813e+04
1.536524596830936207e+04
1.535575023794490880e+04
1.534625452344350742e+04
1.533675882480516702e+04
1.532726314202988760e+04
1.531776747511766916e+04
1.530827182406850807e+04
1.529877618888240795e+04
1.528928056955936700e+04
1.527978496609938338e+04
1.527028937850245711e+04
1.526079380676859546e+04
1.525129825089778751e+04
1.524180271089004418e+04
1.523230718674535819e+04
1.522281167846372955e+04
1.521331618604515825e+04
1.520382070948965338e+04
1.519432524879720040e+04
1.518482980396781386e+04
1.517533437500148102e+04
1.516583896189820916e+04
1.515634356465800010e+04
1.514684818328084293e+04
1.513735281776675038e+04
1.512785746811571516e+04
1.511836213432774275e+04
1.510886681640282768e+04
1.509937151434096813e+04
1.508987622814216957e+04
1.508038095780643198e+04
1.507088570333374992e+04
1.506139046472413429e+04
1.505189524197757419e+04
1.504240003509407143e+04
1.503290484407362965e+04
1.502340966891624521e+04
1.501391450962192539e+04
1.500441936619066109e+04
1.499492423862245232e+04
1.498542912691730999e+04
1.497593403107522136e+04
1.496643895109619734e+04
1.495694393689561912e+04
1.494744894890734577e+04
1.493795396091906878e+04
1.492845909880982254e+04
1.491896467157810548e+04
1.490947024434638297e+04
1.489997581711466592e+04
1.489048138988294340e+04
1.488098696265122635e+04
1.487149253541950384e+04
1.486199810818778678e+04
1.485250368095606427e+04
1.484300925372434722e+04
1.483351482649262471e+04
1.482402039926090583e+04
1.481452597202918696e+04
1.480503154479746263e+04
1.479553711756574739e+04
1.478604269033402306e+04
1.477654826310230419e+04
1.476705383587058350e+04
1.475755940863886462e+04
1.474806498140714393e+04
1.473857055417542506e+04
1.472907612694370800e+04
1.471958169971198549e+04
1.471008727248026662e+04
1.470059284524854593e+04
1.469109841801682705e+04
1.468160399078510636e+04
1.467210977647318941e+04
1.466261581149230551e+04
1.465312185910508015e+04
1.464362791931152242e+04
1.463413399211162141e+04
1.462464007750538076e+04
1.461514617549279865e+04
1.460565228607388235e+04
1.459615840924862459e+04
1.458666454501702719e+04
1.457717069337909561e+04
1.456767685433481893e+04
1.455818302788420624e+04
1.454868921402724663e+04
1.453919541276395830e+04
1.452970162409432487e+04
1.452020784801835362e+04
1.451071408453604272e+04
1.450122033364739218e+04
1.449172659535240382e+04
1.448223286965107582e+04
1.447273915654340999e+04
1.446324545602939907e+04
1.445375176810905577e+04
1.444425809278236738e+04
1.443476443004934481e+04
1.442527077990998077e+04
1.441577714236427528e+04
1.440628351741223196e+04
1.439678990505385445e+04
1.438729630528913003e+04
1.437780271811806961e+04
1.436830914354067318e+04
1.435881558155692801e+04
1.434932203216685230e+04
1.433982849537043876e+04
1.433033497116768012e+04
1.432084145955858367e+04
1.431134796054314575e+04
1.430185447412137364e+04
1.429236100029326190e+04
1.428286753905880505e+04
1.427337409041801402e+04
1.426388065437088153e+04
1.425438723091741122e+04
1.424489382005760308e+04
1.423540042179145712e+04
1.422590703611896606e+04
1.421641366304013536e+04
1.420692030255497048e+04
1.419742695466346595e+04
1.418793361936561814e+04
1.417844029666143797e+04
1.416894698655091088e+04
1.415945368903404778e+04
1.414996040411084505e+04
1.414046713178129903e+04
1.413097387204542247e+04
1.412148062490320262e+04
1.411198739035463950e+04
1.410249416839974219e+04
1.409300095903850161e+04
1.408350776227092501e+04
1.407401457809700696e+04
1.406452140651675109e+04
1.405502824753015739e+04
1.404553510113722223e+04
1.403604196733795106e+04
1.402654884613233844e+04
1.401705573752038072e+04
1.400756264150209063e+04
1.399806955807746090e+04
1.398857652697669801e+04
1.397908351673226935e+04
1.396959050648783159e+04
1.396009760710697992e+04
1.395060509072937748e+04
1.394111257435177868e+04
1.393162005797417441e+04
1.392212754159657743e+04
1.391263502521897681e+04
1.390314250884137982e+04
1.389364999246377738e+04
1.388415747608617858e+04
1.387466495970857613e+04
1.386517244333097733e+04
1.385567992695337853e+04
1.384618741057577972e+04
1.383669489419817546e+04
1.382720237782057666e+04
1.381770986144297422e+04
1.380821734506537541e+04
1.379872482868778206e+04
1.378923231231017962e+04
1.377973979593258082e+04
1.377024727955497838e+04
1.376075476317737957e+04
1.375126224679977713e+04
1.374176973042218196e+04
1.373227721404457770e+04
1.372278469766698072e+04
1.371329218128937646e+04
1.370379966491177765e+04
1.369430714853417521e+04
1.368481463215658187e+04
1.367532213572808178e+04
1.366582967519776139e+04
1.365633722557159308e+04
1.364684478684957867e+04
1.363735235903171269e+04
1.362785994211800062e+04
1.361836753610844971e+04
1.360887514100303815e+04
1.359938275680178594e+04
