4.746899999999999272e+04
4.745951469130242185e+04
4.745002938260485098e+04
4.744054407390728011e+04
4.743105876520970924e+04
4.742157345651213836e+04
4.741208814781456749e+04
4.740260283911700390e+04
4.739311753041942575e+04
4.738363222172185488e+04
4.737414691302427673e+04
4.736466160432672768e+04
4.735517629562914954e+04
4.734569098693157866e+04
4.733620567823400779e+04
4.732672036953644420e+04
4.731723506083886605e+04
4.730774975214129518e+04
4.729826444344372430e+04
4.728877913474616071e+04
4.727929382604858256e+04
4.726980851735101896e+04
4.726032320865344082e+04
4.725083789995587722e+04
4.724135259125830635e+04
4.723186728256073548e+04
4.722238197386317188e+04
4.721289666516559373e+04
4.720341135646802286e+04
4.719392604777045926e+04
4.718444073907288112e+04
4.717495543037531024e+04
4.716547012167774665e+04
4.715598481298017578e+04
4.714649950428260490e+04
4.713701419558503403e+04
4.712752888688746316e+04
4.711804357818989229e+04
4.710855826949232141e+04
4.709907296079475782e+04
4.708958765209717967e+04
4.708010234339961607e+04
4.707061703470203793e+04
4.706113172600446705e+04
4.705164641730689618e+04
4.704216110860932531e+04
4.703267579991176171e+04
4.702319049121419084e+04
4.701370518251661269e+04
4.700421987381904910e+04
4.699473456512147823e+04
4.698524925642390735e+04
4.697576394772633648e+04
4.696627863902877289e+04
4.695679333033119474e+04
4.694730802163363114e+04
4.693782271293606027e+04
4.692833740423848940e+04
4.691885209554091125e+04
4.690936678684334765e+04
4.689988147814577678e+04
4.689039616944820591e+04
4.688091086075063504e+04
4.687142555205306417e+04
4.686194024335549329e+04
4.685245493465792242e+04
4.684296962596034427e+04
4.683348431726278068e+04
4.682399900856520981e+04
4.681451369986763893e+04
4.680502839117006806e+04
4.679554308247249719e+04
4.678605777377492632e+04
4.677657246507735545e+04
4.676708715637979185e+04
4.675760184768222098e+04
4.674811653898464283e+04
4.673863123028707923e+04
4.672914592158950109e+04
4.671966061289193749e+04
4.671017530419435934e+04
4.670068999549679575e+04
4.669120468679922487e+04
4.668171937810165400e+04
4.667223406940408313e+04
4.666274876070651226e+04
4.665326345200894866e+04
4.664377814331137051e+04
4.663429283461379964e+04
4.662480752591623605e+04
4.661532221721866517e+04
4.660583690852108703e+04
4.659635159982352343e+04
4.658686629112595256e+04
4.657738098242837441e+04
4.656789567373081081e+04
4.655841036503323994e+04
4.654892505633566179e+04
4.653943974763809820e+04
4.652995443894053460e+04
4.652046913024295645e+04
4.651098382154538558e+04
4.650149851284781471e+04
4.649201320415025111e+04
4.648252789545268024e+04
4.647304258675510937e+04
4.646355727805753850e+04
4.645407196935996762e+04
4.644458666066238948e+04
4.643510135196482588e+04
4.642561604326726228e+04
4.641613073456968414e+04
4.640664542587212054e+04
4.639716011717454239e+04
4.638767480847697880e+04
4.637818949977940065e+04
4.636870419108183705e+04
4.635921888238425890e+04
4.634973357368669531e+04
4.634024826498913171e+04
4.633076295629155356e+04
4.632127764759398269e+04
4.631179233889641910e+04
4.630230703019884095e+04
4.629282172150127008e+04
4.628333641280369920e+04
4.627385110410612833e+04
4.626436579540856474e+04
4.625488048671099386e+04
4.624539517801342299e+04
4.623590986931584484e+04
4.622642456061828125e+04
4.621693925192071038e+04
4.620745394322313950e+04
4.619796863452556863e+04
4.618848332582799776e+04
4.617899801713042689e+04
4.616951270843285602e+04
4.616002739973528514e+04
4.615054209103771427e+04
4.614105678234015068e+04
4.613157147364257253e+04
4.612208616494500893e+04
4.611260085624743078e+04
4.610311554754986719e+04
4.609363023885228904e+04
4.608414493015472544e+04
4.607465962145714730e+04
4.606517431275958370e+04
4.605568900406201283e+04
4.604620369536444196e+04
4.603671838666687108e+04
4.602723307796929294e+04
4.601774776927173662e+04
4.600826246057415847e+04
4.599877715187659487e+04
4.598929184317901672e+04
4.597980653448144585e+04
4.597032122578388226e+04
4.596083591708630411e+04
4.595135060838874051e+04
4.594186529969116236e+04
4.593237999099359877e+04
4.592289468229602790e+04
4.591340937359845702e+04
4.590392406490088615e+04
4.589443875620331528e+04
4.588495344750574441e+04
4.587546813880818081e+04
4.586598283011060266e+04
4.585649752141303179e+04
4.584701221271546092e+04
4.583752690401788277e+04
4.582804159532032645e+04
4.581855628662275558e+04
4.580907097792518471e+04
4.579958566922761383e+04
4.579010036053004296e+04
4.578061505183247209e+04
4.577112974313489394e+04
4.576164443443733035e+04
4.575215912573975947e+04
4.574267381704218133e+04
4.573318850834461773e+04
4.572370319964705413e+04
4.571421789094947599e+04
4.570473258225191239e+04
4.569524727355433424e+04
4.568576196485676337e+04
4.567627665615919977e+04
4.566679134746162163e+04
4.565730603876405075e+04
4.564782073006647988e+04
4.563833542136891629e+04
4.562885011267134541e+04
4.561936480397377454e+04
4.560987949527620367e+04
4.560039418657863280e+04
4.559090887788106920e+04
4.558142356918349105e+04
4.557193826048592746e+04
4.556245295178834931e+04
4.555296764309077844e+04
4.554348233439321484e+04
4.553399702569564397e+04
4.552451171699807310e+04
4.551502640830050223e+04
4.550554109960293135e+04
4.549605579090536048e+04
4.548657048220778233e+04
4.547708517351021874e+04
4.546759986481264787e+04
4.545811455611507699e+04
4.544862924741751340e+04
4.543914393871994253e+04
4.542965863002236438e+04
4.542017332132480078e+04
4.541068801262722991e+04
4.540120270392965904e+04
4.539171739523208089e+04
4.538223208653451729e+04
4.537274677783694642e+04
4.536326146913937555e+04
4.535377616044180468e+04
4.534429085174424108e+04
4.533480554304666293e+04
4.532532023434909206e+04
4.531583492565152847e+04
4.530634961695395759e+04
4.529686430825637945e+04
4.528737899955881585e+04
4.527789369086123770e+04
4.526840838216367410e+04
4.525892307346609596e+04
4.524943776476853236e+04
4.523995245607095421e+04
4.523046714737339062e+04
4.522098183867582702e+04
4.521149652997824887e+04
4.520201122128067072e+04
4.519252591258309985e+04
4.518304060388554353e+04
4.517355529518796538e+04
4.516406998649039451e+04
4.515458467779283092e+04
4.514509936909525277e+04
4.513561406039768190e+04
4.512612875170011830e+04
4.511664344300254015e+04
4.510715813430497656e+04
4.509767282560740568e+04
4.508818751690983481e+04
4.507870220821226394e+04
4.506921689951469307e+04
4.505973159081712947e+04
4.505024628211955132e+04
4.504076097342198045e+04
4.503127566472440958e+04
4.502179035602683871e+04
4.501230504732926784e+04
4.500281973863169696e+04
4.499333442993412609e+04
4.498384912123656250e+04
4.497436381253899162e+04
4.496487850384142075e+04
4.495539319514384260e+04
4.494590788644627901e+04
4.493642257774870086e+04
4.492693726905113726e+04
4.491745196035356639e+04
4.490796665165599552e+04
4.489848134295842465e+04
4.488899603426085378e+04
4.487951072556328290e+04
4.487002541686571203e+04
4.486054010816814116e+04
4.485105479947057756e+04
4.484156949077300669e+04
4.483208418207542854e+04
4.482259887337785767e+04
4.481311356468029408e+04
4.480362825598271593e+04
4.479414294728515233e+04
4.478465763858758146e+04
4.477517232989001059e+04
4.476568702119243244e+04
4.475620171249487612e+04
4.474671640379730525e+04
4.473723109509973438e+04
4.472774578640215623e+04
4.471826047770459263e+04
4.470877516900701448e+04
4.469928986030945089e+04
4.468980455161187274e+04
4.468031924291430187e+04
4.467083393421673100e+04
4.466134862551916740e+04
4.465186331682159653e+04
4.464237800812402565e+04
4.463289269942646206e+04
4.462340739072888391e+04
4.461392208203131304e+04
4.460443677333374217e+04
4.459495146463617857e+04
4.458546615593860042e+04
4.457598084724103683e+04
4.456649553854346595e+04
4.455701022984589508e+04
4.454752492114831693e+04
4.453803961245075334e+04
4.452855430375318247e+04
4.451906899505561159e+04
4.450958368635803345e+04
4.450009837766046985e+04
4.449061306896289898e+04
4.448112776026532811e+04
4.447164245156775723e+04
4.446215714287018636e+04
4.445267183417261549e+04
4.444318652547504462e+04
4.443370121677747375e+04
4.442421590807990287e+04
4.441473059938232473e+04
4.440524529068476113e+04
4.439575998198719753e+04
4.438627467328962666e+04
4.437678936459205579e+04
4.436730405589447764e+04
4.435781874719691405e+04
4.434833343849933590e+04
4.433884812980177230e+04
4.432936282110420143e+04
4.431987751240663056e+04
4.431039220370905241e+04
4.430090689501148881e+04
4.429142158631391794e+04
4.428193627761634707e+04
4.427245096891877620e+04
4.426296566022120533e+04
4.425348035152363445e+04
4.424399504282607086e+04
4.423450973412849999e+04
4.422502442543092911e+04
4.421553911673335097e+04
4.420605380803578737e+04
4.419656849933821650e+04
4.418708319064065290e+04
4.417759788194308203e+04
4.416811257324550388e+04
4.415862726454793301e+04
4.414914195585036214e+04
4.413965664715279854e+04
4.413017133845522039e+04
4.412068602975764952e+04
4.411120072106008593e+04
4.410171541236250778e+04
4.409223010366493691e+04
4.408274479496737331e+04
4.407325948626980244e+04
4.406377417757223157e+04
4.405428886887466069e+04
4.404480356017708982e+04
4.403531825147951895e+04
4.402583294278194808e+04
4.401634763408437720e+04
4.400686232538681361e+04
4.399737701668923546e+04
4.398789170799166459e+04
4.397840639929409372e+04
4.396892109059652284e+04
4.395943578189895925e+04
4.394995047320138838e+04
4.394046516450381023e+04
4.393097985580623936e+04
4.392149454710867576e+04
4.391200923841110489e+04
4.390252392971353402e+04
4.389303862101596314e+04
4.388355331231839227e+04
4.387406800362082140e+04
4.386458269492325053e+04
4.385509738622567966e+04
4.384561207752810878e+04
4.383612676883053791e+04
4.382664146013296704e+04
4.381715615143539617e+04
4.380767084273783257e+04
4.379818553404026170e+04
4.378870022534268355e+04
4.377921491664511996e+04
4.376972960794754908e+04
4.376024429924997821e+04
4.375075899055240734e+04
4.374127368185483647e+04
4.373178837315726560e+04
4.372230306445969472e+04
4.371281775576212385e+04
4.370333244706455298e+04
4.369384713836698938e+04
4.368436182966941851e+04
4.367487652097184036e+04
4.366539121227427677e+04
4.365590590357669862e+04
4.364642059487913502e+04
4.363693528618155688e+04
4.362744997748399328e+04
4.361796466878642241e+04
4.360847936008885154e+04
4.359899405139128066e+04
4.358950874269370979e+04
4.358002343399613892e+04
4.357053812529856805e+04
4.356105281660099718e+04
4.355156750790342630e+04
4.354208219920585543e+04
4.353259689050828456e+04
4.352311158181072096e+04
4.351362627311314282e+04
4.350414096441557922e+04
4.349465565571800107e+04
4.348517034702043748e+04
4.347568503832285933e+04
4.346619972962529573e+04
4.345671442092772486e+04
4.344722911223015399e+04
4.343774380353258312e+04
4.342825849483501224e+04
4.341877318613744137e+04
4.340928787743987050e+04
4.339980256874229963e+04
4.339031726004472876e+04
4.338083195134716516e+04
4.337134664264958701e+04
4.336186133395202341e+04
4.335237602525444527e+04
4.334289071655688167e+04
4.333340540785931080e+04
4.332392009916173265e+04
4.331443479046416905e+04
4.330494948176659818e+04
4.329546417306902731e+04
4.328597886437145644e+04
4.327649355567389284e+04
4.326700824697631469e+04
4.325752293827875110e+04
4.324803762958117295e+04
4.323855232088360208e+04
4.322906701218603121e+04
4.321958170348846761e+04
4.321009639479088946e+04
4.320061108609332587e+04
4.319112577739575499e+04
4.318164046869818412e+04
4.317215516000060597e+04
4.316266985130304238e+04
4.315318454260547151e+04
4.314369923390789336e+04
4.313421392521032976e+04
4.312472861651275889e+04
4.311524330781518802e+04
4.310575799911762442e+04
4.309627269042005355e+04
4.308678738172247540e+04
4.307730207302490453e+04
4.306781676432733366e+04
4.305833145562977006e+04
4.304884614693219919e+04
4.303936083823462104e+04
4.302987552953705745e+04
4.302039022083948657e+04
4.301090491214191570e+04
4.300141960344434483e+04
4.299193429474677396e+04
4.298244898604920309e+04
4.297296367735163221e+04
4.296347836865406134e+04
4.295399305995649775e+04
4.294450775125891960e+04
4.293502244256134873e+04
4.292553713386379241e+04
4.291605182516621426e+04
4.290656651646864339e+04
4.289708120777107251e+04
4.288759589907350164e+04
4.287811059037593077e+04
4.286862528167835990e+04
4.285913997298078903e+04
4.284965466428322543e+04
4.284016935558564728e+04
4.283068404688807641e+04
4.282119873819051281e+04
4.281171342949294194e+04
4.280222812079537107e+04
4.279274281209780020e+04
4.278325750340022933e+04
4.277377219470265845e+04
4.276428688600508758e+04
4.275480157730751671e+04
4.274531626860995311e+04
4.273583095991237496e+04
4.272634565121480409e+04
4.271686034251724050e+04
4.270737503381966962e+04
4.269788972512209148e+04
4.268840441642452788e+04
4.267891910772695701e+04
4.266943379902938614e+04
4.265994849033180799e+04
4.265046318163424439e+04
4.264097787293667352e+04
4.263149256423910265e+04
4.262200725554152450e+04
4.261252194684396090e+04
4.260303663814639003e+04
4.259355132944881916e+04
4.258406602075124829e+04
4.257458071205367742e+04
4.256509540335610654e+04
4.255561009465853567e+04
4.254612478596097208e+04
4.253663947726340120e+04
4.252715416856582306e+04
4.251766885986825946e+04
4.250818355117068859e+04
4.249869824247311044e+04
4.248921293377554684e+04
4.247972762507796870e+04
4.247024231638039782e+04
4.246075700768282695e+04
4.245127169898526336e+04
4.244178639028768521e+04
4.243230108159012161e+04
4.242281577289255074e+04
4.241333046419497987e+04
4.240384515549740900e+04
4.239435984679983812e+04
4.238487453810227453e+04
4.237538922940469638e+04
4.236590392070712551e+04
4.235641861200955464e+04
4.234693330331199104e+04
4.233744799461441289e+04
4.232796268591684930e+04
4.231847737721927115e+04
4.230899206852170755e+04
4.229950675982413668e+04
4.229002145112657308e+04
4.228053614242899494e+04
4.227105083373142406e+04
4.226156552503386047e+04
4.225208021633628232e+04
4.224259490763871872e+04
4.223310959894114785e+04
4.222362429024357698e+04
4.221413898154600611e+04
4.220465367284843524e+04
4.219516836415086436e+04
4.218568305545329349e+04
4.217619774675572262e+04
4.216671243805815175e+04
4.215722712936058088e+04
4.214774182066301000e+04
4.213825651196543913e+04
4.212877120326786826e+04
4.211928589457029739e+04
4.210980058587272651e+04
4.210031527717516292e+04
4.209082996847759205e+04
4.208134465978001390e+04
4.207185935108244303e+04
4.206237404238487943e+04
4.205288873368730856e+04
4.204340342498973769e+04
4.203391811629216681e+04
4.202443280759459594e+04
4.201494749889702507e+04
4.200546219019945420e+04
4.199597688150189060e+04
4.198649157280431245e+04
4.197700626410674158e+04
4.196752095540917071e+04
4.195803564671159984e+04
4.194855033801402897e+04
4.193906502931646537e+04
4.192957972061888722e+04
4.192009441192132363e+04
4.191060910322375275e+04
4.190112379452617461e+04
4.189163848582860373e+04
4.188215317713104014e+04
4.187266786843346927e+04
4.186318255973589112e+04
4.185369725103832752e+04
4.184421194234075665e+04
4.183472663364318578e+04
4.182524132494561491e+04
4.181575601624804403e+04
4.180627070755047316e+04
4.179678539885290229e+04
4.178730009015533142e+04
4.177781478145776782e+04
4.176832947276018967e+04
4.175884416406261880e+04
4.174935885536504793e+04
4.173987354666748433e+04
4.173038823796990619e+04
4.172090292927234259e+04
4.171141762057477172e+04
4.170193231187719357e+04
4.169244700317962997e+04
4.168296169448205910e+04
4.167347638578448823e+04
4.166399107708691736e+04
4.165450576838935376e+04
4.164502045969177561e+04
4.163553515099421202e+04
4.162604984229663387e+04
4.161656453359907027e+04
4.160707922490149213e+04
4.159759391620392125e+04
4.158810860750635766e+04
4.157862329880878679e+04
4.156913799011120864e+04
4.155965268141363777e+04
4.155016737271606689e+04
4.154068206401850330e+04
4.153119675532093243e+04
4.152171144662336155e+04
4.151222613792579068e+04
4.150274082922821981e+04
4.149325552053065621e+04
4.148377021183307806e+04
4.147428490313550719e+04
4.146479959443794360e+04
4.145531428574037272e+04
4.144582897704279458e+04
4.143634366834523098e+04
4.142685835964765283e+04
4.141737305095008924e+04
4.140788774225251836e+04
4.139840243355494749e+04
4.138891712485737662e+04
4.137943181615980575e+04
4.136994650746223488e+04
4.136046119876466400e+04
4.135097589006709313e+04
4.134149058136952226e+04
4.133200527267195139e+04
4.132251996397438052e+04
4.131303465527681692e+04
4.130354934657923877e+04
4.129406403788167518e+04
4.128457872918409703e+04
4.127509342048653343e+04
4.126560811178895528e+04
4.125612280309139169e+04
4.124663749439382082e+04
4.123715218569625722e+04
4.122766687699867180e+04
4.121818156830110820e+04
4.120869625960353733e+04
4.119921095090596646e+04
4.118972564220839558e+04
4.118024033351082471e+04
4.117075502481326112e+04
4.116126971611568297e+04
4.115178440741811210e+04
4.114229909872054122e+04
4.113281379002297763e+04
4.112332848132540676e+04
4.111384317262783588e+04
4.110435786393026501e+04
4.109487255523269414e+04
4.108538724653512327e+04
4.107590193783755240e+04
4.106641662913998152e+04
4.105693132044241065e+04
4.104744601174483978e+04
4.103796070304726891e+04
4.102847539434969804e+04
4.101899008565212716e+04
4.100950477695456357e+04
4.100001946825698542e+04
4.099053415955941455e+04
4.098104885086184368e+04
4.097156354216427280e+04
4.096207823346670193e+04
4.095259292476913834e+04
4.094310761607157474e+04
4.093362230737398932e+04
4.092413699867642572e+04
4.091465168997885485e+04
4.090516638128128398e+04
4.089568107258372038e+04
4.088619576388614223e+04
4.087671045518857136e+04
4.086722514649100776e+04
4.085773983779343689e+04
4.084825452909586602e+04
4.083876922039829515e+04
4.082928391170072427e+04
4.081979860300315340e+04
4.081031329430558253e+04
4.080082798560801166e+04
4.079134267691044079e+04
4.078185736821286991e+04
4.077237205951529904e+04
4.076288675081772817e+04
4.075340144212015730e+04
4.074391613342259370e+04
4.073443082472501555e+04
4.072494551602745196e+04
4.071546020732987381e+04
4.070597489863231021e+04
4.069648958993473934e+04
4.068700428123716847e+04
4.067751897253959760e+04
4.066803366384202673e+04
4.065854835514444858e+04
4.064906304644688498e+04
4.063957773774931411e+04
4.063009242905174324e+04
4.062060712035417237e+04
4.061112181165660149e+04
4.060163650295903062e+04
4.059215119426145975e+04
4.058266588556389615e+04
4.057318057686632528e+04
4.056369526816875441e+04
4.055420995947118354e+04
4.054472465077361267e+04
4.053523934207604179e+04
4.052575403337847092e+04
4.051626872468090733e+04
4.050678341598332918e+04
4.049729810728576558e+04
4.048781279858818743e+04
4.047832748989061656e+04
4.046884218119304569e+04
4.045935687249547482e+04
4.044987156379790395e+04
4.044038625510034035e+04
4.043090094640276948e+04
4.042141563770519861e+04
4.041193032900762046e+04
4.040244502031004959e+04
4.039295971161247871e+04
4.038347440291491512e+04
4.037398909421734425e+04
4.036450378551977337e+04
4.035501847682220250e+04
4.034553316812463163e+04
4.033604785942706076e+04
4.032656255072948989e+04
4.031707724203191901e+04
4.030759193333434814e+04
4.029810662463678455e+04
4.028862131593920640e+04
4.027913600724164280e+04
4.026965069854406465e+04
4.026016538984650106e+04
4.025068008114892291e+04
4.024119477245135931e+04
4.023170946375378116e+04
4.022222415505621757e+04
4.021273884635864670e+04
4.020325353766107582e+04
4.019376822896350495e+04
4.018428292026593408e+04
4.017479761156835593e+04
4.016531230287079234e+04
4.015582699417322146e+04
4.014634168547565059e+04
4.013685637677807972e+04
4.012737106808050885e+04
4.011788575938294525e+04
4.010840045068536710e+04
4.009891514198780351e+04
4.008942983329022536e+04
4.007994452459266176e+04
4.007045921589508362e+04
4.006097390719752002e+04
4.005148859849994187e+04
4.004200328980237828e+04
4.003251798110480740e+04
4.002303267240723653e+04
4.001354736370966566e+04
4.000406205501210206e+04
3.999457674631452392e+04
3.998509143761696032e+04
3.997560612891938217e+04
3.996612082022181130e+04
3.995663551152424770e+04
3.994715020282667683e+04
3.993766489412910596e+04
3.992817958543153509e+04
3.991869427673396422e+04
3.990920896803639334e+04
3.989972365933882247e+04
3.989023835064125160e+04
3.988075304194368073e+04
3.987126773324610986e+04
3.986178242454854626e+04
3.985229711585097539e+04
3.984281180715339724e+04
3.983332649845583364e+04
3.982384118975826277e+04
3.981435588106069190e+04
3.980487057236311375e+04
3.979538526366555016e+04
3.978589995496797928e+04
3.977641464627040841e+04
3.976692933757284482e+04
3.975744402887526667e+04
3.974795872017770307e+04
3.973847341148012492e+04
3.972898810278255405e+04
3.971950279408498318e+04
3.971001748538741231e+04
3.970053217668984871e+04
3.969104686799227056e+04
3.968156155929469969e+04
3.967207625059713610e+04
3.966259094189955795e+04
3.965310563320198708e+04
3.964362032450441620e+04
3.963413501580685261e+04
3.962464970710928174e+04
3.961516439841171086e+04
3.960567908971413272e+04
3.959619378101656912e+04
3.958670847231899825e+04
3.957722316362142737e+04
3.956773785492384923e+04
3.955825254622628563e+04
3.954876723752871476e+04
3.953928192883114389e+04
3.952979662013357301e+04
3.952031131143600214e+04
3.951082600273843127e+04
3.950134069404086767e+04
3.949185538534329680e+04
3.948237007664571865e+04
3.947288476794815506e+04
3.946339945925057691e+04
3.945391415055301331e+04
3.944442884185543517e+04
3.943494353315787157e+04
3.942545822446030070e+04
3.941597291576272983e+04
3.940648760706515895e+04
3.939700229836758808e+04
3.938751698967002449e+04
3.937803168097244634e+04
3.936854637227487547e+04
3.935906106357730459e+04
3.934957575487973372e+04
3.934009044618216285e+04
3.933060513748459925e+04
3.932111982878702111e+04
3.931163452008945751e+04
3.930214921139188664e+04
3.929266390269431577e+04
3.928317859399674489e+04
3.927369328529917402e+04
3.926420797660161043e+04
3.925472266790403228e+04
3.924523735920646141e+04
3.923575205050889053e+04
3.922626674181132694e+04
3.921678143311375607e+04
3.920729612441617792e+04
3.919781081571860705e+04
3.918832550702104345e+04
3.917884019832347258e+04
3.916935488962589443e+04
3.915986958092833083e+04
3.915038427223075996e+04
3.914089896353318909e+04
3.913141365483561822e+04
3.912192834613804735e+04
3.911244303744047647e+04
3.910295772874290560e+04
3.909347242004533473e+04
3.908398711134776386e+04
3.907450180265019299e+04
3.906501649395262939e+04
3.905553118525505852e+04
3.904604587655748765e+04
3.903656056785991677e+04
3.902707525916234590e+04
3.901758995046477503e+04
3.900810464176720416e+04
3.899861933306963329e+04
3.898913402437206241e+04
3.897964871567449154e+04
3.897016340697692067e+04
3.896067809827934980e+04
3.895119278958177892e+04
3.894170748088420805e+04
3.893222217218663718e+04
3.892273686348906631e+04
3.891325155479149544e+04
3.890376624609393184e+04
3.889428093739636097e+04
3.888479562869879010e+04
3.887531032000121922e+04
3.886582501130364835e+04
3.885633970260607020e+04
3.884685439390850661e+04
3.883736908521093574e+04
3.882788377651336486e+04
3.881839846781580127e+04
3.880891315911822312e+04
3.879942785042065225e+04
3.878994254172308138e+04
3.878045723302551778e+04
3.877097192432793963e+04
3.876148661563037604e+04
3.875200130693279789e+04
3.874251599823523429e+04
3.873303068953765614e+04
3.872354538084009255e+04
3.871406007214251440e+04
3.870457476344495080e+04
3.869508945474737993e+04
3.868560414604980906e+04
3.867611883735223819e+04
3.866663352865466732e+04
3.865714821995709644e+04
3.864766291125952557e+04
3.863817760256195470e+04
3.862869229386438383e+04
3.861920698516682023e+04
3.860972167646924208e+04
3.860023636777167849e+04
3.859075105907410034e+04
3.858126575037653674e+04
3.857178044167895860e+04
3.856229513298139500e+04
3.855280982428382413e+04
3.854332451558624598e+04
3.853383920688868238e+04
3.852435389819111151e+04
3.851486858949353336e+04
3.850538328079596977e+04
3.849589797209839890e+04
3.848641266340082802e+04
3.847692735470325715e+04
3.846744204600568628e+04
3.845795673730811541e+04
3.844847142861054454e+04
3.843898611991298094e+04
3.842950081121540279e+04
3.842001550251783192e+04
3.841053019382026105e+04
3.840104488512269745e+04
3.839155957642512658e+04
3.838207426772755571e+04
3.837258895902999211e+04
3.836310365033241396e+04
3.835361834163484309e+04
3.834413303293727222e+04
3.833464772423970135e+04
3.832516241554213047e+04
3.831567710684455960e+04
3.830619179814698873e+04
3.829670648944942513e+04
3.828722118075185426e+04
3.827773587205428339e+04
3.826825056335671252e+04
3.825876525465914165e+04
3.824927994596157077e+04
3.823979463726399990e+04
3.823030932856642175e+04
3.822082401986885816e+04
3.821133871117128729e+04
3.820185340247371641e+04
3.819236809377614554e+04
3.818288278507857467e+04
3.817339747638100380e+04
3.816391216768343293e+04
3.815442685898586205e+04
3.814494155028829118e+04
3.813545624159072759e+04
3.812597093289315671e+04
3.811648562419558584e+04
3.810700031549801497e+04
3.809751500680044410e+04
3.808802969810287323e+04
3.807854438940530235e+04
3.806905908070773876e+04
3.805957377201016061e+04
3.805008846331258974e+04
3.804060315461501887e+04
3.803111784591744799e+04
3.802163253721987712e+04
3.801214722852231353e+04
3.800266191982473538e+04
3.799317661112717178e+04
3.798369130242959363e+04
3.797420599373203004e+04
3.796472068503445917e+04
3.795523537633688829e+04
3.794575006763931742e+04
3.793626475894174655e+04
3.792677945024417568e+04
3.791729414154660481e+04
3.790780883284903393e+04
3.789832352415146306e+04
3.788883821545389947e+04
3.787935290675632132e+04
3.786986759805875772e+04
3.786038228936117957e+04
3.785089698066361598e+04
3.784141167196604511e+04
3.783192636326847423e+04
3.782244105457090336e+04
3.781295574587332521e+04
3.780347043717576162e+04
3.779398512847819075e+04
3.778449981978061260e+04
3.777501451108304173e+04
3.776552920238547813e+04
3.775604389368790726e+04
3.774655858499033639e+04
3.773707327629276551e+04
3.772758796759519464e+04
3.771810265889762377e+04
3.770861735020005290e+04
3.769913204150248202e+04
3.768964673280491843e+04
3.768016142410734028e+04
3.767067611540976941e+04
3.766119080671219854e+04
3.765170549801462766e+04
3.764222018931705679e+04
3.763273488061948592e+04
3.762324957192191505e+04
3.761376426322435145e+04
3.760427895452677330e+04
3.759479364582920971e+04
3.758530833713163156e+04
3.757582302843406069e+04
3.756633771973649709e+04
3.755685241103892622e+04
3.754736710234135535e+04
3.753788179364378448e+04
3.752839648494621360e+04
3.751891117624864273e+04
3.750942586755107186e+04
3.749994055885350099e+04
3.749045525015593012e+04
3.748096994145835924e+04
3.747148463276078837e+04
3.746199932406322478e+04
3.745251401536564663e+04
3.744302870666807576e+04
3.743354339797051216e+04
3.742405808927293401e+04
3.741457278057537042e+04
3.740508747187779227e+04
3.739560216318022867e+04
3.738611685448265052e+04
3.737663154578508693e+04
3.736714623708750878e+04
3.735766092838994518e+04
3.734817561969236704e+04
3.733869031099480344e+04
3.732920500229723257e+04
3.731971969359966170e+04
3.731023438490209082e+04
3.730074907620451995e+04
3.729126376750695636e+04
3.728177845880938548e+04
3.727229315011181461e+04
3.726280784141423646e+04
3.725332253271667287e+04
3.724383722401910200e+04
3.723435191532152385e+04
3.722486660662396025e+04
3.721538129792638938e+04
3.720589598922881851e+04
3.719641068053124764e+04
3.718692537183367676e+04
3.717744006313610589e+04
3.716795475443853502e+04
3.715846944574097142e+04
3.714898413704339328e+04
3.713949882834582240e+04
3.713001351964825881e+04
3.712052821095068066e+04
3.711104290225311706e+04
3.710155759355553892e+04
3.709207228485796804e+04
3.708258697616040445e+04
3.707310166746283357e+04
3.706361635876526270e+04
3.705413105006769183e+04
3.704464574137012096e+04
3.703516043267255009e+04
3.702567512397497921e+04
3.701618981527740834e+04
3.700670450657983747e+04
3.699721919788227387e+04
3.698773388918469573e+04
3.697824858048712485e+04
3.696876327178956126e+04
3.695927796309199039e+04
3.694979265439441951e+04
3.694030734569684864e+04
3.693082203699927777e+04
3.692133672830170690e+04
3.691185141960413603e+04
3.690236611090656515e+04
3.689288080220899428e+04
3.688339549351143069e+04
3.687391018481385254e+04
3.686442487611628894e+04
3.685493956741871079e+04
3.684545425872113992e+04
3.683596895002356905e+04
3.682648364132600545e+04
3.681699833262843458e+04
3.680751302393086371e+04
3.679802771523329284e+04
3.678854240653572197e+04
3.677905709783815109e+04
3.676957178914058022e+04
3.676008648044300935e+04
3.675060117174543848e+04
3.674111586304787488e+04
3.673163055435029673e+04
3.672214524565272586e+04
3.671265993695515499e+04
3.670317462825758412e+04
3.669368931956001325e+04
3.668420401086244965e+04
3.667471870216487878e+04
3.666523339346730063e+04
3.665574808476973703e+04
3.664626277607216616e+04
3.663677746737459529e+04
3.662729215867702442e+04
3.661780684997945355e+04
3.660832154128188267e+04
3.659883623258431180e+04
3.658935092388674093e+04
3.657986561518917006e+04
3.657038030649160646e+04
3.656089499779402831e+04
3.655140968909645744e+04
3.654192438039889385e+04
3.653243907170132297e+04
3.652295376300375210e+04
3.651346845430618123e+04
3.650398314560861036e+04
3.649449783691103949e+04
3.648501252821346861e+04
3.647552721951589774e+04
3.646604191081832687e+04
3.645655660212075600e+04
3.644707129342318512e+04
3.643758598472561425e+04
3.642810067602804338e+04
3.641861536733047978e+04
3.640913005863290164e+04
3.639964474993533076e+04
3.639015944123776717e+04
3.638067413254019630e+04
3.637118882384262542e+04
3.636170351514504728e+04
3.635221820644748368e+04
3.634273289774991281e+04
3.633324758905234194e+04
3.632376228035477106e+04
3.631427697165720019e+04
3.630479166295962932e+04
3.629530635426205845e+04
3.628582104556448758e+04
3.627633573686692398e+04
3.626685042816934583e+04
3.625736511947177496e+04
3.624787981077421136e+04
3.623839450207663322e+04
3.622890919337906962e+04
3.621942388468149875e+04
3.620993857598392788e+04
3.620045326728635700e+04
3.619096795858878613e+04
3.618148264989121526e+04
3.617199734119364439e+04
3.616251203249607352e+04
3.615302672379850264e+04
3.614354141510093177e+04
3.613405610640336818e+04
3.612457079770579003e+04
3.611508548900822643e+04
3.610560018031064828e+04
3.609611487161308469e+04
3.608662956291551382e+04
3.607714425421794294e+04
3.606765894552037207e+04
3.605817363682280120e+04
3.604868832812523033e+04
3.603920301942765946e+04
3.602971771073008858e+04
3.602023240203251771e+04
3.601074709333494684e+04
3.600126178463737597e+04
3.599177647593981237e+04
3.598229116724223422e+04
3.597280585854467063e+04
3.596332054984709248e+04
3.595383524114952888e+04
3.594434993245195074e+04
3.593486462375438714e+04
3.592537931505680899e+04
3.591589400635924540e+04
3.590640869766166725e+04
3.589692338896410365e+04
3.588743808026654006e+04
3.587795277156896191e+04
3.586846746287139104e+04
3.585898215417382016e+04
3.584949684547624929e+04
3.584001153677867842e+04
3.583052622808111482e+04
3.582104091938353668e+04
3.581155561068596580e+04
3.580207030198839493e+04
3.579258499329083133e+04
3.578309968459326046e+04
3.577361437589568959e+04
3.576412906719811144e+04
3.575464375850054057e+04
3.574515844980296970e+04
3.573567314110539883e+04
3.572618783240782795e+04
3.571670252371026436e+04
3.570721721501269349e+04
3.569773190631512261e+04
3.568824659761755174e+04
3.567876128891998087e+04
3.566927598022241000e+04
3.565979067152483913e+04
3.565030536282726825e+04
3.564082005412969738e+04
3.563133474543213379e+04
3.562184943673455564e+04
3.561236412803699204e+04
3.560287881933941389e+04
3.559339351064185030e+04
3.558390820194427215e+04
3.557442289324670128e+04
3.556493758454913768e+04
3.555545227585156681e+04
3.554596696715399594e+04
3.553648165845642507e+04
3.552699634975885419e+04
3.551751104106128332e+04
3.550802573236371245e+04
3.549854042366614158e+04
3.548905511496857071e+04
3.547956980627100711e+04
3.547008449757343624e+04
3.546059918887585809e+04
3.545111388017829449e+04
3.544162857148071635e+04
3.543214326278315275e+04
3.542265795408557460e+04
3.541317264538801101e+04
3.540368733669044013e+04
3.539420202799286926e+04
3.538471671929530567e+04
3.537523141059772752e+04
3.536574610190015665e+04
3.535626079320258577e+04
3.534677548450501490e+04
3.533729017580744403e+04
3.532780486710987316e+04
3.531831955841230229e+04
3.530883424971473141e+04
3.529934894101716054e+04
3.528986363231959695e+04
3.528037832362201880e+04
3.527089301492445520e+04
3.526140770622687705e+04
3.525192239752931346e+04
3.524243708883173531e+04
3.523295178013417171e+04
3.522346647143660084e+04
3.521398116273902997e+04
3.520449585404145910e+04
3.519501054534389550e+04
3.518552523664631735e+04
3.517603992794874648e+04
3.516655461925118288e+04
3.515706931055360474e+04
3.514758400185604114e+04
3.513809869315846299e+04
3.512861338446089940e+04
3.511912807576332125e+04
3.510964276706575765e+04
3.510015745836817950e+04
3.509067214967061591e+04
3.508118684097304504e+04
3.507170153227547416e+04
3.506221622357790329e+04
3.505273091488033242e+04
3.504324560618276155e+04
3.503376029748519068e+04
3.502427498878762708e+04
3.501478968009004893e+04
3.500530437139247806e+04
3.499581906269491446e+04
3.498633375399734359e+04
3.497684844529976544e+04
3.496736313660220185e+04
3.495787782790463098e+04
3.494839251920706010e+04
3.493890721050948923e+04
3.492942190181191836e+04
3.491993659311434749e+04
3.491045128441677662e+04
3.490096597571920574e+04
3.489148066702163487e+04
3.488199535832407128e+04
3.487251004962649313e+04
3.486302474092892226e+04
3.485353943223135138e+04
3.484405412353378051e+04
3.483456881483620964e+04
3.482508350613863877e+04
3.481559819744106790e+04
3.480611288874350430e+04
3.479662758004592615e+04
3.478714227134836256e+04
3.477765696265078441e+04
3.476817165395322081e+04
3.475868634525564994e+04
3.474920103655807907e+04
3.473971572786050820e+04
3.473023041916293732e+04
3.472074511046536645e+04
3.471125980176779558e+04
3.470177449307022471e+04
3.469228918437265384e+04
3.468280387567508296e+04
3.467331856697751209e+04
3.466383325827994122e+04
3.465434794958237035e+04
3.464486264088479948e+04
3.463537733218722860e+04
3.462589202348966501e+04
3.461640671479208686e+04
3.460692140609452326e+04
3.459743609739694512e+04
3.458795078869937424e+04
3.457846548000181065e+04
3.456898017130423978e+04
3.455949486260666890e+04
3.455000955390909803e+04
3.454052424521152716e+04
3.453103893651395629e+04
3.452155362781638541e+04
3.451206831911881454e+04
3.450258301042125095e+04
3.449309770172367280e+04
3.448361239302610193e+04
3.447412708432853105e+04
3.446464177563096746e+04
3.445515646693339659e+04
3.444567115823582571e+04
3.443618584953824757e+04
3.442670054084068397e+04
3.441721523214310582e+04
3.440772992344554223e+04
3.439824461474796408e+04
3.438875930605040048e+04
3.437927399735282961e+04
3.436978868865525874e+04
3.436030337995768787e+04
3.435081807126011699e+04
3.434133276256254612e+04
3.433184745386497525e+04
3.432236214516740438e+04
3.431287683646983351e+04
3.430339152777226991e+04
3.429390621907469904e+04
3.428442091037712817e+04
3.427493560167955002e+04
3.426545029298198642e+04
3.425596498428441555e+04
3.424647967558684468e+04
3.423699436688927381e+04
3.422750905819170293e+04
3.421802374949413206e+04
3.420853844079656119e+04
3.419905313209899032e+04
3.418956782340141945e+04
3.418008251470384857e+04
3.417059720600627770e+04
3.416111189730870683e+04
3.415162658861114323e+04
3.414214127991356509e+04
3.413265597121600149e+04
3.412317066251843062e+04
3.411368535382085975e+04
3.410420004512328887e+04
3.409471473642571800e+04
3.408522942772814713e+04
3.407574411903057626e+04
3.406625881033300539e+04
3.405677350163544179e+04
3.404728819293786364e+04
3.403780288424029277e+04
3.402831757554272190e+04
3.401883226684515103e+04
3.400934695814758015e+04
3.399986164945001656e+04
3.399037634075244569e+04
3.398089103205486754e+04
3.397140572335729667e+04
3.396192041465973307e+04
3.395243510596216220e+04
3.394294979726459133e+04
3.393346448856702045e+04
3.392397917986944958e+04
3.391449387117187871e+04
3.390500856247430784e+04
3.389552325377673696e+04
3.388603794507916609e+04
3.387655263638158794e+04
3.386706732768402435e+04
3.385758201898645348e+04
3.384809671028888260e+04
3.383861140159131901e+04
3.382912609289374086e+04
3.381964078419616999e+04
3.381015547549859912e+04
3.380067016680103552e+04
3.379118485810346465e+04
3.378169954940589378e+04
3.377221424070832290e+04
3.376272893201075203e+04
3.375324362331318116e+04
3.374375831461561029e+04
3.373427300591803942e+04
3.372478769722046854e+04
3.371530238852289767e+04
3.370581707982532680e+04
3.369633177112775593e+04
3.368684646243019233e+04
3.367736115373262146e+04
3.366787584503505059e+04
3.365839053633747972e+04
3.364890522763990884e+04
3.363941991894233797e+04
3.362993461024476710e+04
3.362044930154719623e+04
3.361096399284962536e+04
3.360147868415205448e+04
3.359199337545449089e+04
3.358250806675691274e+04
3.357302275805934187e+04
3.356353744936177100e+04
3.355405214066420012e+04
3.354456683196662925e+04
3.353508152326906566e+04
3.352559621457148751e+04
3.351611090587392391e+04
3.350662559717635304e+04
3.349714028847878217e+04
3.348765497978121130e+04
3.347816967108364042e+04
3.346868436238607683e+04
3.345919905368849868e+04
3.344971374499093508e+04
3.344022843629335694e+04
3.343074312759579334e+04
3.342125781889821519e+04
3.341177251020064432e+04
3.340228720150307345e+04
3.339280189280550258e+04
3.338331658410793170e+04
3.337383127541036811e+04
3.336434596671279724e+04
3.335486065801521909e+04
3.334537534931765549e+04
3.333589004062008462e+04
3.332640473192251375e+04
3.331691942322494288e+04
3.330743411452737200e+04
3.329794880582980113e+04
3.328846349713223026e+04
3.327897818843465939e+04
3.326949287973708851e+04
3.326000757103952492e+04
3.325052226234194677e+04
3.324103695364438317e+04
3.323155164494681230e+04
3.322206633624924143e+04
3.321258102755167056e+04
3.320309571885409969e+04
3.319361041015652154e+04
3.318412510145895794e+04
3.317463979276138707e+04
3.316515448406381620e+04
3.315566917536624533e+04
3.314618386666867445e+04
3.313669855797110358e+04
3.312721324927353271e+04
3.311772794057596184e+04
3.310824263187839097e+04
3.309875732318082009e+04
3.308927201448324922e+04
3.307978670578568563e+04
3.307030139708811475e+04
3.306081608839054388e+04
3.305133077969297301e+04
3.304184547099540214e+04
3.303236016229783127e+04
3.302287485360026039e+04
3.301338954490268952e+04
3.300390423620511865e+04
3.299441892750754778e+04
3.298493361880997691e+04
3.297544831011240603e+04
3.296596300141483516e+04
3.295647769271726429e+04
3.294699238401970069e+04
3.293750707532212982e+04
3.292802176662455167e+04
3.291853645792698080e+04
3.290905114922941721e+04
3.289956584053184633e+04
3.289008053183427546e+04
3.288059522313670459e+04
3.287110991443913372e+04
3.286162460574156285e+04
3.285213929704399197e+04
3.284265398834642838e+04
3.283316867964885023e+04
3.282368337095128663e+04
3.281419806225370849e+04
3.280471275355613761e+04
3.279522744485857402e+04
3.278574213616100315e+04
3.277625682746343227e+04
3.276677151876585776e+04
3.275728621006829053e+04
3.274780090137071966e+04
3.273831559267314879e+04
3.272883028397557791e+04
3.271934497527800704e+04
3.270985966658043617e+04
3.270037435788286894e+04
3.269088904918529806e+04
3.268140374048773083e+04
3.267191843179015632e+04
3.266243312309258181e+04
3.265294781439501457e+04
3.264346250569744734e+04
3.263397719699987647e+04
3.262449188830230560e+04
3.261500657960473836e+04
3.260552127090716385e+04
3.259603596220959298e+04
3.258655065351202575e+04
3.257706534481445487e+04
3.256758003611688036e+04
3.255809472741931313e+04
3.254860941872174226e+04
3.253912411002417139e+04
3.252963880132660051e+04
3.252015349262902964e+04
3.251066818393145877e+04
3.250118287523389154e+04
3.249169756653631703e+04
3.248221225783874615e+04
3.247272694914117892e+04
3.246324164044360805e+04
3.245375633174603718e+04
3.244427102304846630e+04
3.243478571435089543e+04
3.242530040565332456e+04
3.241581509695575369e+04
3.240632978825818645e+04
3.239684447956061922e+04
3.238735917086304471e+04
3.237787386216547384e+04
3.236838855346790297e+04
3.235890324477033209e+04
3.234941793607276486e+04
3.233993262737519035e+04
3.233044731867762312e+04
3.232096200998004861e+04
3.231147670128248137e+04
3.230199139258491050e+04
3.229250608388733963e+04
3.228302077518976876e+04
3.227353546649219788e+04
3.226405015779463065e+04
3.225456484909705978e+04
3.224507954039948527e+04
3.223559423170191803e+04
3.222610892300434716e+04
3.221662361430677993e+04
3.220713830560920542e+04
3.219765299691163818e+04
3.218816768821406367e+04
3.217868237951649644e+04
3.216919707081892557e+04
3.215971176212135106e+04
3.215022645342378382e+04
3.214074114472621295e+04
3.213125583602864208e+04
3.212177052733107485e+04
3.211228521863350034e+04
3.210279990993592946e+04
3.209331460123836223e+04
3.208382929254078772e+04
3.207434398384322412e+04
3.206485867514564961e+04
3.205537336644807874e+04
3.204588805775050787e+04
3.203640274905293700e+04
3.202691744035536613e+04
3.201743213165779525e+04
3.200794682296022802e+04
3.199846151426265351e+04
3.198897620556508627e+04
3.197949089686751540e+04
3.197000558816994817e+04
3.196052027947237366e+04
3.195103497077480279e+04
3.194154966207723555e+04
3.193206435337966104e+04
3.192257904468209381e+04
3.191309373598452294e+04
3.190360842728695206e+04
3.189412311858938483e+04
3.188463780989181396e+04
3.187515250119423945e+04
3.186566719249667585e+04
3.185618188379910134e+04
3.184669657510153047e+04
3.183721126640395960e+04
3.182772595770639236e+04
3.181824064900881785e+04
3.180875534031125426e+04
3.179927003161367611e+04
3.178978472291610888e+04
3.178029941421854164e+04
3.177081410552096349e+04
3.176132879682339990e+04
3.175184348812582903e+04
3.174235817942825815e+04
3.173287287073068728e+04
3.172338756203311277e+04
3.171390225333554554e+04
3.170441694463797467e+04
3.169493163594040743e+04
3.168544632724283656e+04
3.167596101854526205e+04
3.166647570984769118e+04
3.165699040115012394e+04
3.164750509245255307e+04
3.163801978375498220e+04
3.162853447505741133e+04
3.161904916635984409e+04
3.160956385766226595e+04
3.160007854896469871e+04
3.159059324026712420e+04
3.158110793156956061e+04
3.157162262287199337e+04
3.156213731417442250e+04
3.155265200547685163e+04
3.154316669677927712e+04
3.153368138808170625e+04
3.152419607938413537e+04
3.151471077068656450e+04
3.150522546198899727e+04
3.149574015329143003e+04
3.148625484459385916e+04
3.147676953589628465e+04
3.146728422719871378e+04
3.145779891850114655e+04
3.144831360980357204e+04
3.143882830110600480e+04
3.142934299240843393e+04
3.141985768371086306e+04
3.141037237501329219e+04
3.140088706631572495e+04
3.139140175761815044e+04
3.138191644892058321e+04
3.137243114022300870e+04
3.136294583152544146e+04
3.135346052282786695e+04
3.134397521413030336e+04
3.133448990543273248e+04
3.132500459673515797e+04
3.131551928803758346e+04
3.130603397934001987e+04
3.129654867064244900e+04
3.128706336194488176e+04
3.127757805324731089e+04
3.126809274454973638e+04
3.125860743585216915e+04
3.124912212715459464e+04
3.123963681845702376e+04
3.123015150975945653e+04
3.122066620106188930e+04
3.121118089236431842e+04
3.120169558366674391e+04
3.119221027496917304e+04
3.118272496627160581e+04
3.117323965757402766e+04
3.116375434887646406e+04
3.115426904017889319e+04
3.114478373148132232e+04
3.113529842278375509e+04
3.112581311408618058e+04
3.111632780538860970e+04
3.110684249669104247e+04
3.109735718799347160e+04
3.108787187929590073e+04
3.107838657059832985e+04
3.106890126190075898e+04
3.105941595320319175e+04
3.104993064450562088e+04
3.104044533580804637e+04
3.103096002711047913e+04
3.102147471841291190e+04
3.101198940971534103e+04
3.100250410101776652e+04
3.099301879232019564e+04
3.098353348362262841e+04
3.097404817492505754e+04
3.096456286622748303e+04
3.095507755752991579e+04
3.094559224883234492e+04
3.093610694013477405e+04
3.092662163143720318e+04
3.091713632273963594e+04
3.090765101404206143e+04
3.089816570534449420e+04
3.088868039664692333e+04
3.087919508794935609e+04
3.086970977925178158e+04
3.086022447055421071e+04
3.085073916185664348e+04
3.084125385315907261e+04
3.083176854446149810e+04
3.082228323576393450e+04
3.081279792706635999e+04
3.080331261836878912e+04
3.079382730967122188e+04
3.078434200097364737e+04
3.077485669227608014e+04
3.076537138357850927e+04
3.075588607488093839e+04
3.074640076618336752e+04
3.073691545748579665e+04
3.072743014878822578e+04
3.071794484009065854e+04
3.070845953139308403e+04
3.069897422269551316e+04
3.068948891399794593e+04
3.068000360530037506e+04
3.067051829660280055e+04
3.066103298790523695e+04
3.065154767920766244e+04
3.064206237051009521e+04
3.063257706181252433e+04
3.062309175311495346e+04
3.061360644441738259e+04
3.060412113571981172e+04
3.059463582702224085e+04
3.058515051832466997e+04
3.057566520962710274e+04
3.056617990092952823e+04
3.055669459223195736e+04
3.054720928353439012e+04
3.053772397483681925e+04
3.052823866613924838e+04
3.051875335744168115e+04
3.050926804874410664e+04
3.049978274004653576e+04
3.049029743134896489e+04
3.048081212265139402e+04
3.047132681395382679e+04
3.046184150525625591e+04
3.045235619655868504e+04
3.044287088786111053e+04
3.043338557916354330e+04
3.042390027046597243e+04
3.041441496176840519e+04
3.040492965307083068e+04
3.039544434437326345e+04
3.038595903567569621e+04
3.037647372697812534e+04
3.036698841828055083e+04
3.035750310958297996e+04
3.034801780088541273e+04
3.033853249218784185e+04
3.032904718349027098e+04
3.031956187479270011e+04
3.031007656609513288e+04
3.030059125739755837e+04
3.029110594869998749e+04
3.028162064000241662e+04
3.027213533130484211e+04
3.026265002260728215e+04
3.025316471390970764e+04
3.024367940521213677e+04
3.023419409651456226e+04
3.022470878781699503e+04
3.021522347911942416e+04
3.020573817042184965e+04
3.019625286172428605e+04
3.018676755302671518e+04
3.017728224432914431e+04
3.016779693563157343e+04
3.015831162693399892e+04
3.014882631823643169e+04
3.013934100953886082e+04
3.012985570084128994e+04
3.012037039214371907e+04
3.011088508344615548e+04
3.010139977474858097e+04
3.009191446605101009e+04
3.008242915735343558e+04
3.007294384865587199e+04
3.006345853995829748e+04
3.005397323126073388e+04
3.004448792256315210e+04
3.003500261386558850e+04
3.002551730516802127e+04
3.001603199647044676e+04
3.000654668777287588e+04
2.999706137907530865e+04
2.998757607037773778e+04
2.997809076168016691e+04
2.996860545298259240e+04
2.995912014428502152e+04
2.994963483558745793e+04
2.994014952688988706e+04
2.993066421819230891e+04
2.992117890949474531e+04
2.991169360079717444e+04
2.990220829209959993e+04
2.989272298340203633e+04
2.988323767470446182e+04
2.987375236600689095e+04
2.986426705730932008e+04
2.985478174861174921e+04
2.984529643991417834e+04
2.983581113121660746e+04
2.982632582251904023e+04
2.981684051382146572e+04
2.980735520512389485e+04
2.979786989642632398e+04
2.978838458772876038e+04
2.977889927903118951e+04
2.976941397033361864e+04
2.975992866163604413e+04
2.975044335293847689e+04
2.974095804424090602e+04
2.973147273554333515e+04
2.972198742684576791e+04
2.971250211814818977e+04
2.970301680945062253e+04
2.969353150075305166e+04
2.968404619205548443e+04
2.967456088335790992e+04
2.966507557466034632e+04
2.965559026596276817e+04
2.964610495726520094e+04
2.963661964856763007e+04
2.962713433987006283e+04
2.961764903117248832e+04
2.960816372247492109e+04
2.959867841377735022e+04
2.958919310507977934e+04
2.957970779638220847e+04
2.957022248768463760e+04
2.956073717898706673e+04
2.955125187028949949e+04
2.954176656159192498e+04
2.953228125289435775e+04
2.952279594419678688e+04
2.951331063549921237e+04
2.950382532680164149e+04
2.949434001810407426e+04
2.948485470940650339e+04
2.947536940070893252e+04
2.946588409201136528e+04
2.945639878331379441e+04
2.944691347461621626e+04
2.943742816591865267e+04
2.942794285722108179e+04
2.941845754852351092e+04
2.940897223982594005e+04
2.939948693112836918e+04
2.939000162243079831e+04
2.938051631373322743e+04
2.937103100503565656e+04
2.936154569633808933e+04
2.935206038764052209e+04
2.934257507894295122e+04
2.933308977024538035e+04
2.932360446154780948e+04
2.931411915285023497e+04
2.930463384415266773e+04
2.929514853545509686e+04
2.928566322675752599e+04
2.927617791805995512e+04
2.926669260936238425e+04
2.925720730066480974e+04
2.924772199196724250e+04
2.923823668326967527e+04
2.922875137457210440e+04
2.921926606587453352e+04
2.920978075717696265e+04
2.920029544847939178e+04
2.919081013978182091e+04
2.918132483108425367e+04
2.917183952238668280e+04
2.916235421368911193e+04
2.915286890499153378e+04
2.914338359629397382e+04
2.913389828759639931e+04
2.912441297889882844e+04
2.911492767020125757e+04
2.910544236150369034e+04
2.909595705280611583e+04
2.908647174410854859e+04
2.907698643541097408e+04
2.906750112671340685e+04
2.905801581801583961e+04
2.904853050931826874e+04
2.903904520062069787e+04
2.902955989192313064e+04
2.902007458322555613e+04
2.901058927452798525e+04
2.900110396583041438e+04
2.899161865713284715e+04
2.898213334843527991e+04
2.897264803973770540e+04
2.896316273104013089e+04
2.895367742234256366e+04
2.894419211364499643e+04
2.893470680494742192e+04
2.892522149624985104e+04
2.891573618755228381e+04
2.890625087885470930e+04
2.889676557015713843e+04
2.888728026145957119e+04
2.887779495276200032e+04
2.886830964406443309e+04
2.885882433536685858e+04
2.884933902666929134e+04
2.883985371797172047e+04
2.883036840927414960e+04
2.882088310057657509e+04
2.881139779187900422e+04
2.880191248318143698e+04
2.879242717448386975e+04
2.878294186578629888e+04
2.877345655708872800e+04
2.876397124839115349e+04
2.875448593969358626e+04
2.874500063099601539e+04
2.873551532229844452e+04
2.872603001360087364e+04
2.871654470490330277e+04
2.870705939620573190e+04
2.869757408750816103e+04
2.868808877881059016e+04
2.867860347011301928e+04
2.866911816141545205e+04
2.865963285271788118e+04
2.865014754402031031e+04
2.864066223532273943e+04
2.863117692662517220e+04
2.862169161792759769e+04
2.861220630923003046e+04
2.860272100053245595e+04
2.859323569183488871e+04
2.858375038313732148e+04
2.857426507443974697e+04
2.856477976574217610e+04
2.855529445704460522e+04
2.854580914834703435e+04
2.853632383964947076e+04
2.852683853095189625e+04
2.851735322225432174e+04
2.850786791355675450e+04
2.849838260485918727e+04
2.848889729616161640e+04
2.847941198746404552e+04
2.846992667876647465e+04
2.846044137006890378e+04
2.845095606137133291e+04
2.844147075267376204e+04
2.843198544397619116e+04
2.842250013527862029e+04
2.841301482658105306e+04
2.840352951788348219e+04
2.839404420918591131e+04
2.838455890048834044e+04
2.837507359179076593e+04
2.836558828309320234e+04
2.835610297439562783e+04
2.834661766569806059e+04
2.833713235700048972e+04
2.832764704830291885e+04
2.831816173960534798e+04
2.830867643090777710e+04
2.829919112221020623e+04
2.828970581351263536e+04
2.828022050481506449e+04
2.827073519611749725e+04
2.826124988741992638e+04
2.825176457872235551e+04
2.824227927002478464e+04
2.823279396132721376e+04
2.822330865262964653e+04
2.821382334393207566e+04
2.820433803523450479e+04
2.819485272653693028e+04
2.818536741783936304e+04
2.817588210914179217e+04
2.816639680044422130e+04
2.815691149174665043e+04
2.814742618304907955e+04
2.813794087435150868e+04
2.812845556565393781e+04
2.811897025695637058e+04
2.810948494825879970e+04
2.809999963956122883e+04
2.809051433086365796e+04
2.808102902216608709e+04
2.807154371346851985e+04
2.806205840477094898e+04
2.805257309607337811e+04
2.804308778737580724e+04
2.803360247867823637e+04
2.802411716998066549e+04
2.801463186128309826e+04
2.800514655258552375e+04
2.799566124388795288e+04
2.798617593519038201e+04
2.797669062649281841e+04
2.796720531779524390e+04
2.795772000909767303e+04
2.794823470040010216e+04
2.793874939170253128e+04
2.792926408300496405e+04
2.791977877430739318e+04
2.791029346560982231e+04
2.790080815691225143e+04
2.789132284821468056e+04
2.788183753951710605e+04
2.787235223081954246e+04
2.786286692212196795e+04
2.785338161342439707e+04
2.784389630472682984e+04
2.783441099602925533e+04
2.782492568733168446e+04
2.781544037863411722e+04
2.780595506993654999e+04
2.779646976123897184e+04
2.778698445254140461e+04
2.777749914384383737e+04
2.776801383514626650e+04
2.775852852644869563e+04
2.774904321775112476e+04
2.773955790905355752e+04
2.773007260035598301e+04
2.772058729165841214e+04
2.771110198296084127e+04
2.770161667426327404e+04
2.769213136556570316e+04
2.768264605686813229e+04
2.767316074817056506e+04
2.766367543947299419e+04
2.765419013077542331e+04
2.764470482207784517e+04
2.763521951338028157e+04
2.762573420468271070e+04
2.761624889598513619e+04
2.760676358728756895e+04
2.759727827858999808e+04
2.758779296989242357e+04
2.757830766119485634e+04
2.756882235249728546e+04
2.755933704379971459e+04
2.754985173510214372e+04
2.754036642640457649e+04
2.753088111770700925e+04
2.752139580900943474e+04
2.751191050031186387e+04
2.750242519161429664e+04
2.749293988291672576e+04
2.748345457421915853e+04
2.747396926552158402e+04
2.746448395682401315e+04
2.745499864812644228e+04
2.744551333942887140e+04
2.743602803073130053e+04
2.742654272203373330e+04
2.741705741333615879e+04
2.740757210463858792e+04
2.739808679594102068e+04
2.738860148724344981e+04
2.737911617854587894e+04
2.736963086984830807e+04
2.736014556115073719e+04
2.735066025245316996e+04
2.734117494375559545e+04
2.733168963505802822e+04
2.732220432636045734e+04
2.731271901766288647e+04
2.730323370896531924e+04
2.729374840026774473e+04
2.728426309157017749e+04
2.727477778287260662e+04
2.726529247417503575e+04
2.725580716547746488e+04
2.724632185677989764e+04
2.723683654808232313e+04
2.722735123938475590e+04
2.721786593068718139e+04
2.720838062198961416e+04
2.719889531329203965e+04
2.718941000459446877e+04
2.717992469589690154e+04
2.717043938719933067e+04
2.716095407850175980e+04
2.715146876980418892e+04
2.714198346110661805e+04
2.713249815240904718e+04
2.712301284371147631e+04
2.711352753501390544e+04
2.710404222631633820e+04
2.709455691761876733e+04
2.708507160892120010e+04
2.707558630022362559e+04
2.706610099152605471e+04
2.705661568282848748e+04
2.704713037413091297e+04
2.703764506543334210e+04
2.702815975673577123e+04
2.701867444803820399e+04
2.700918913934063312e+04
2.699970383064306225e+04
2.699021852194549501e+04
2.698073321324792050e+04
2.697124790455034963e+04
2.696176259585277876e+04
2.695227728715521516e+04
2.694279197845764429e+04
2.693330666976006978e+04
2.692382136106249891e+04
2.691433605236492804e+04
2.690485074366736080e+04
2.689536543496978993e+04
2.688588012627221906e+04
2.687639481757464819e+04
2.686690950887707731e+04
2.685742420017950644e+04
2.684793889148193557e+04
2.683845358278436470e+04
2.682896827408679746e+04
2.681948296538922659e+04
2.680999765669165208e+04
2.680051234799408485e+04
2.679102703929651398e+04
2.678154173059894310e+04
2.677205642190137587e+04
2.676257111320380500e+04
2.675308580450623413e+04
2.674360049580866325e+04
2.673411518711109238e+04
2.672462987841352151e+04
2.671514456971595064e+04
2.670565926101837977e+04
2.669617395232080889e+04
2.668668864362324166e+04
2.667720333492567079e+04
2.666771802622809628e+04
2.665823271753052541e+04
2.664874740883296181e+04
2.663926210013538730e+04
2.662977679143782007e+04
2.662029148274024556e+04
2.661080617404267832e+04
2.660132086534510745e+04
2.659183555664753658e+04
2.658235024794996571e+04
2.657286493925239483e+04
2.656337963055482396e+04
2.655389432185725309e+04
2.654440901315968586e+04
2.653492370446211862e+04
2.652543839576454047e+04
2.651595308706697324e+04
2.650646777836940237e+04
2.649698246967183513e+04
2.648749716097426426e+04
2.647801185227669339e+04
2.646852654357912252e+04
2.645904123488155165e+04
2.644955592618398077e+04
2.644007061748640990e+04
2.643058530878883903e+04
2.642110000009126816e+04
2.641161469139369729e+04
2.640212938269612641e+04
2.639264407399856282e+04
2.638315876530098831e+04
2.637367345660341743e+04
2.636418814790584656e+04
2.635470283920827569e+04
2.634521753051070482e+04
2.633573222181313395e+04
2.632624691311556671e+04
2.631676160441799584e+04
2.630727629572042497e+04
2.629779098702285410e+04
2.628830567832528686e+04
2.627882036962771235e+04
2.626933506093014148e+04
2.625984975223257061e+04
2.625036444353500337e+04
2.624087913483743250e+04
2.623139382613986163e+04
2.622190851744229440e+04
2.621242320874472352e+04
2.620293790004714901e+04
2.619345259134958178e+04
2.618396728265201091e+04
2.617448197395444004e+04
2.616499666525686916e+04
2.615551135655929829e+04
2.614602604786172742e+04
2.613654073916415655e+04
2.612705543046658568e+04
2.611757012176901480e+04
2.610808481307144393e+04
2.609859950437387306e+04
2.608911419567630583e+04
2.607962888697873132e+04
2.607014357828116408e+04
2.606065826958359321e+04
2.605117296088602598e+04
2.604168765218845147e+04
2.603220234349088423e+04
2.602271703479331336e+04
2.601323172609574249e+04
2.600374641739817162e+04
2.599426110870060074e+04
2.598477580000302987e+04
2.597529049130545900e+04
2.596580518260788813e+04
2.595631987391031726e+04
2.594683456521275366e+04
2.593734925651517915e+04
2.592786394781761192e+04
2.591837863912003741e+04
2.590889333042247017e+04
2.589940802172489930e+04
2.588992271302732843e+04
2.588043740432975392e+04
2.587095209563218668e+04
2.586146678693461581e+04
2.585198147823704494e+04
2.584249616953947407e+04
2.583301086084190683e+04
2.582352555214433596e+04
2.581404024344676509e+04
2.580455493474919422e+04
2.579506962605161971e+04
2.578558431735404884e+04
2.577609900865648524e+04
2.576661369995891437e+04
2.575712839126134349e+04
2.574764308256377262e+04
2.573815777386619811e+04
2.572867246516862724e+04
2.571918715647106001e+04
2.570970184777348913e+04
2.570021653907592190e+04
2.569073123037834739e+04
2.568124592168077652e+04
2.567176061298320928e+04
2.566227530428563477e+04
2.565278999558806390e+04
2.564330468689049667e+04
2.563381937819292580e+04
2.562433406949535492e+04
2.561484876079778769e+04
2.560536345210021318e+04
2.559587814340264595e+04
2.558639283470507507e+04
2.557690752600750420e+04
2.556742221730993333e+04
2.555793690861236246e+04
2.554845159991479159e+04
2.553896629121722435e+04
2.552948098251964984e+04
2.551999567382207897e+04
2.551051036512450810e+04
2.550102505642694086e+04
2.549153974772936999e+04
2.548205443903179912e+04
2.547256913033422825e+04
2.546308382163665738e+04
2.545359851293908650e+04
2.544411320424151199e+04
2.543462789554394476e+04
2.542514258684637753e+04
2.541565727814880302e+04
2.540617196945123214e+04
2.539668666075366491e+04
2.538720135205609404e+04
2.537771604335852680e+04
2.536823073466095229e+04
2.535874542596338142e+04
2.534926011726581055e+04
2.533977480856823968e+04
2.533028949987067244e+04
2.532080419117309793e+04
2.531131888247553070e+04
2.530183357377795983e+04
2.529234826508039259e+04
2.528286295638282172e+04
2.527337764768525085e+04
2.526389233898767998e+04
2.525440703029010911e+04
2.524492172159253823e+04
2.523543641289496736e+04
2.522595110419740013e+04
2.521646579549982562e+04
2.520698048680225475e+04
2.519749517810468387e+04
2.518800986940711300e+04
2.517852456070954577e+04
2.516903925201197490e+04
2.515955394331440039e+04
2.515006863461683679e+04
2.514058332591926228e+04
2.513109801722169141e+04
2.512161270852412054e+04
2.511212739982655330e+04
2.510264209112898243e+04
2.509315678243141156e+04
2.508367147373384068e+04
2.507418616503626981e+04
2.506470085633870258e+04
2.505521554764112807e+04
2.504573023894355720e+04
2.503624493024598996e+04
2.502675962154841909e+04
2.501727431285085186e+04
2.500778900415328098e+04
2.499830369545570284e+04
2.498881838675813560e+04
2.497933307806056837e+04
2.496984776936299386e+04
2.496036246066542662e+04
2.495087715196785575e+04
2.494139184327028488e+04
2.493190653457271401e+04
2.492242122587513950e+04
2.491293591717757590e+04
2.490345060848000503e+04
2.489396529978243052e+04
2.488447999108485965e+04
2.487499468238729241e+04
2.486550937368972154e+04
2.485602406499214703e+04
2.484653875629457980e+04
2.483705344759700893e+04
2.482756813889943805e+04
2.481808283020186718e+04
2.480859752150429995e+04
2.479911221280672544e+04
2.478962690410915820e+04
2.478014159541158733e+04
2.477065628671401646e+04
2.476117097801644559e+04
2.475168566931887835e+04
2.474220036062130384e+04
2.473271505192373297e+04
2.472322974322616574e+04
2.471374443452859487e+04
2.470425912583102763e+04
2.469477381713345312e+04
2.468528850843588589e+04
2.467580319973831502e+04
2.466631789104074414e+04
2.465683258234317327e+04
2.464734727364560240e+04
2.463786196494803153e+04
2.462837665625045702e+04
2.461889134755289342e+04
2.460940603885532255e+04
2.459992073015774804e+04
2.459043542146017717e+04
2.458095011276260993e+04
2.457146480406503906e+04
2.456197949536746819e+04
2.455249418666989732e+04
2.454300887797232645e+04
2.453352356927475921e+04
2.452403826057718834e+04
2.451455295187961747e+04
2.450506764318204660e+04
2.449558233448447572e+04
2.448609702578690485e+04
2.447661171708933034e+04
2.446712640839176311e+04
2.445764109969419223e+04
2.444815579099662136e+04
2.443867048229905777e+04
2.442918517360148326e+04
2.441969986490390875e+04
2.441021455620634151e+04
2.440072924750877064e+04
2.439124393881119977e+04
2.438175863011363253e+04
2.437227332141606166e+04
2.436278801271848715e+04
2.435330270402091992e+04
2.434381739532334905e+04
2.433433208662578181e+04
2.432484677792821094e+04
2.431536146923064007e+04
2.430587616053306920e+04
2.429639085183549832e+04
2.428690554313792745e+04
2.427742023444035294e+04
2.426793492574278571e+04
2.425844961704521484e+04
2.424896430834764760e+04
2.423947899965007673e+04
2.422999369095250222e+04
2.422050838225493499e+04
2.421102307355736411e+04
2.420153776485979324e+04
2.419205245616222237e+04
2.418256714746465150e+04
2.417308183876708063e+04
2.416359653006951339e+04
2.415411122137193888e+04
2.414462591267437165e+04
2.413514060397679714e+04
2.412565529527922990e+04
2.411616998658165903e+04
2.410668467788408816e+04
2.409719936918652093e+04
2.408771406048895005e+04
2.407822875179137918e+04
2.406874344309380831e+04
2.405925813439623744e+04
2.404977282569866657e+04
2.404028751700109569e+04
2.403080220830352482e+04
2.402131689960595395e+04
2.401183159090838672e+04
2.400234628221081948e+04
2.399286097351324497e+04
2.398337566481567410e+04
2.397389035611809959e+04
2.396440504742053236e+04
2.395491973872296148e+04
2.394543443002539425e+04
2.393594912132781974e+04
2.392646381263025251e+04
2.391697850393268163e+04
2.390749319523511076e+04
2.389800788653753989e+04
2.388852257783997266e+04
2.387903726914239815e+04
2.386955196044483091e+04
2.386006665174725640e+04
2.385058134304968553e+04
2.384109603435211829e+04
2.383161072565455106e+04
2.382212541695698019e+04
2.381264010825940932e+04
2.380315479956183844e+04
2.379366949086426030e+04
2.378418418216669306e+04
2.377469887346912583e+04
2.376521356477155496e+04
2.375572825607398408e+04
2.374624294737641321e+04
2.373675763867884234e+04
2.372727232998127511e+04
2.371778702128370787e+04
2.370830171258612972e+04
2.369881640388855885e+04
2.368933109519099162e+04
2.367984578649342075e+04
2.367036047779585351e+04
2.366087516909828264e+04
2.365138986040071177e+04
2.364190455170314090e+04
2.363241924300557002e+04
2.362293393430799915e+04
2.361344862561042828e+04
2.360396331691285741e+04
2.359447800821528654e+04
2.358499269951771566e+04
2.357550739082014843e+04
2.356602208212257756e+04
2.355653677342500669e+04
2.354705146472743945e+04
2.353756615602986494e+04
2.352808084733229407e+04
2.351859553863472684e+04
2.350911022993715596e+04
2.349962492123958145e+04
2.349013961254201422e+04
2.348065430384444335e+04
2.347116899514687248e+04
2.346168368644930160e+04
2.345219837775173073e+04
2.344271306905415986e+04
2.343322776035658899e+04
2.342374245165901812e+04
2.341425714296145088e+04
2.340477183426388365e+04
2.339528652556630914e+04
2.338580121686874190e+04
2.337631590817117103e+04
2.336683059947359652e+04
2.335734529077602929e+04
2.334785998207845842e+04
2.333837467338088754e+04
2.332888936468332031e+04
2.331940405598574580e+04
2.330991874728817857e+04
2.330043343859060406e+04
2.329094812989303318e+04
2.328146282119546231e+04
2.327197751249789144e+04
2.326249220380032421e+04
2.325300689510275333e+04
2.324352158640518246e+04
2.323403627770761159e+04
2.322455096901004072e+04
2.321506566031246984e+04
2.320558035161490261e+04
2.319609504291733174e+04
2.318660973421976450e+04
2.317712442552219363e+04
2.316763911682462276e+04
2.315815380812704825e+04
2.314866849942947738e+04
2.313918319073190651e+04
2.312969788203433927e+04
2.312021257333676840e+04
2.311072726463919753e+04
2.310124195594162666e+04
2.309175664724405942e+04
2.308227133854648855e+04
2.307278602984891768e+04
2.306330072115134681e+04
2.305381541245377593e+04
2.304433010375620506e+04
2.303484479505863419e+04
2.302535948636106332e+04
2.301587417766349245e+04
2.300638886896592157e+04
2.299690356026835070e+04
2.298741825157078347e+04
2.297793294287320896e+04
2.296844763417564172e+04
2.295896232547807085e+04
2.294947701678049998e+04
2.293999170808293275e+04
2.293050639938536187e+04
2.292102109068778736e+04
2.291153578199022013e+04
2.290205047329264926e+04
2.289256516459507839e+04
2.288307985589750751e+04
2.287359454719993664e+04
2.286410923850236577e+04
2.285462392980479854e+04
2.284513862110722766e+04
2.283565331240965315e+04
2.282616800371208592e+04
2.281668269501451869e+04
2.280719738631694418e+04
2.279771207761937330e+04
2.278822676892180607e+04
2.277874146022423520e+04
2.276925615152666433e+04
2.275977084282908982e+04
2.275028553413152258e+04
2.274080022543395171e+04
2.273131491673638084e+04
2.272182960803880997e+04
2.271234429934123909e+04
2.270285899064367186e+04
2.269337368194609735e+04
2.268388837324853012e+04
2.267440306455095924e+04
2.266491775585338473e+04
2.265543244715581750e+04
2.264594713845825027e+04
2.263646182976067576e+04
2.262697652106310852e+04
2.261749121236553765e+04
2.260800590366796678e+04
2.259852059497039590e+04
2.258903528627282503e+04
2.257954997757525416e+04
2.257006466887768329e+04
2.256057936018011242e+04
2.255109405148254154e+04
2.254160874278497067e+04
2.253212343408739980e+04
2.252263812538983620e+04
2.251315281669226169e+04
2.250366750799468718e+04
2.249418219929711995e+04
2.248469689059954908e+04
2.247521158190198184e+04
2.246572627320441097e+04
2.245624096450684010e+04
2.244675565580926923e+04
2.243727034711169836e+04
2.242778503841412748e+04
2.241829972971655661e+04
2.240881442101898574e+04
2.239932911232141487e+04
2.238984380362384400e+04
2.238035849492627312e+04
2.237087318622870953e+04
2.236138787753113866e+04
2.235190256883356778e+04
2.234241726013599327e+04
2.233293195143842604e+04
2.232344664274085517e+04
2.231396133404328430e+04
2.230447602534570979e+04
2.229499071664814255e+04
2.228550540795057168e+04
2.227602009925300081e+04
2.226653479055542994e+04
2.225704948185786270e+04
2.224756417316028819e+04
2.223807886446271732e+04
2.222859355576514645e+04
2.221910824706757558e+04
2.220962293837000834e+04
2.220013762967243747e+04
2.219065232097486660e+04
2.218116701227729573e+04
2.217168170357972849e+04
2.216219639488215398e+04
2.215271108618457947e+04
2.214322577748701588e+04
2.213374046878944500e+04
2.212425516009187413e+04
2.211476985139430326e+04
2.210528454269673239e+04
2.209579923399916152e+04
2.208631392530159064e+04
2.207682861660402341e+04
2.206734330790645254e+04
2.205785799920888167e+04
2.204837269051131079e+04
2.203888738181373992e+04
2.202940207311616905e+04
2.201991676441859818e+04
2.201043145572103094e+04
2.200094614702345643e+04
2.199146083832588920e+04
2.198197552962831833e+04
2.197249022093074745e+04
2.196300491223318022e+04
2.195351960353560935e+04
2.194403429483803484e+04
2.193454898614046760e+04
2.192506367744289309e+04
2.191557836874532222e+04
2.190609306004775499e+04
2.189660775135018412e+04
2.188712244265261688e+04
2.187763713395504601e+04
2.186815182525747150e+04
2.185866651655990063e+04
2.184918120786232976e+04
2.183969589916475888e+04
2.183021059046719165e+04
2.182072528176962078e+04
2.181123997307204991e+04
2.180175466437447903e+04
2.179226935567690816e+04
2.178278404697933729e+04
2.177329873828176642e+04
2.176381342958419555e+04
2.175432812088662831e+04
2.174484281218905744e+04
2.173535750349148657e+04
2.172587219479391206e+04
2.171638688609634846e+04
2.170690157739877759e+04
2.169741626870120308e+04
2.168793096000363585e+04
2.167844565130606497e+04
2.166896034260849410e+04
2.165947503391092323e+04
2.164998972521335236e+04
2.164050441651578149e+04
2.163101910781821061e+04
2.162153379912064338e+04
2.161204849042306887e+04
2.160256318172549800e+04
2.159307787302792713e+04
2.158359256433035989e+04
2.157410725563279266e+04
2.156462194693521815e+04
2.155513663823764728e+04
2.154565132954007640e+04
2.153616602084250553e+04
2.152668071214493830e+04
2.151719540344736743e+04
2.150771009474979292e+04
2.149822478605222568e+04
2.148873947735465481e+04
2.147925416865708394e+04
2.146976885995951307e+04
2.146028355126194583e+04
2.145079824256437496e+04
2.144131293386680409e+04
2.143182762516923322e+04
2.142234231647166234e+04
2.141285700777409147e+04
2.140337169907652060e+04
2.139388639037895337e+04
2.138440108168137886e+04
2.137491577298381162e+04
2.136543046428624075e+04
2.135594515558866988e+04
2.134645984689109901e+04
2.133697453819352813e+04
2.132748922949596090e+04
2.131800392079839003e+04
2.130851861210081915e+04
2.129903330340324464e+04
2.128954799470567741e+04
2.128006268600810290e+04
2.127057737731053930e+04
2.126109206861296843e+04
2.125160675991539756e+04
2.124212145121782669e+04
2.123263614252025582e+04
2.122315083382268494e+04
2.121366552512511407e+04
2.120418021642754320e+04
2.119469490772997597e+04
2.118520959903240146e+04
2.117572429033483058e+04
2.116623898163725971e+04
2.115675367293969612e+04
2.114726836424212161e+04
2.113778305554455073e+04
2.112829774684698350e+04
2.111881243814941263e+04
2.110932712945183812e+04
2.109984182075427088e+04
2.109035651205670001e+04
2.108087120335912914e+04
2.107138589466155827e+04
2.106190058596399103e+04
2.105241527726641652e+04
2.104292996856884565e+04
2.103344465987128206e+04
2.102395935117370755e+04
2.101447404247613667e+04
2.100498873377856944e+04
2.099550342508099129e+04
2.098601811638342770e+04
2.097653280768585682e+04
2.096704749898828595e+04
2.095756219029071508e+04
2.094807688159314421e+04
2.093859157289557334e+04
2.092910626419800246e+04
2.091962095550043159e+04
2.091013564680286072e+04
2.090065033810529349e+04
2.089116502940771898e+04
2.088167972071015174e+04
2.087219441201257723e+04
2.086270910331501364e+04
2.085322379461743913e+04
2.084373848591986825e+04
2.083425317722230102e+04
2.082476786852473015e+04
2.081528255982715928e+04
2.080579725112958840e+04
2.079631194243201389e+04
2.078682663373444666e+04
2.077734132503687943e+04
2.076785601633930492e+04
2.075837070764173768e+04
2.074888539894416681e+04
2.073940009024659594e+04
2.072991478154902507e+04
2.072042947285145783e+04
2.071094416415388332e+04
2.070145885545631245e+04
2.069197354675874521e+04
2.068248823806117434e+04
2.067300292936360347e+04
2.066351762066603260e+04
2.065403231196846173e+04
2.064454700327089085e+04
2.063506169457331998e+04
2.062557638587574911e+04
2.061609107717817824e+04
2.060660576848060737e+04
2.059712045978304013e+04
2.058763515108546926e+04
2.057814984238789839e+04
2.056866453369033115e+04
2.055917922499275664e+04
2.054969391629518941e+04
2.054020860759761854e+04
2.053072329890004767e+04
2.052123799020247679e+04
2.051175268150490228e+04
2.050226737280733505e+04
2.049278206410976418e+04
2.048329675541219331e+04
2.047381144671462607e+04
2.046432613801705156e+04
2.045484082931948433e+04
2.044535552062190982e+04
2.043587021192434258e+04
2.042638490322677535e+04
2.041689959452920084e+04
2.040741428583162997e+04
2.039792897713406273e+04
2.038844366843648822e+04
2.037895835973891735e+04
2.036947305104135012e+04
2.035998774234377925e+04
2.035050243364620837e+04
2.034101712494863750e+04
2.033153181625107027e+04
2.032204650755349940e+04
2.031256119885592489e+04
2.030307589015835765e+04
2.029359058146078678e+04
2.028410527276321591e+04
2.027461996406564504e+04
2.026513465536807780e+04
2.025564934667050693e+04
2.024616403797293606e+04
2.023667872927536155e+04
2.022719342057779431e+04
2.021770811188022344e+04
2.020822280318265621e+04
2.019873749448508170e+04
2.018925218578751083e+04
2.017976687708993995e+04
2.017028156839237272e+04
2.016079625969480185e+04
2.015131095099723098e+04
2.014182564229966374e+04
2.013234033360208923e+04
2.012285502490452200e+04
2.011336971620694749e+04
2.010388440750937662e+04
2.009439909881180574e+04
2.008491379011423851e+04
2.007542848141666764e+04
2.006594317271909676e+04
2.005645786402152953e+04
2.004697255532395502e+04
2.003748724662639142e+04
2.002800193792881691e+04
2.001851662923124604e+04
2.000903132053367517e+04
1.999954601183610430e+04
1.999006070313853706e+04
1.998057539444096619e+04
1.997109008574339532e+04
1.996160477704582445e+04
1.995211946834825358e+04
1.994263415965068270e+04
1.993314885095311183e+04
1.992366354225554096e+04
1.991417823355797009e+04
1.990469292486039922e+04
1.989520761616282834e+04
1.988572230746525747e+04
1.987623699876768660e+04
1.986675169007011573e+04
1.985726638137255213e+04
1.984778107267498126e+04
1.983829576397741039e+04
1.982881045527983588e+04
1.981932514658226864e+04
1.980983983788469777e+04
1.980035452918712690e+04
1.979086922048955603e+04
1.978138391179198516e+04
1.977189860309441428e+04
1.976241329439684341e+04
1.975292798569927618e+04
1.974344267700170167e+04
1.973395736830413443e+04
1.972447205960656356e+04
1.971498675090899269e+04
1.970550144221142546e+04
1.969601613351385095e+04
1.968653082481628371e+04
1.967704551611870920e+04
1.966756020742114197e+04
1.965807489872357110e+04
1.964858959002600022e+04
1.963910428132842935e+04
1.962961897263085848e+04
1.962013366393329125e+04
1.961064835523571674e+04
1.960116304653814586e+04
1.959167773784057499e+04
1.958219242914301140e+04
1.957270712044543689e+04
1.956322181174786601e+04
1.955373650305029514e+04
1.954425119435272427e+04
1.953476588565515704e+04
1.952528057695758616e+04
1.951579526826001529e+04
1.950630995956244442e+04
1.949682465086487355e+04
1.948733934216730268e+04
1.947785403346973180e+04
1.946836872477216093e+04
1.945888341607459006e+04
1.944939810737702282e+04
1.943991279867945195e+04
1.943042748998188108e+04
1.942094218128431021e+04
1.941145687258673934e+04
1.940197156388917210e+04
1.939248625519160487e+04
1.938300094649403036e+04
1.937351563779646312e+04
1.936403032909889225e+04
1.935454502040132502e+04
1.934505971170374687e+04
1.933557440300618327e+04
1.932608909430860876e+04
1.931660378561104153e+04
1.930711847691346702e+04
1.929763316821589979e+04
1.928814785951832528e+04
1.927866255082075804e+04
1.926917724212318717e+04
1.925969193342561630e+04
1.925020662472804543e+04
1.924072131603047455e+04
1.923123600733290368e+04
1.922175069863533645e+04
1.921226538993776558e+04
1.920278008124019470e+04
1.919329477254262747e+04
1.918380946384505296e+04
1.917432415514748573e+04
1.916483884644991122e+04
1.915535353775234398e+04
1.914586822905476947e+04
1.913638292035720224e+04
1.912689761165963137e+04
1.911741230296206049e+04
1.910792699426448962e+04
1.909844168556691875e+04
1.908895637686934788e+04
1.907947106817178064e+04
1.906998575947420613e+04
1.906050045077663890e+04
1.905101514207906439e+04
1.904152983338149716e+04
1.903204452468392992e+04
1.902255921598635177e+04
1.901307390728878818e+04
