9.141000000000001364e+02
9.215230501078547150e+02
9.289437070863843928e+02
9.363643640645559572e+02
9.437850210426311151e+02
9.512056780208861255e+02
9.586263349991793348e+02
9.660469919775553080e+02
9.734676489559947186e+02
9.808883059345503170e+02
9.883089629131993661e+02
9.957296198919373182e+02
1.003150276870659809e+03
1.010570933849082962e+03
1.017991590827404707e+03
1.025412247805625157e+03
1.032832904784252833e+03
1.040253561763335256e+03
1.047674218742675521e+03
1.055094875722240204e+03
1.062515532701152779e+03
1.069936189679922336e+03
1.077356846658548875e+03
1.084777503636981919e+03
1.092198160615154393e+03
1.099618817593107906e+03
1.107039474570836546e+03
1.114460131548332583e+03
1.121880788525590106e+03
1.129301445502647312e+03
1.136722102479842306e+03
1.144142759456964086e+03
1.151563416434030387e+03
1.158984073411059398e+03
1.166404730388069083e+03
1.173825387365078313e+03
1.181246044341630295e+03
1.188666701317899424e+03
1.196087358293936177e+03
1.203508015269724638e+03
1.210928672245247526e+03
1.218349329220488016e+03
1.225769986196021364e+03
1.233190643172002410e+03
1.240611300148049395e+03
1.248031957124171640e+03
1.255452614100377332e+03
1.262873271076675792e+03
1.270293928053074978e+03
1.277714585029585123e+03
1.285135242006213502e+03
1.292555898982969666e+03
1.299976555959880898e+03
1.307397212936960841e+03
1.314817869914205403e+03
1.322238526891625042e+03
1.329659183869228627e+03
1.337079840847026617e+03
1.344500497825028106e+03
1.351921154803243098e+03
1.359341811781681827e+03
1.366762468760353386e+03
1.374183125738914896e+03
1.381603782717268359e+03
1.389024439695672072e+03
1.396445096674117394e+03
1.403865753652595913e+03
1.411286410631098761e+03
1.418707067609617752e+03
1.426127724588143792e+03
1.433548381566668013e+03
1.440969038545183139e+03
1.448389695524053423e+03
1.455810352503407557e+03
1.463231009482956779e+03
1.470651666462712001e+03
1.478072323442685729e+03
1.485492980422888195e+03
1.492913637403331904e+03
1.500334294384028453e+03
1.507754951364987392e+03
1.515175608346221907e+03
1.522596265327133551e+03
1.530016922307476079e+03
1.537437579287740846e+03
1.544858236267907841e+03
1.552278893247952738e+03
1.559699550227854616e+03
1.567120207207590738e+03
1.574540864187139960e+03
1.581961521166479088e+03
1.589382178145586295e+03
1.596802835124883586e+03
1.604223492104562411e+03
1.611644149084232595e+03
1.619064806063896413e+03
1.626485463043556592e+03
1.633906120023216999e+03
1.641326777002879680e+03
1.648747433982548273e+03
1.656168090962225506e+03
1.663588747941913880e+03
1.671009404921496980e+03
1.678430061900032342e+03
1.685850718878703219e+03
1.693271375857463454e+03
1.700692032836510634e+03
1.708112689816627380e+03
1.715533346797315744e+03
1.722954003778575498e+03
1.730374660759237258e+03
1.737795317739537040e+03
1.745215974719709493e+03
1.752636631699606596e+03
1.760057288679030080e+03
1.767477945658203907e+03
1.774898602637128079e+03
1.782319259615802821e+03
1.789739916594227907e+03
1.797160573572402882e+03
1.804581230550439614e+03
1.812001887528258067e+03
1.819422544505857104e+03
1.826843201483236953e+03
1.834263858460397387e+03
1.841684515437338632e+03
1.849105172415008383e+03
1.856525829393358435e+03
1.863946486371918127e+03
1.871367143350687684e+03
1.878787800329665515e+03
1.886208457308852758e+03
1.893629114288027495e+03
1.901049771266645166e+03
1.908470428245221910e+03
1.915891085223757955e+03
1.923311742202253299e+03
1.930732399180706580e+03
1.938153056159120069e+03
1.945573713137647246e+03
1.952994370116199661e+03
1.960415027094764355e+03
1.967835684073343600e+03
1.975256341051938762e+03
1.982676998030550976e+03
1.990097655009182745e+03
1.997518311987834977e+03
2.004938968966510402e+03
2.012359625945209245e+03
2.019780282923934465e+03
2.027200939902686741e+03
2.034621596881468804e+03
2.042042253860281107e+03
2.049462910839498363e+03
2.056883567818951633e+03
2.064304224798546784e+03
2.071724881778292911e+03
2.079145538758199109e+03
2.086566195738272654e+03
2.093986852718523096e+03
2.101407509698957256e+03
2.108828166679584683e+03
2.116248823660414018e+03
2.123669480641451628e+03
2.131090137622708426e+03
2.138510794604192597e+03
2.145931451585910054e+03
2.153352108566762581e+03
2.160772765546919800e+03
2.168193422526947870e+03
2.175614079506829057e+03
2.183034736486549264e+03
2.190455393466091209e+03
2.197876050445438523e+03
2.205296707424575288e+03
2.212717364403484225e+03
2.220138021382150782e+03
2.227558678360556769e+03
2.234979335338687633e+03
2.242399992316525640e+03
2.249820649294055784e+03
2.257241306271986105e+03
2.264661963250548524e+03
2.272082620229080476e+03
2.279503277207586507e+03
2.286923934186071165e+03
2.294344591164539452e+03
2.301765248142994551e+03
2.309185905121442829e+03
2.316606562099888833e+03
2.324027219078335747e+03
2.331447876056789482e+03
2.338868533035254131e+03
2.346289190013734697e+03
2.353709846992234816e+03
2.361130503970494829e+03
2.368551160948152756e+03
2.375971817925596952e+03
2.383392474902807407e+03
2.390813131879763205e+03
2.398233788856446154e+03
2.405654445832834426e+03
2.413075102808909833e+03
2.420495759784651455e+03
2.427916416760038828e+03
2.435337073736774073e+03
2.442757730713299679e+03
2.450178387689688407e+03
2.457599044666681948e+03
2.465019701646106114e+03
2.472440358626725811e+03
2.479861015608543312e+03
2.487281672587813318e+03
2.494702329566307071e+03
2.502122986544170089e+03
2.509543643522551065e+03
2.516964300501455909e+03
2.524384957480214325e+03
2.531805614458825403e+03
2.539226271437289597e+03
2.546646928415606908e+03
2.554067585393776881e+03
2.561488242372463901e+03
2.568908899352981280e+03
2.576329556333701476e+03
2.583750213314624489e+03
2.591170870295750319e+03
2.598591527277078967e+03
2.606012184258609523e+03
2.613432841240343805e+03
2.620853498222280905e+03
2.628274155204420822e+03
2.635694812186762647e+03
2.643115469169308199e+03
2.650536126152056113e+03
2.657956783135006845e+03
2.665377440116460093e+03
2.672798097097179379e+03
2.680218754077771337e+03
2.687639411058236419e+03
2.695060068038575082e+03
2.702480725018785961e+03
2.709901381998869965e+03
2.717322038978828459e+03
2.724742695958658260e+03
2.732163352938362095e+03
2.739584009917938147e+03
2.747004666897388688e+03
2.754425323876710536e+03
2.761845980856071037e+03
2.769266637836184600e+03
2.776687294816311351e+03
2.784107951796450834e+03
2.791528608776605324e+03
2.798949265756771183e+03
2.806369922736951594e+03
2.813790579717145192e+03
2.821211236697352433e+03
2.828631893677572407e+03
2.836052550657806023e+03
2.843473207638053282e+03
2.850893864618313273e+03
2.858314521598586907e+03
2.865735178578594969e+03
2.873155835558380659e+03
2.880576492538104503e+03
2.887997149517764228e+03
2.895417806497354832e+03
2.902838463476877223e+03
2.910259120456327310e+03
2.917679777435704636e+03
2.925100434415006021e+03
2.932521091394230098e+03
2.939941748373374139e+03
2.947362405352436326e+03
2.954783062331413930e+03
2.962203719310306042e+03
2.969624376289109932e+03
2.977045033267823328e+03
2.984465690246443955e+03
2.991886347224969995e+03
2.999307004203400538e+03
3.006727661181731492e+03
3.014148318159961491e+03
3.021568975138089627e+03
3.028989632116111807e+03
3.036410289094724249e+03
3.043830946074098392e+03
3.051251603053570761e+03
3.058672260033149541e+03
3.066092917012842008e+03
3.073513573992656347e+03
3.080934230972599835e+03
3.088354887952681565e+03
3.095775544932907906e+03
3.103196201913287041e+03
3.110616858893826247e+03
3.118037515874534620e+03
3.125458172855419434e+03
3.132878829836488876e+03
3.140299486817750221e+03
3.147720143799210746e+03
3.155140800780879545e+03
3.162561457762762984e+03
3.169982114744870159e+03
3.177402771727208346e+03
3.184823428709785730e+03
3.192244085692021144e+03
3.199664742672982811e+03
3.207085399653080003e+03
3.214506056633612388e+03
3.221926713615382141e+03
3.229347370597596182e+03
3.236768027578834335e+03
3.244188684557802844e+03
3.251609341536051033e+03
3.259029998513575265e+03
3.266450655490378722e+03
3.273871312467188545e+03
3.281291969446589519e+03
3.288712626426042334e+03
3.296133283405550628e+03
3.303553940385110309e+03
3.310974597364724104e+03
3.318395254344392015e+03
3.325815911324111767e+03
3.333236568303886088e+03
3.340657225283727257e+03
3.348077882263692118e+03
3.355498539243722007e+03
3.362919196223812833e+03
3.370339853203970051e+03
3.377760510184190025e+03
3.385181167164472299e+03
3.392601824144818693e+03
3.400022481125229206e+03
3.407443138105703383e+03
3.414863795086240316e+03
3.422284452066840913e+03
3.429705109047505175e+03
3.437125766028233556e+03
3.444546423009024238e+03
3.451967079989880403e+03
3.459387736972126277e+03
3.466808393954651365e+03
3.474229050937409738e+03
3.481649707920400942e+03
3.489070364903627251e+03
3.496491021887086390e+03
3.503911678870778360e+03
3.511332335854704525e+03
3.518752992838864884e+03
3.526173649823257620e+03
3.533594306807884095e+03
3.541014963792744766e+03
3.548435620777838722e+03
3.555856277763165963e+03
3.563276934748726944e+03
3.570697591733479385e+03
3.578118248717953065e+03
3.585538905702485863e+03
3.592959562687075049e+03
3.600380219671723353e+03
3.607800876656428954e+03
3.615221533641193219e+03
3.622642190626015690e+03
3.630062847610895460e+03
3.637483504595834347e+03
3.644904161580830078e+03
3.652324818565884925e+03
3.659745475550997071e+03
3.667166132536167424e+03
3.674586789521395986e+03
3.682007446506004726e+03
3.689428103489912246e+03
3.696848760473687435e+03
3.704269417457327108e+03
3.711690074440824446e+03
3.719110731424179903e+03
3.726531388407387567e+03
3.733952045390442436e+03
3.741372702373341781e+03
3.748793359356081965e+03
3.756214016338657530e+03
3.763634673321064838e+03
3.771055330303301162e+03
3.778475987285361043e+03
3.785896644267242664e+03
3.793317301248938747e+03
3.800737958230447475e+03
3.808158615211765209e+03
3.815579272192886492e+03
3.822999929173808141e+03
3.830420586154526063e+03
3.837841243135037985e+03
3.845261900115337085e+03
3.852682557095420634e+03
3.860103214075284541e+03
3.867523871054923802e+03
3.874944528034337964e+03
3.882365185013519294e+03
3.889785841993134909e+03
3.897206498973782345e+03
3.904627155954929549e+03
3.912047812936632909e+03
3.919468469918951996e+03
3.926889126901940472e+03
3.934309783885654724e+03
3.941730440870152961e+03
3.949151097848986865e+03
3.956571754828950361e+03
3.963992411809698751e+03
3.971413068789505814e+03
3.978833725768399745e+03
3.986254382746810279e+03
3.993675039725107581e+03
4.001095696703129761e+03
4.008516353680811335e+03
4.015937010658155486e+03
4.023357667635159942e+03
4.030778324613682344e+03
4.038198981594307952e+03
4.045619638575351928e+03
4.053040295556811543e+03
4.060460952538685888e+03
4.067881609520979509e+03
4.075302266503687406e+03
4.082722923486813670e+03
4.090143580470355118e+03
4.097564237453838359e+03
4.104984894433560839e+03
4.112405551413176909e+03
4.119826208392686567e+03
4.127246865372088905e+03
4.134667522351386651e+03
4.142088179330576168e+03
4.149508836309660182e+03
4.156929493288636877e+03
4.164350150267508070e+03
4.171770807246271943e+03
4.179191464224928495e+03
4.186612121203479546e+03
4.194032778181924186e+03
4.201453435160263325e+03
4.208874092138494234e+03
4.216294749116619641e+03
4.223715406095897379e+03
4.231136063076358369e+03
4.238556720056987615e+03
4.245977377037782389e+03
4.253398034018744511e+03
4.260818690999873979e+03
4.268239347981170795e+03
4.275660004962632229e+03
4.283080661944264648e+03
4.290501318926060776e+03
4.297921975908024251e+03
4.305342632890155073e+03
4.312763289872453242e+03
4.320183946854918759e+03
4.327604603837549803e+03
4.335025260820348194e+03
4.342445917803313932e+03
4.349866574782759926e+03
4.357287231761820294e+03
4.364707888740613271e+03
4.372128545719138856e+03
4.379549202697395231e+03
4.386969859675385123e+03
4.394390516653107625e+03
4.401811173630561825e+03
4.409231830607746815e+03
4.416652487584664414e+03
4.424073144561316440e+03
4.431493801537699255e+03
4.438914458513814679e+03
4.446335115489660893e+03
4.453755772465241535e+03
4.461176429440553875e+03
4.468597086416522870e+03
4.476017743393855199e+03
4.483438400371240277e+03
4.490859057348683564e+03
4.498279714326192334e+03
4.505700371303772044e+03
4.513121028281429062e+03
4.520541685259170663e+03
4.527962342237004123e+03
4.535382999214933079e+03
4.542803656192967537e+03
4.550224313171111135e+03
4.557644970149372966e+03
4.565065627127757580e+03
4.572486284106271341e+03
4.579906941084922437e+03
4.587327598063715413e+03
4.594748255042659366e+03
4.602168912021757933e+03
4.609589569001018390e+03
4.617010225980448013e+03
4.624430882960054078e+03
4.631851539939841132e+03
4.639272196919817361e+03
4.646692853899987313e+03
4.654113510880359172e+03
4.661534167860937487e+03
4.668954824841731352e+03
4.676375481822748043e+03
4.683796138803989379e+03
4.691216795785192517e+03
4.698637452765633498e+03
4.706058109745070396e+03
4.713478766722711953e+03
4.720899423699132967e+03
4.728320080676441648e+03
4.735740737655564772e+03
4.743161394635428223e+03
4.750582051615800083e+03
4.758002708596586672e+03
4.765423365577969889e+03
4.772844022559947916e+03
4.780264679542520753e+03
4.787685336525688399e+03
4.795105993507779203e+03
4.802526650489940039e+03
4.809947307472350076e+03
4.817367964455012952e+03
4.824788621437922302e+03
4.832209278421082672e+03
4.839629935404492244e+03
4.847050592388151927e+03
4.854471249372061720e+03
4.861891906356221625e+03
4.869312563338728978e+03
4.876733220321209956e+03
4.884153877303737318e+03
4.891574534286311973e+03
4.898995191268932103e+03
4.906415848251600437e+03
4.913836505234314245e+03
4.921257162217076257e+03
4.928677819199885562e+03
4.936098476182740342e+03
4.943519133165642415e+03
4.950939790148589964e+03
4.958360447131586625e+03
4.965781104114628761e+03
4.973201761097718190e+03
4.980622418080854914e+03
4.988043075064037112e+03
4.995463732047266603e+03
5.002884389029206432e+03
5.010305046009059879e+03
5.017725702988618650e+03
5.025146359967882745e+03
5.032567016946853983e+03
5.039987673925531453e+03
5.047408330903914248e+03
5.054828987882005094e+03
5.062249644859801265e+03
5.069670301837302759e+03
5.077090958814511396e+03
5.084511615791425356e+03
5.091932272768044641e+03
5.099352929744371067e+03
5.106773586720404637e+03
5.114194243696143531e+03
5.121614900671587748e+03
5.129035557646739107e+03
5.136456214621595791e+03
5.143876871600225059e+03
5.151297528579629216e+03
5.158718185559222547e+03
5.166138842539005054e+03
5.173559499518974008e+03
5.180980156499132136e+03
5.188400813479480348e+03
5.195821470460017736e+03
5.203242127440741569e+03
5.210662784421656397e+03
5.218083441402758581e+03
5.225504098384048120e+03
5.232924755365527744e+03
5.240345412347196543e+03
5.247766069329052698e+03
5.255186726311098028e+03
5.262607383293334351e+03
5.270028040275756211e+03
5.277448697258070752e+03
5.284869354239868699e+03
5.292290011221724853e+03
5.299710668203637397e+03
5.307131325185599053e+03
5.314551982167606184e+03
5.321972639149656970e+03
5.329393296131744137e+03
5.336813953113863136e+03
5.344234610096013057e+03
5.351655267078187535e+03
5.359075924060380203e+03
5.366496581042591060e+03
5.373917238024811013e+03
5.381337895007039151e+03
5.388758551989270927e+03
5.396179208971499975e+03
5.403599865953724475e+03
5.411020522935938061e+03
5.418441179918136186e+03
5.425861836900315211e+03
5.433282493882472409e+03
5.440703150864601412e+03
5.448123807846699492e+03
5.455544464828759374e+03
5.462965121811295830e+03
5.470385778792260680e+03
5.477806435772919940e+03
5.485227092751319105e+03
5.492647749729719180e+03
5.500068406710560339e+03
5.507489063694038123e+03
5.514909720678619124e+03
5.522330377664303342e+03
5.529751034651091686e+03
5.537171691638981429e+03
5.544592348627973479e+03
5.552013005613662244e+03
5.559433662594949055e+03
5.566854319575162663e+03
5.574274976554304885e+03
5.581695633532375723e+03
5.589116290509375176e+03
5.596536947485303244e+03
5.603957604461706978e+03
5.611378261439285779e+03
5.618798918416633569e+03
5.626219575393750347e+03
5.633640232370637023e+03
5.641060889347290868e+03
5.648481546323716429e+03
5.655902203300051042e+03
5.663322860276372012e+03
5.670743517252513811e+03
5.678164174228477350e+03
5.685584831204261718e+03
5.693005488179871463e+03
5.700426145155301128e+03
5.707846802130553442e+03
5.715267459105627495e+03
5.722688116080524196e+03
5.730108773055240817e+03
5.737529430029780997e+03
5.744950087010123752e+03
5.752370743992509233e+03
5.759791400975356737e+03
5.767212057958670812e+03
5.774632714942446910e+03
5.782053371926687760e+03
5.789474028911394271e+03
5.796894685896560986e+03
5.804315342882197001e+03
5.811735999868293220e+03
5.819156656854855100e+03
5.826577313841880823e+03
5.833997970829370388e+03
5.841418627817323795e+03
5.848839284805741954e+03
5.856259941794623956e+03
5.863680598783971618e+03
5.871101255773781304e+03
5.878521912764053923e+03
5.885942569754793112e+03
5.893363226745997054e+03
5.900783883737663928e+03
5.908204540729792825e+03
5.915625197714362912e+03
5.923045854696763854e+03
5.930466511678794632e+03
5.937887168660460702e+03
5.945307825641755699e+03
5.952728482622679621e+03
5.960149139603237018e+03
5.967569796583424250e+03
5.974990453563244955e+03
5.982411110542696406e+03
5.989831767521776783e+03
5.997252424500491543e+03
6.004673081478836139e+03
6.012093738456813298e+03
6.019514395434420294e+03
6.026935052411658035e+03
6.034355709388528339e+03
6.041776366365029389e+03
6.049197023341161184e+03
6.056617680316925544e+03
6.064038337292318829e+03
6.071458994267345588e+03
6.078879651242003092e+03
6.086300308221601881e+03
6.093720965202493062e+03
6.101141622183698928e+03
6.108562279165214022e+03
6.115982936147041073e+03
6.123403593129178262e+03
6.130824250111627407e+03
6.138244907094388509e+03
6.145665564077458839e+03
6.153086221060842945e+03
6.160506878044537189e+03
6.167927535028541570e+03
6.175348192012859727e+03
6.182768848997486202e+03
6.190189505982427363e+03
6.197610162967677752e+03
6.205030819953239188e+03
6.212451476939111672e+03
6.219872133916537678e+03
6.227292790893603524e+03
6.234713447870419259e+03
6.242134104852376367e+03
6.249554761838147897e+03
6.256975418826641544e+03
6.264396075810304865e+03
6.271816732794772179e+03
6.279237389780049853e+03
6.286658046766130610e+03
6.294078703753016271e+03
6.301499360740494012e+03
6.308920017724480203e+03
6.316340674708543702e+03
6.323761331692681779e+03
6.331181988676898982e+03
6.338602645661188944e+03
6.346023302645557123e+03
6.353443959629998972e+03
6.360864616614519036e+03
6.368285273599112770e+03
6.375705930583782902e+03
6.383126587568529430e+03
6.390547244550192772e+03
6.397967901530819290e+03
6.405388558511202064e+03
6.412809215491341092e+03
6.420229872471234557e+03
6.427650529450886097e+03
6.435071186430290254e+03
6.442491843409452486e+03
6.449912500388369153e+03
6.457333157367040258e+03
6.464753814345470346e+03
6.472174471323654871e+03
6.479595128301592922e+03
6.487015785279288139e+03
6.494436442256738701e+03
6.501857099233945519e+03
6.509277756210905864e+03
6.516698413187623373e+03
6.524119070164097138e+03
6.531539727140327159e+03
6.538960384116311616e+03
6.546381041092050509e+03
6.553801698067548386e+03
6.561222355042798881e+03
6.568643012020943388e+03
6.576063669000403024e+03
6.583484325979973619e+03
6.590904982959654262e+03
6.598325639939444045e+03
6.605746296919343877e+03
6.613166953899353757e+03
6.620587610879474596e+03
6.628008267859706393e+03
6.635428924840046420e+03
6.642849581820497406e+03
6.650270238801058440e+03
6.657690895781728614e+03
6.665111552762509746e+03
6.672532209743401836e+03
6.679952866724402156e+03
6.687373523705513435e+03
6.694794180686736581e+03
6.702214837668065229e+03
6.709635494649506654e+03
6.717056151631059038e+03
6.724476808612720561e+03
6.731897465594491223e+03
6.739318122576372843e+03
6.746738779556849295e+03
6.754159436536405337e+03
6.761580093515876797e+03
6.769000750495265493e+03
6.776421407474571424e+03
6.783842064453793682e+03
6.791262721432934086e+03
6.798683378411989906e+03
6.806104035390962963e+03
6.813524692369850527e+03
6.820945349348657146e+03
6.828366006327380092e+03
6.835786663306020273e+03
6.843207320284576781e+03
6.850627977263049615e+03
6.858048634241438776e+03
6.865469291219746083e+03
6.872889948197970625e+03
6.880310605176111494e+03
6.887731262154167780e+03
6.895151919132143121e+03
6.902572576110031150e+03
6.909993233087838234e+03
6.917413890065563464e+03
6.924834547043490602e+03
6.932255204021781537e+03
6.939675861000287114e+03
6.947096517979037344e+03
6.954517174958061332e+03
6.961937831937382725e+03
6.969358488917031536e+03
6.976779145898401111e+03
6.984199802874859415e+03
6.991620459851319538e+03
6.999041116826814687e+03
7.006461773801787785e+03
7.013882430776760884e+03
7.021303087754951775e+03
7.028723744735896616e+03
7.036144401717992878e+03
7.043565058701240559e+03
7.050985715685636933e+03
7.058406372671184727e+03
7.065827029657883031e+03
7.073247686645730028e+03
7.080668343632042706e+03
7.088089000616270823e+03
7.095509657600485298e+03
7.102930314584687039e+03
7.110350971568874229e+03
7.117771628553047776e+03
7.125192285537208591e+03
7.132612942521353943e+03
7.140033599505404709e+03
7.147454256489296313e+03
7.154874913473127890e+03
7.162295570456899441e+03
7.169716227440612784e+03
7.177136884424264281e+03
7.184557541407858480e+03
7.191978198391390833e+03
7.199398855375668973e+03
7.206819512361795205e+03
7.214240169348207019e+03
7.221660826334906233e+03
7.229081483321891028e+03
7.236502140309163224e+03
7.243922797296720091e+03
7.251343454284564359e+03
7.258764111272695118e+03
7.266184768261111458e+03
7.273605425249814289e+03
7.281026082238803610e+03
7.288446739228078513e+03
7.295867396217639907e+03
7.303288053205611504e+03
7.310708710189066551e+03
7.318129367172439743e+03
7.325550024155724714e+03
7.332970681138927830e+03
7.340391338122046363e+03
7.347811995105081223e+03
7.355232652088032410e+03
7.362653309070898104e+03
7.370073966053680124e+03
7.377494623036376652e+03
7.384915280018989506e+03
7.392335937001518687e+03
7.399756593983965104e+03
7.407177250966326028e+03
7.414597907948600550e+03
7.422018564930791399e+03
7.429439221912902212e+03
7.436859878894925714e+03
7.444280535876865542e+03
7.451701192858719878e+03
7.459121849840490540e+03
7.466542506822177529e+03
7.473963163803781754e+03
7.481383820785299577e+03
7.488804477766732816e+03
7.496225134748084201e+03
7.503645791729349185e+03
7.511066448710531404e+03
7.518487105691628130e+03
7.525907762672643003e+03
7.533328419653571473e+03
7.540749076634414450e+03
7.548169733615175574e+03
7.555590390595851204e+03
7.563011047580055674e+03
7.570431704565287873e+03
7.577852361550807473e+03
7.585273018536609015e+03
7.592693675522701596e+03
7.600114332509078849e+03
7.607534989495743503e+03
7.614955646482694647e+03
7.622376303469933191e+03
7.629796960457458226e+03
7.637217617445268843e+03
7.644638274433365950e+03
7.652058931421748639e+03
7.659479588410420547e+03
7.666900245399379855e+03
7.674320902388624745e+03
7.681741559378155216e+03
7.689162216367973997e+03
7.696582873358078359e+03
7.704003530348469212e+03
7.711424187339145647e+03
7.718844844330111300e+03
7.726265501321364354e+03
7.733686158303558841e+03
7.741106815283226751e+03
7.748527472262900119e+03
7.755948129242135110e+03
7.763368786220513357e+03
7.770789443198891604e+03
7.778210100177290769e+03
7.785630757156945037e+03
7.793051414136858511e+03
7.800472071117031192e+03
7.807892728097460349e+03
7.815313385078150532e+03
7.822734042059103558e+03
7.830154699040311243e+03
7.837575356021780863e+03
7.844996013003628832e+03
7.852416669986308989e+03
7.859837326969382048e+03
7.867257983952849827e+03
7.874678640936714146e+03
7.882099297920967729e+03
7.889519954905619670e+03
7.896940611890664513e+03
7.904361268876105896e+03
7.911781925861028867e+03
7.919202582844567587e+03
7.926623239827995349e+03
7.934043896811309423e+03
7.941464553794512540e+03
7.948885210777600150e+03
7.956305867760576803e+03
7.963726524743438858e+03
7.971147181726189046e+03
7.978567838707695046e+03
7.985988495688076000e+03
7.993409152668100432e+03
8.000829809647771981e+03
8.008250466627087008e+03
8.015671123606047331e+03
8.023091780584653861e+03
8.030512437562907508e+03
8.037933094540803722e+03
8.045353751518347053e+03
8.052774408495535681e+03
8.060195065472369606e+03
8.067615722448847919e+03
8.075036379424973347e+03
8.082457036400743164e+03
8.089877693376158277e+03
8.097298350361637858e+03
8.104719007347412116e+03
8.112139664333282781e+03
8.119560321319252580e+03
8.126980978305318786e+03
8.134401635291482307e+03
8.141822292277746783e+03
8.149242949264105846e+03
8.156663606250564044e+03
8.164084263237120467e+03
8.171504920223775116e+03
8.178925577210526171e+03
8.186346234197373633e+03
8.193766891184321139e+03
8.201187548171365052e+03
8.208608205158507189e+03
8.216028862145747553e+03
8.223449519133086142e+03
8.230870176120521137e+03
8.238290833108054358e+03
8.245711490095685804e+03
8.253132147083415475e+03
8.260552804071241553e+03
8.267973461059165857e+03
8.275394118047188385e+03
8.282814775035307321e+03
8.290235432023524481e+03
8.297656089011841686e+03
8.305076746000253479e+03
8.312497402988763497e+03
8.319918059977373559e+03
8.327338716966078209e+03
8.334759373954882903e+03
8.342180030943785823e+03
8.349600687932785149e+03
8.357021344921880882e+03
8.364442001911076659e+03
8.371862658900370661e+03
8.379283315889761070e+03
8.386703972879247885e+03
8.394124629868836564e+03
8.401545286858518011e+03
8.408965943848299503e+03
8.416386600838179220e+03
8.423807257828157162e+03
8.431227914818220597e+03
8.438648571807025291e+03
8.446069228795580784e+03
8.453489885783896170e+03
8.460910542771964174e+03
8.468331199759788433e+03
8.475751856747368947e+03
8.483172513734705717e+03
8.490593170715470478e+03
8.498013827697726811e+03
8.505434484679983143e+03
8.512855141665531846e+03
8.520275798662443776e+03
8.527696455659355706e+03
8.535117112656265817e+03
8.542537769653092255e+03
8.549958426649876856e+03
8.557379083646639629e+03
8.564799740643382393e+03
8.572220397640105148e+03
8.579641054636802437e+03
8.587061711633485174e+03
8.594482368630142446e+03
8.601903025626781528e+03
8.609323682622311026e+03
8.616744339611184841e+03
8.624164996598628932e+03
8.631585653584645115e+03
8.639006310569227935e+03
8.646426967552375572e+03
8.653847624534097122e+03
8.661268281514385308e+03
8.668688938493247406e+03
8.676109595470672502e+03
8.683530252453658250e+03
8.690950909443599812e+03
8.698371566434747365e+03
8.705792223427091812e+03
8.713212880420644069e+03
8.720633537415393221e+03
8.728054194411348362e+03
8.735474851408502218e+03
8.742895508406858426e+03
8.750316165406420623e+03
8.757736822395716445e+03
8.765157479383437021e+03
8.772578136370952052e+03
8.779998793358261537e+03
8.787419450345361838e+03
8.794840107332252956e+03
8.802260764318936708e+03
8.809681421305413096e+03
8.817102078291682119e+03
8.824522735277740139e+03
8.831943392263594433e+03
8.839364049249241361e+03
8.846784706234680925e+03
8.854205363219907667e+03
8.861626020204930683e+03
8.869046677189744514e+03
8.876467334174352800e+03
8.883887991160967431e+03
8.891308648150101362e+03
8.898729305139228018e+03
8.906149962128340121e+03
8.913570619117443130e+03
8.920991276106535224e+03
8.928411933095612767e+03
8.935832590084681215e+03
8.943253247073735110e+03
8.950673904062783549e+03
8.958094561051813798e+03
8.965515218040836771e+03
8.972935875029845192e+03
8.980356532018846337e+03
8.987777189007836569e+03
8.995197845996808610e+03
9.002618502985773375e+03
9.010039159974727227e+03
9.017459816963671983e+03
9.024880473952602188e+03
9.032301130941519659e+03
9.039721787930426217e+03
9.047142444919321861e+03
9.054563101908206590e+03
9.061983758897080406e+03
9.069404415885943308e+03
9.076825072874791658e+03
9.084245729863634551e+03
9.091666386852459254e+03
9.099087043841276682e+03
9.106507700830079557e+03
9.113928357818876975e+03
9.121349014807656204e+03
9.128769671796426337e+03
9.136190328785187376e+03
9.143610985773932043e+03
9.151031642762671254e+03
9.158452299751392275e+03
9.165872956740109657e+03
9.173293613728808850e+03
9.180714270717500767e+03
9.188134927706178132e+03
9.195555584694846402e+03
9.202976241683503758e+03
9.210396898672148382e+03
9.217817555660778453e+03
9.225238212649401248e+03
9.232658869638009492e+03
9.240079526626610459e+03
9.247500183612904948e+03
9.254920840601173040e+03
9.262341497589444771e+03
9.269762154578089394e+03
9.277182811568014586e+03
9.284603468557943415e+03
9.292024125547872245e+03
9.299444782533992111e+03
9.306865439518353014e+03
9.314286096501866268e+03
9.321706753484533692e+03
9.329127410466353467e+03
9.336548067447325593e+03
9.343968724427453708e+03
9.351389381406734174e+03
9.358810038385166990e+03
9.366230695362755796e+03
9.373651352341194070e+03
9.381072009325707768e+03
9.388492666310809000e+03
9.395913323296503222e+03
9.403333980282783159e+03
9.410754637269656087e+03
9.418175294257116548e+03
9.425595951245162723e+03
9.433016608233800071e+03
9.440437265223024951e+03
9.447857922212839185e+03
9.455278579201163666e+03
9.462699236188469513e+03
9.470119893175788093e+03
9.477540550163124863e+03
9.484961207150476184e+03
9.492381864137843877e+03
9.499802521125226122e+03
9.507223178112622918e+03
9.514643835100039723e+03
9.522064492087465624e+03
9.529485149075168010e+03
9.536905806066291916e+03
9.544326463057786896e+03
9.551747120049651130e+03
9.559167777041882800e+03
9.566588434034487364e+03
9.574009091027461182e+03
9.581429748020800616e+03
9.588850405014516582e+03
9.596271062008596346e+03
9.603691719003050821e+03
9.611112375997870913e+03
9.618533032993065717e+03
9.625953689988626138e+03
9.633374346984557633e+03
9.640795003980856563e+03
9.648215660977526568e+03
9.655636317974565827e+03
9.663056974971976160e+03
9.670477631969755748e+03
9.677898288964755920e+03
9.685318945957082178e+03
9.692739602949503023e+03
9.700160259942018456e+03
9.707580916934639390e+03
9.715001573927354912e+03
9.722422230920161383e+03
9.729842887913075174e+03
9.737263544906079915e+03
9.744684201899188338e+03
9.752104858892391348e+03
9.759525515885692585e+03
9.766946172879090227e+03
9.774366829872589733e+03
9.781787486866182007e+03
9.789208143859876145e+03
9.796628800853664870e+03
9.804049457847555459e+03
9.811470114841540635e+03
9.818890771835624037e+03
9.826311428829807483e+03
9.833732085824087335e+03
9.841152742818463594e+03
9.848573399812939897e+03
9.855994056807510788e+03
9.863414713802183542e+03
9.870835370796950883e+03
9.878256027791816450e+03
9.885676684786783881e+03
9.893097341781845898e+03
9.900517998777006142e+03
9.907938655772260972e+03
9.915359312767617666e+03
9.922779969763072586e+03
9.930200626758623912e+03
9.937621283754273463e+03
9.945041940750019421e+03
9.952462597745863604e+03
9.959883254741806013e+03
9.967303911737846647e+03
9.974724568733985507e+03
9.982145225730220773e+03
9.989565882726552445e+03
9.996986539722984162e+03
1.000440719670688668e+04
1.001182785369330304e+04
1.001924851067971940e+04
1.002666916766944087e+04
1.003408982467057649e+04
1.004151048167171393e+04
1.004893113867284774e+04
1.005635179566735678e+04
1.006377245265891179e+04
1.007119310964912438e+04
1.007861376663798546e+04
1.008603442362550049e+04
1.009345508061166947e+04
1.010087573759648876e+04
1.010829639457996382e+04
1.011571705156208918e+04
1.012313770854286849e+04
1.013055836552229812e+04
1.013797902250248444e+04
1.014539967949378661e+04
1.015282033648598735e+04
1.016024099347909214e+04
1.016766165047310278e+04
1.017508230746800837e+04
1.018250296446381981e+04
1.018992362146053347e+04
1.019734427845814935e+04
1.020476493545666381e+04
1.021218559245608230e+04
1.021960624945640302e+04
1.022702690645240546e+04
1.023444756344333655e+04
1.024186822043353095e+04
1.024928887742299412e+04
1.025670953441172242e+04
1.026413019139971584e+04
1.027155084838697439e+04
1.027897150537350171e+04
1.028639216235929234e+04
1.029381281934434810e+04
1.030123347632866898e+04
1.030865413331225864e+04
1.031607479030198374e+04
1.032349544729245099e+04
1.033091610428285821e+04
1.033833676127319995e+04
1.034575741826348894e+04
1.035317807525371245e+04
1.036059873224387775e+04
1.036801938923397938e+04
1.037544004622402281e+04
1.038286070321400621e+04
1.039028136020392776e+04
1.039770201719378565e+04
1.040512267418358897e+04
1.041254333117332862e+04
1.041996398816300643e+04
1.042738464515262604e+04
1.043480530214218379e+04
1.044222595913167970e+04
1.044964661612111740e+04
1.045706727311049326e+04
1.046448793009980909e+04
1.047190858708906308e+04
1.047932924407750033e+04
1.048674990106574296e+04
1.049417055805388554e+04
1.050159121504191717e+04
1.050901187202984875e+04
1.051643252901767482e+04
1.052385318600539540e+04
1.053127384299301411e+04
1.053869449998052733e+04
1.054611515696793504e+04
1.055353581395524088e+04
1.056095647094243941e+04
1.056837712792953789e+04
1.057579778491652542e+04
1.058321844190341290e+04
1.059063909889019851e+04
1.059805975587687499e+04
1.060548041286344960e+04
1.061290106984991871e+04
1.062032172683628232e+04
1.062774238382254225e+04
1.063516304080870032e+04
1.064258369779475106e+04
1.065000435478069994e+04
1.065742501176654332e+04
1.066484566875228120e+04
1.067226632573791358e+04
1.067968698272344591e+04
1.068710763970886910e+04
1.069452829669419043e+04
1.070194895367940990e+04
1.070936961066452204e+04
1.071679026764952869e+04
1.072421092463443347e+04
1.073163158161923275e+04
1.073905223860392471e+04
1.074647289558851480e+04
1.075389355257300122e+04
1.076131420956329384e+04
1.076873486655165107e+04
1.077615552354000829e+04
1.078357618052879843e+04
1.079099683751909834e+04
1.079841749450939278e+04
1.080583815149968723e+04
1.081325880849015266e+04
1.082067946548068721e+04
1.082810012247125997e+04
1.083552077946185818e+04
1.084294143645248914e+04
1.085036209344315284e+04
1.085778275043384929e+04
1.086520340742457483e+04
1.087262406441533130e+04
1.088004472140612052e+04
1.088746537839693701e+04
1.089488603538778807e+04
1.090230669237867187e+04
1.090972734936526467e+04
1.091714800635111715e+04
1.092456866333635480e+04
1.093198932032097764e+04
1.093940997730498930e+04
1.094683063428837886e+04
1.095425129127115906e+04
1.096167194825332263e+04
1.096909260523487319e+04
1.097651326221580530e+04
1.098393391919612623e+04
1.099135457617583234e+04
1.099877523315624785e+04
1.100619589014453413e+04
1.101361654713358803e+04
1.102103720412341499e+04
1.102845786111401867e+04
1.103587851810539723e+04
1.104329917509755069e+04
1.105071983209047903e+04
1.105814048908417681e+04
1.106556114607865493e+04
1.107298180307390248e+04
1.108040246006992675e+04
1.108782311706672590e+04
1.109524377406255735e+04
1.110266443105524741e+04
1.111008508804828671e+04
1.111750574504167162e+04
1.112492640203540577e+04
1.113234705902948554e+04
1.113976771602391091e+04
1.114718837301868734e+04
1.115460903001380939e+04
1.116202968700927522e+04
1.116945034400509212e+04
1.117687100100125826e+04
1.118429165799776820e+04
1.119171231499462738e+04
1.119913297199183216e+04
1.120655362898938620e+04
1.121397428598728402e+04
1.122139494298553109e+04
1.122881559998412740e+04
1.123623625698306751e+04
1.124365691398235685e+04
1.125107757098198999e+04
1.125849822798197420e+04
1.126591888498230401e+04
1.127333954198297943e+04
1.128076019897655897e+04
1.128818085596202400e+04
1.129560151294688512e+04
1.130302216993114234e+04
1.131044282691479748e+04
1.131786348389785053e+04
1.132528414088029785e+04
1.133270479786214128e+04
1.134012545484338443e+04
1.134754611182402368e+04
1.135496676880405721e+04
1.136238742578348683e+04
1.136980808276231801e+04
1.137722873974054346e+04
1.138464939671816683e+04
1.139207005369518265e+04
1.139949071067159821e+04
1.140691136764740804e+04
1.141433202462261761e+04
1.142175268159722327e+04
1.142917333857122503e+04
1.143659399554462289e+04
1.144401465251741865e+04
1.145143530948961052e+04
1.145885596646120030e+04
1.146627662343218617e+04
1.147369728040256814e+04
1.148111793737234620e+04
1.148853859434152218e+04
1.149595925131009426e+04
1.150337990827806425e+04
1.151080056524542852e+04
1.151822122224066152e+04
1.152564187923651662e+04
1.153306253623237171e+04
1.154048319322628049e+04
1.154790385021347538e+04
1.155532450720066845e+04
1.156274516418785788e+04
1.157016582117505459e+04
1.157758647816224766e+04
1.158500713514847303e+04
1.159242779213355425e+04
1.159984844911838081e+04
1.160726910610294362e+04
1.161468976308725178e+04
1.162211042007130527e+04
1.162953107705510047e+04
1.163695173403863737e+04
1.164437239102191597e+04
1.165179304800493992e+04
1.165921370498770557e+04
1.166663436197021292e+04
1.167405501895246198e+04
1.168147567593445638e+04
1.168889633291630707e+04
1.169631698989907454e+04
1.170373764688175288e+04
1.171115830386433845e+04
1.171857896084683307e+04
1.172599961782923856e+04
1.173342027481154582e+04
1.174084093179377123e+04
1.174826158877589478e+04
1.175568224575793283e+04
1.176310290273987630e+04
1.177052355972172882e+04
1.177794421670349038e+04
1.178536487368516100e+04
1.179278553066673703e+04
1.180020618764934625e+04
1.180762684463256301e+04
1.181504750161589618e+04
1.182246815859936214e+04
1.182988881558294815e+04
1.183730947256666332e+04
1.184473012955050217e+04
1.185215078653446108e+04
1.185957144351854913e+04
1.186699210050276633e+04
1.187441275748710359e+04
1.188183341447156454e+04
1.188925407145615463e+04
1.189667472844086660e+04
1.190409538542589689e+04
1.191151604241158020e+04
1.191893669939743631e+04
1.192635735638346523e+04
1.193377801336967241e+04
1.194119867035604511e+04
1.194861932734259426e+04
1.195603998432931985e+04
1.196346064131621461e+04
1.197088129830328398e+04
1.197830195529052435e+04
1.198572261227793933e+04
1.199314326926552530e+04
1.200056392625328408e+04
1.200798458324121748e+04
1.201540524022932732e+04
1.202282589721760451e+04
1.203024655420605814e+04
1.203766721119468639e+04
1.204508786818348381e+04
1.205250852517245585e+04
1.205992918216160251e+04
1.206734983915092016e+04
1.207477049614041243e+04
1.208219115313007569e+04
1.208961181011991721e+04
1.209703246710992607e+04
1.210445312410010774e+04
1.211187378109046404e+04
1.211929443807881398e+04
1.212671509506676011e+04
1.213413575205464440e+04
1.214155640904247048e+04
1.214897706603023471e+04
1.215639772301793346e+04
1.216381838000558128e+04
1.217123903699315997e+04
1.217865969398068228e+04
1.218608035096813910e+04
1.219350100795554135e+04
1.220092166494287812e+04
1.220834232193015850e+04
1.221576297891737340e+04
1.222318363590453191e+04
1.223060429289162676e+04
1.223802494987866157e+04
1.224544560686563273e+04
1.225286626385254931e+04
1.226028692083940223e+04
1.226770757782619330e+04
1.227512823481769192e+04
1.228254889181492763e+04
1.228996954881216152e+04
1.229739020580702709e+04
1.230481086279369993e+04
1.231223151978037822e+04
1.231965217676704924e+04
1.232707283375372572e+04
1.233449349074040038e+04
1.234191414772707503e+04
1.234933480471777693e+04
1.235675546170983034e+04
1.236417611870246401e+04
1.237159677569567611e+04
1.237901743268946666e+04
1.238643808968383382e+04
1.239385874667877579e+04
1.240127940367429983e+04
1.240870006067040231e+04
1.241612071766708323e+04
1.242354137466433713e+04
1.243096203166217128e+04
1.243838268866058206e+04
1.244580334565957310e+04
1.245322400265914257e+04
1.246064465965928866e+04
1.246806531664780232e+04
1.247548597363346926e+04
1.248290663061804116e+04
1.249032728760151622e+04
1.249774794458389806e+04
1.250516860156519033e+04
1.251258925854538211e+04
1.252000991552448431e+04
1.252743057250248967e+04
1.253485122947939635e+04
1.254227188645521528e+04
1.254969254342993736e+04
1.255711320040356077e+04
1.256453385737609642e+04
1.257195451434753522e+04
1.257937517131787899e+04
1.258679582829594074e+04
1.259421648527493198e+04
1.260163714225398508e+04
1.260905779923309456e+04
1.261647845621226588e+04
1.262389911319149905e+04
1.263131977017079225e+04
1.263874042715014366e+04
1.264616108412955509e+04
1.265358174110902655e+04
1.266100239808855622e+04
1.266842305506814591e+04
1.267584371204780109e+04
1.268326436902751084e+04
1.269068502600728243e+04
1.269810568298711405e+04
1.270552633997354860e+04
1.271294699696083626e+04
1.272036765394860231e+04
1.272778831093684494e+04
1.273520896792556596e+04
1.274262962491475992e+04
1.275005028190443409e+04
1.275747093889458120e+04
1.276489159588520852e+04
1.277231225287630878e+04
1.277973290986788561e+04
1.278715356685994084e+04
1.279457422385246900e+04
1.280199488084547920e+04
1.280941553783895870e+04
1.281683619483291841e+04
1.282425685182735469e+04
1.283167750882227119e+04
1.283909816581766063e+04
1.284651882281352300e+04
1.285393947980986741e+04
1.286136013680668475e+04
1.286878079380397685e+04
1.287620145080174916e+04
1.288362210779999805e+04
1.289104276479871987e+04
1.289846342179792191e+04
1.290588407879760052e+04
1.291330473579775207e+04
1.292072539279838384e+04
1.292814604979948854e+04
1.293556670680106981e+04
1.294298736380216724e+04
1.295040802080284629e+04
1.295782867780372908e+04
1.296524933480481377e+04
1.297266999180610946e+04
1.298009064880760343e+04
1.298751130580931203e+04
1.299493196281122437e+04
1.300235261981333679e+04
1.300977327681566385e+04
1.301719393381819100e+04
1.302461459082092733e+04
1.303203524781264787e+04
1.303945590480776991e+04
1.304687656180289196e+04
1.305429721879392673e+04
1.306171787577081523e+04
1.306913853274770736e+04
1.307655918972459767e+04
1.308397984670148799e+04
1.309140050367837830e+04
1.309882116065526861e+04
1.310624181763262459e+04
1.311366247461600869e+04
1.312108313160007674e+04
1.312850378858483236e+04
1.313592444557027920e+04
1.314334510255641362e+04
1.315076575954323926e+04
1.315818641653074883e+04
1.316560707351894962e+04
1.317302773050783799e+04
1.318044838749741757e+04
1.318786904448768473e+04
1.319528970147864311e+04
1.320271035847028543e+04
1.321013101546261714e+04
1.321755167245564371e+04
1.322497232944935240e+04
1.323239298644375231e+04
1.323981364343374480e+04
1.324723430041530446e+04
1.325465495739608377e+04
1.326207561437609911e+04
1.326949627135533774e+04
1.327691692833379966e+04
1.328433758531149579e+04
1.329175824228841520e+04
1.329917889926456519e+04
1.330659955623993665e+04
1.331402021321454231e+04
1.332144087018837308e+04
1.332886152716143079e+04
1.333628218413371360e+04
1.334370284110522516e+04
1.335112349807596547e+04
1.335854415504592907e+04
1.336596481201512688e+04
1.337338546899342691e+04
1.338080612597659638e+04
1.338822678296054983e+04
1.339564743994527453e+04
1.340306809693077230e+04
1.341048875391704132e+04
1.341790941090408887e+04
1.342533006789190767e+04
1.343275072488049773e+04
1.344017138186986631e+04
1.344759203886000614e+04
1.345501269585092086e+04
1.346243335284261411e+04
1.346985400983507134e+04
1.347727466682831073e+04
1.348469532382231955e+04
1.349211598081710690e+04
1.349953663781262549e+04
1.350695729479898000e+04
1.351437795178558736e+04
1.352179860877243846e+04
1.352921926575954058e+04
1.353663992274689008e+04
1.354406057973448878e+04
1.355148123672233487e+04
1.355890189371043380e+04
1.356632255069878011e+04
1.357374320768737016e+04
1.358116386467621123e+04
1.358858452166530151e+04
1.359600517865464280e+04
1.360342583564422785e+04
1.361084649263406573e+04
1.361826714962415281e+04
1.362568780661448363e+04
1.363310846360506548e+04
1.364052912059589835e+04
1.364794977758697496e+04
1.365537043457830441e+04
1.366279109156988125e+04
1.367021174856170546e+04
1.367763240555378070e+04
1.368505306254610332e+04
1.369247371953867514e+04
1.369989437653149616e+04
1.370731503352456639e+04
1.371473569051787854e+04
1.372215634751144898e+04
1.372957700450526136e+04
1.373699766149932475e+04
1.374441831849363734e+04
1.375183897548819732e+04
1.375925963248300650e+04
1.376668028947806488e+04
1.377410094647335427e+04
1.378152160346742494e+04
1.378894226044781317e+04
1.379636291743155562e+04
1.380378357441530170e+04
1.381120423140071398e+04
1.381862488839186699e+04
1.382604554538302546e+04
1.383346620237418028e+04
1.384088685936534239e+04
1.384830751635650086e+04
1.385572817334765386e+04
1.386314883033881051e+04
1.387056948733062563e+04
1.387799014432468539e+04
1.388541080131889976e+04
1.389283145831327784e+04
1.390025211530780871e+04
1.390767277230249601e+04
1.391509342929733975e+04
1.392251408629234356e+04
1.392993474328750381e+04
1.393735540028282230e+04
1.394477605727829359e+04
1.395219671427392859e+04
1.395961737126971639e+04
1.396703802826565880e+04
1.397445868526176127e+04
1.398187934225802201e+04
1.398929999925443917e+04
1.399672065625101277e+04
1.400414131324774644e+04
1.401156197024463472e+04
1.401898262724167762e+04
1.402640328423888423e+04
1.403382394123623999e+04
1.404124459823375946e+04
1.404866525523143355e+04
1.405608591222926407e+04
1.406350656922725102e+04
1.407092722622539804e+04
1.407834788322370150e+04
1.408576854022216139e+04
1.409318919722077771e+04
1.410060985421955047e+04
1.410803051121848330e+04
1.411545116821757256e+04
1.412287182521681825e+04
1.413029248221622038e+04
1.413771313920959801e+04
1.414513379620074011e+04
1.415255445319158753e+04
1.415997511018213845e+04
1.416739576717239834e+04
1.417481642416236718e+04
1.418223708115203772e+04
1.418965773814141357e+04
1.419707839513049475e+04
1.420449905211928490e+04
1.421191970910778036e+04
1.421934036609598115e+04
1.422676102308388181e+04
1.423418168007149688e+04
1.424160233705881183e+04
1.424902299404583391e+04
1.425644365103256314e+04
1.426386430801899769e+04
1.427128496500513938e+04
1.427870562199098276e+04
1.428612627897653510e+04
1.429354693596179277e+04
1.430096759294675576e+04
1.430838824993142225e+04
1.431580890691579953e+04
1.432322956389988030e+04
1.433065022088366277e+04
1.433807087786715783e+04
1.434549153485035094e+04
1.435291219183325484e+04
1.436033284881586223e+04
1.436775350579817677e+04
1.437517416278019664e+04
1.438259481976192546e+04
1.439001547674335598e+04
1.439743613372565233e+04
1.440485679071094819e+04
1.441227744769637502e+04
1.441969810468193100e+04
1.442711876166762522e+04
1.443453941865344859e+04
1.444196007563941021e+04
1.444938073262550097e+04
1.445680138961172452e+04
1.446422204659807903e+04
1.447164270358456997e+04
1.447906336057119188e+04
1.448648401755794657e+04
1.449390467454483587e+04
1.450132533153185796e+04
1.450874598851901465e+04
1.451616664550629866e+04
1.452358730249371911e+04
1.453100795948127234e+04
1.453842861646895835e+04
1.454584927345635151e+04
1.455326993043776929e+04
1.456069058741918343e+04
1.456811124440234198e+04
1.457553190139151411e+04
1.458295255838068988e+04
1.459037321536986383e+04
1.459779387235903960e+04
1.460521452934821718e+04
1.461263518633739295e+04
1.462005584332656872e+04
1.462747650031574449e+04
1.463489715730394528e+04
1.464231781428974136e+04
1.464973847127536283e+04
1.465715912826082240e+04
1.466457978524610735e+04
1.467200044223122313e+04
1.467942109921616793e+04
1.468684175620095084e+04
1.469426241318555913e+04
1.470168307016999825e+04
1.470910372715427002e+04
1.471652438413837081e+04
1.472394504112230425e+04
1.473136569810606670e+04
1.473878635508965817e+04
1.474620701207308593e+04
1.475362766905634271e+04
1.476104832603942850e+04
1.476846898302234331e+04
1.477588964000509441e+04
1.478331029698767270e+04
1.479073095397008183e+04
1.479815161095231815e+04
1.480557226793439622e+04
1.481299292491629967e+04
1.482041358189802668e+04
1.482783423887959179e+04
1.483525489586098774e+04
1.484267555284221453e+04
1.485009620982327033e+04
1.485751686680415514e+04
1.486493752378487625e+04
1.487235818076542637e+04
1.487977883774580550e+04
1.488719949472601365e+04
1.489462015170605446e+04
1.490204080868592609e+04
1.490946146566563039e+04
1.491688212264516551e+04
1.492430277963133449e+04
1.493172343661835475e+04
1.493914409360558966e+04
1.494656475059303921e+04
1.495398540758069794e+04
1.496140606456856403e+04
1.496882672155664841e+04
1.497624737854493651e+04
1.498366803553343561e+04
1.499108869252214572e+04
1.499850934951107047e+04
1.500593000650020440e+04
1.501335066348954933e+04
1.502077132047910345e+04
1.502819197746886857e+04
1.503561263445884833e+04
1.504303329144903910e+04
1.505045394843943541e+04
1.505787460543004454e+04
1.506529526242086649e+04
1.507271591941189581e+04
1.508013657640313977e+04
1.508755723339459291e+04
1.509497789038625524e+04
1.510239854737813585e+04
1.510981920437021654e+04
1.511723986136251369e+04
1.512466051835502367e+04
1.513208117534773919e+04
1.513950183234066571e+04
1.514692248933380688e+04
1.515434314632715905e+04
1.516176380332072040e+04
1.516918446031449275e+04
1.517660511730847429e+04
1.518402577430267047e+04
1.519144643129707583e+04
1.519886708829169220e+04
1.520628774528384020e+04
1.521370840227318877e+04
1.522112905926196618e+04
1.522854971625017788e+04
1.523597037323781115e+04
1.524339103022488234e+04
1.525081168721137874e+04
1.525823234419731125e+04
1.526565300118267260e+04
1.527307365816746096e+04
1.528049431515168180e+04
1.528791497213532784e+04
1.529533562911841000e+04
1.530275628610151398e+04
1.531017694308508726e+04
1.531759760006865690e+04
1.532501825705234296e+04
1.533243891403643283e+04
1.533985957102052271e+04
1.534728022800461258e+04
1.535470088498870246e+04
1.536212154197279233e+04
1.536954219895688038e+04
1.537696285594097026e+04
1.538438351292506013e+04
1.539180416990915000e+04
1.539922482689368007e+04
1.540664548387958712e+04
1.541406614086557784e+04
1.542148679785165223e+04
1.542890745483781211e+04
1.543632811182405203e+04
1.544374876881037926e+04
1.545116942579679016e+04
1.545859008278328838e+04
1.546601073976986663e+04
1.547343139675653219e+04
1.548085205374328507e+04
1.548827271073011980e+04
1.549569336771703456e+04
1.550311402470404028e+04
1.551053468169112966e+04
1.551795533867829727e+04
1.552537599566555218e+04
1.553279665265289441e+04
1.554021730964031667e+04
1.554763796662782988e+04
1.555505862361542131e+04
1.556247928060310005e+04
1.556989993759085883e+04
1.557732059457870491e+04
1.558474125156664013e+04
1.559216190855465538e+04
1.559958256554275795e+04
1.560700322253094055e+04
1.561442387951921046e+04
1.562184453650756041e+04
1.562926519349599948e+04
1.563668585048452223e+04
1.564410650747312866e+04
1.565152716446182239e+04
1.565894782145059435e+04
1.566636847843945725e+04
1.567378913542840019e+04
1.568120979241743044e+04
1.568863044940654800e+04
1.569605110639574195e+04
1.570347176338502322e+04
1.571089242037396798e+04
1.571831307736281815e+04
1.572573373435173016e+04
1.573315439134069675e+04
1.574057504832971972e+04
1.574799570531880090e+04
1.575541636230794393e+04
1.576283701929713789e+04
1.577025767628639187e+04
1.577767833327570042e+04
1.578509899026506719e+04
1.579251964725449216e+04
1.579994030424397715e+04
1.580736096123351308e+04
1.581478161822311085e+04
1.582220227521276320e+04
1.582962293220247739e+04
1.583704358919224615e+04
1.584446424618206947e+04
1.585188490317195101e+04
1.585930556016189075e+04
1.586672621715188870e+04
1.587414687414194123e+04
1.588156753113205195e+04
1.588898818812222089e+04
1.589640884511245167e+04
1.590382950210272975e+04
1.591125015909307695e+04
1.591867081608346780e+04
1.592609147307392413e+04
1.593351213006443504e+04
1.594093278705500597e+04
1.594835344404563148e+04
1.595577410103631701e+04
1.596319475802705711e+04
1.597061541501785177e+04
1.597803607200870829e+04
1.598545672899962301e+04
1.599287738599059594e+04
1.600029804298162162e+04
1.600771869997270551e+04
1.601513935696334738e+04
1.602256001395173189e+04
1.602998067093932150e+04
1.603740132792611985e+04
1.604482198491213421e+04
1.605224264189735186e+04
1.605966329888189102e+04
1.606708395586774532e+04
1.607450461285360507e+04
1.608192526984183860e+04
1.608934592683829760e+04
1.609676658383476024e+04
1.610418724083121560e+04
1.611160789782767279e+04
1.611902855482413543e+04
1.612644921182059261e+04
1.613386986881705161e+04
1.614129052581351061e+04
1.614871118280997325e+04
1.615613183980643225e+04
1.616355249680305133e+04
1.617097315380149848e+04
1.617839381080003659e+04
1.618581446779865655e+04
1.619323512479736746e+04
1.620065578179615477e+04
1.620807643879504030e+04
1.621549709579400951e+04
1.622291775279306057e+04
1.623033840979220622e+04
1.623775906679142645e+04
1.624517972379074490e+04
1.625260038079013975e+04
1.626002103778962919e+04
1.626744169478919866e+04
1.627486235178885727e+04
1.628228300878860682e+04
1.628970366578843459e+04
1.629712432278835331e+04
1.630454497978835388e+04
1.631196563678844177e+04
1.631938629378861879e+04
1.632680695078888675e+04
1.633422760778923839e+04
1.634164826478967370e+04
1.634906892179019451e+04
1.635648957879080444e+04
1.636391023579149987e+04
1.637133089279228079e+04
1.637875154979314902e+04
1.638617220679410457e+04
1.639359286379514378e+04
1.640101352079627395e+04
1.640843417779748415e+04
1.641585483479878894e+04
1.642327549180017377e+04
1.643069614880164590e+04
1.643811680580320535e+04
1.644553746280485211e+04
1.645295811980658254e+04
1.646037877680840029e+04
1.646779943381030535e+04
1.647522009081229771e+04
1.648264074781438103e+04
1.649006140481654438e+04
1.649748206181815840e+04
1.650490271881705849e+04
1.651232337581588217e+04
1.651974403281464402e+04
1.652716468981332946e+04
1.653458534681194578e+04
1.654200600381048935e+04
1.654942666080896743e+04
1.655684731780736911e+04
1.656426797480570167e+04
1.657168863180395783e+04
1.657910928880214851e+04
1.658652994580026279e+04
1.659395060279831159e+04
1.660137125979628036e+04
1.660879191679418363e+04
1.661621257379201415e+04
1.662363323078977555e+04
1.663105388778746419e+04
1.663847454478508735e+04
1.664589520178263047e+04
1.665331585878010810e+04
1.666073651577750570e+04
1.666815717277484509e+04
1.667557782977210445e+04
1.668299848676929469e+04
1.669041914376640852e+04
1.669783980076346052e+04
1.670526045776043247e+04
1.671268111475733895e+04
1.672010177175416902e+04
1.672752242875093725e+04
1.673494308574762181e+04
1.674236374274424452e+04
1.674978439974079083e+04
1.675720505673727166e+04
1.676462571373367609e+04
1.677204637073000777e+04
1.677946702772627032e+04
1.678688768472246375e+04
1.679430834171858442e+04
1.680172899871463233e+04
1.680914965571061111e+04
1.681657031269769504e+04
1.682399096967816149e+04
1.683141162665862794e+04
1.683883228364708339e+04
1.684625294066311471e+04
1.685367359767913877e+04
1.686109425469516282e+04
1.686851491171119415e+04
1.687593556872721820e+04
1.688335622574324952e+04
1.689077688275927721e+04
1.689819753977530490e+04
1.690561819679133259e+04
1.691303885380735665e+04
1.692045951082338797e+04
1.692788016783941566e+04
1.693530082484351078e+04
1.694272148184370599e+04
1.695014213884327182e+04
1.695756279584222284e+04
1.696498345284055540e+04
1.697240410983826587e+04
1.697982476683535788e+04
1.698724542383183143e+04
1.699466608082767925e+04
1.700208673782290862e+04
1.700950739481751953e+04
1.701692805181151198e+04
1.702434870880487870e+04
1.703176936579762696e+04
1.703919002278976404e+04
1.704661067978127539e+04
1.705403133677216829e+04
1.706145199376243909e+04
1.706887265075208416e+04
1.707629330774112168e+04
1.708371396472952620e+04
1.709113462171731953e+04
1.709855527870448714e+04
1.710597593569103992e+04
1.711339659267697425e+04
1.712081724966227921e+04
1.712823790664697299e+04
1.713565856363104103e+04
1.714307922061449790e+04
1.715049987759732176e+04
1.715792053457953443e+04
1.716534119156112138e+04
1.717276184854209714e+04
1.718018250552244353e+04
1.718760316250217511e+04
1.719502381948128459e+04
1.720244447645977561e+04
1.720986513343765182e+04
1.721728579041489866e+04
1.722470644739152704e+04
1.723212710436753696e+04
1.723954776134293206e+04
1.724696841831769780e+04
1.725438907529184871e+04
1.726180973226537753e+04
1.726923038923829154e+04
1.727665104621057981e+04
1.728407170318224962e+04
1.729149236015588394e+04
1.729891301713669236e+04
1.730633367411741347e+04
1.731375433109804726e+04
1.732117498807860102e+04
1.732859564505906746e+04
1.733601630203944660e+04
1.734343695901974570e+04
1.735085761599995021e+04
1.735827827298008197e+04
1.736569892996012641e+04
1.737311958694008354e+04
1.738054024391995699e+04
1.738796090089974314e+04
1.739538155787944561e+04
1.740280221485906441e+04
1.741022287183860317e+04
1.741764352881804734e+04
1.742506418579741148e+04
1.743248484277668467e+04
1.743990549975588510e+04
1.744732615673499095e+04
1.745474681371401675e+04
1.746216747069295525e+04
1.746958812767181371e+04
1.747700878465058486e+04
1.748442944162926869e+04
1.749185009860786886e+04
1.749927075558638535e+04
1.750669141256481089e+04
1.751411206954316003e+04
1.752153272652142186e+04
1.752895338349959638e+04
1.753637404047769087e+04
1.754379469745569804e+04
1.755121535443361790e+04
1.755863601141145773e+04
1.756605666838921024e+04
1.757347732537785851e+04
1.758089798235681519e+04
1.758831863933577552e+04
1.759573929632174259e+04
1.760315995333190949e+04
1.761058061034207640e+04
1.761800126735224330e+04
1.762542192436240293e+04
1.763284258137256984e+04
1.764026323838273674e+04
1.764768389539290365e+04
1.765510455240306328e+04
1.766252520941323019e+04
1.766994586642339709e+04
1.767736652343356400e+04
1.768478718044373090e+04
1.769220783745389053e+04
1.769962849446268228e+04
1.770704915146856365e+04
1.771446980847428858e+04
1.772189046547985345e+04
1.772931112248525460e+04
1.773673177949051023e+04
1.774415243649559852e+04
1.775157309350052674e+04
1.775899375050530216e+04
1.776641440750991751e+04
1.777383506451437643e+04
1.778125572151867163e+04
1.778867637852281041e+04
1.779609703552679275e+04
1.780351769253061502e+04
1.781093834953427722e+04
1.781835900653778663e+04
1.782577966354113596e+04
1.783320032054432158e+04
1.784062097754735441e+04
1.784804163455023081e+04
1.785546229155293986e+04
1.786288294855549611e+04
1.787030360555789593e+04
1.787772426256013568e+04
1.788514491956221173e+04
1.789256557656413497e+04
1.789998623356589815e+04
1.790740689056750853e+04
1.791482754756895520e+04
1.792224820457024180e+04
1.792966886157137196e+04
1.793708951857234206e+04
1.794451017557315572e+04
1.795193083257380931e+04
1.795935148957431375e+04
1.796677214657464719e+04
1.797419280357482785e+04
1.798161346057484843e+04
1.798903411757471258e+04
1.799645477457442030e+04
1.800387543157396431e+04
1.801129608857335552e+04
1.801871674557258302e+04
1.802613740257165409e+04
1.803355805957057237e+04
1.804097871656932330e+04
1.804839937356791779e+04
1.805582003056636313e+04
1.806324068756463748e+04
1.807066134456275904e+04
1.807808200156072053e+04
1.808550265855852558e+04
1.809292331554203338e+04
1.810034397252285271e+04
1.810776462950254790e+04
1.811518528648112624e+04
1.812260594345859136e+04
1.813002660043493233e+04
1.813744725741014918e+04
1.814486791438424916e+04
1.815228857135723956e+04
1.815970922832909855e+04
1.816712988529984432e+04
1.817455054226946231e+04
1.818197119923797072e+04
1.818939185620535864e+04
1.819681251317162605e+04
1.820423317013676569e+04
1.821165382710079939e+04
1.821907448406370531e+04
1.822649514102549438e+04
1.823391579798616294e+04
1.824133645494571465e+04
1.824875711190414586e+04
1.825617776886146021e+04
1.826359842581764678e+04
1.827101908277272014e+04
1.827843973972667300e+04
1.828586039667950536e+04
1.829328105363122086e+04
1.830070171058181586e+04
1.830812236753129400e+04
1.831554302447964801e+04
1.832296368142688880e+04
1.833038433839932259e+04
1.833780499535919444e+04
1.834522565231906628e+04
1.835264630928792758e+04
1.836006696628787904e+04
1.836748762328782323e+04
1.837490828028777469e+04
1.838232893728772979e+04
1.838974959428767761e+04
1.839717025128762907e+04
1.840459090828757689e+04
1.841201156528752472e+04
1.841943222228748346e+04
1.842685287928743128e+04
1.843427353628738274e+04
1.844169419328733056e+04
1.844911485028728566e+04
1.845653550728723349e+04
1.846395616428718495e+04
1.847137682128219603e+04
1.847879747827501342e+04
1.848621813526759070e+04
1.849363879225992787e+04
1.850105944925202130e+04
1.850848010624387462e+04
1.851590076323548419e+04
1.852332142022685730e+04
1.853074207721798302e+04
1.853816273420886864e+04
1.854558339119951415e+04
1.855300404818991956e+04
1.856042470518008122e+04
1.856784536217000277e+04
1.857526601915968058e+04
1.858268667614911828e+04
1.859010733313831588e+04
1.859752799012726609e+04
1.860494864711598348e+04
1.861236930410444984e+04
1.861978996109268337e+04
1.862721061808066952e+04
1.863463127506841920e+04
1.864205193205592514e+04
1.864947258904319096e+04
1.865689324603021305e+04
1.866431390301699867e+04
1.867173456000353690e+04
1.867915521698983503e+04
1.868657587397588941e+04
1.869399653096170732e+04
1.870141718794728149e+04
1.870883784493261192e+04
1.871625850191770223e+04
1.872367915890254881e+04
1.873109981588715891e+04
1.873852047287152527e+04
1.874594112985564789e+04
1.875336178683953040e+04
1.876078244382317644e+04
1.876820310080657509e+04
1.877562375778973365e+04
1.878304441477265209e+04
1.879046507175533043e+04
1.879788572873776138e+04
1.880530638571995223e+04
1.881272704270190297e+04
1.882014769968361725e+04
1.882756835666508414e+04
1.883498901364630728e+04
1.884240967062729760e+04
1.884983032760804781e+04
1.885725098458854336e+04
1.886467164156880608e+04
1.887209229854882869e+04
1.887951295552860392e+04
1.888693361250960152e+04
1.889435426950937472e+04
1.890177492651041393e+04
1.890919558351270825e+04
1.891661624051626859e+04
1.892403689752109494e+04
1.893145755452717640e+04
1.893887821153452387e+04
1.894629886854314100e+04
1.895371952555301323e+04
1.896114018256415147e+04
1.896856083957655210e+04
1.897598149659021146e+04
1.898340215360514412e+04
1.899082281062132824e+04
1.899824346763877838e+04
1.900566412465749454e+04
1.901308478167747671e+04
1.902050543869871763e+04
1.902792609572122092e+04
1.903534675274498295e+04
1.904276740977001464e+04
1.905018806679630143e+04
1.905760872382386151e+04
1.906502938085267670e+04
1.907245003788275790e+04
1.907987069491409784e+04
1.908729135187999054e+04
1.909471200885269354e+04
1.910213266582541110e+04
1.910955332280423318e+04
1.911697397980418464e+04
1.912439463680413610e+04
1.913181529380408756e+04
1.913923595080403902e+04
1.914665660780398321e+04
1.915407726480393831e+04
1.916149792180388977e+04
1.916891857880383759e+04
1.917633923580378905e+04
1.918375989280374051e+04
1.919118054980369197e+04
1.919860120680364344e+04
1.920602186380358762e+04
1.921344252080354272e+04
1.922086317780349418e+04
1.922828383480344564e+04
1.923570449180339347e+04
1.924312514880016533e+04
1.925054580579652247e+04
1.925796646279276683e+04
1.926538711978890206e+04
1.927280777678492450e+04
1.928022843378083417e+04
1.928764909077662742e+04
1.929506974777231153e+04
1.930249040476788286e+04
1.930991106176334142e+04
1.931733171875869084e+04
1.932475237575393112e+04
1.933217303274905134e+04
1.933959368974405879e+04
1.934701434673895710e+04
1.935443500373374627e+04
1.936185566072841539e+04
1.936927631772298264e+04
1.937669697471742984e+04
1.938411763171176426e+04
1.939153828870599318e+04
1.939895894570010569e+04
1.940637960269410178e+04
1.941380025968798873e+04
1.942122091668176290e+04
1.942864157367542794e+04
1.943606223066898019e+04
1.944348288766242331e+04
1.945090354465574637e+04
1.945832420164896030e+04
1.946574485864205781e+04
1.947316551563505345e+04
1.948058617262792541e+04
1.948800682962069550e+04
1.949542748661334554e+04
1.950284814360588643e+04
1.951026880059831456e+04
1.951768945759063354e+04
1.952511011458283247e+04
1.953253077157492226e+04
1.953995142856690654e+04
1.954737208555876714e+04
1.955479274255052223e+04
1.956221339954216819e+04
1.956963405653369773e+04
1.957705471352511086e+04
1.958447537051641848e+04
1.959189602750760969e+04
1.959931668449869176e+04
1.960673734148966469e+04
1.961415799848051392e+04
1.962157865547126130e+04
1.962899931246189226e+04
1.963641996945241408e+04
1.964384062644281948e+04
1.965126128343311575e+04
1.965868194042329924e+04
1.966610259741336995e+04
1.967352325440332061e+04
1.968094391139317304e+04
1.968836456838290178e+04
1.969578522536779201e+04
1.970320588235044124e+04
1.971062653933237016e+04
1.971804719631356784e+04
1.972546785329403428e+04
1.973288851027377677e+04
1.974030916725278075e+04
1.974772982423106441e+04
1.975515048120861684e+04
1.976257113818544894e+04
1.976999179516154254e+04
1.977741245213690854e+04
1.978483310911155422e+04
1.979225376608546503e+04
1.979967442305864824e+04
1.980709508003109659e+04
1.981451573700282461e+04
1.982193639397382503e+04
1.982935705094409423e+04
1.983677770791363582e+04
1.984419836492862669e+04
1.985161902197128802e+04
1.985903967901394935e+04
1.986646033605154662e+04
1.987388099307162338e+04
1.988130165009170378e+04
1.988872230711177690e+04
1.989614296413185730e+04
1.990356362115194133e+04
1.991098427817201446e+04
1.991840493519209849e+04
1.992582559221216798e+04
1.993324624923225201e+04
1.994066690625233241e+04
1.994808756327240917e+04
1.995550822029248957e+04
1.996292887731256269e+04
1.997034953433264309e+04
1.997777019135271985e+04
1.998519084837280025e+04
1.999261150539288064e+04
2.000003216241295740e+04
2.000745281943303416e+04
2.001487347644783586e+04
2.002229413346194633e+04
2.002971479047588946e+04
2.003713544748965796e+04
2.004455610450325548e+04
2.005197676151667838e+04
2.005939741852993029e+04
2.006681807554300758e+04
2.007423873255591025e+04
2.008165938956863829e+04
2.008908004658119899e+04
2.009650070359357778e+04
2.010392136060579651e+04
2.011134201761782606e+04
2.011876267462969554e+04
2.012618333164138312e+04
2.013360398865290335e+04
2.014102464566424533e+04
2.014844530267541995e+04
2.015586595968641632e+04
2.016328661669724170e+04
2.017070727370789609e+04
2.017812793071837223e+04
2.018554858772868465e+04
2.019296924473881154e+04
2.020038990174877472e+04
2.020781055875855964e+04
2.021523121576817357e+04
2.022265187277760924e+04
2.023007252978687757e+04
2.023749318679596763e+04
2.024491384380489035e+04
2.025233450081363844e+04
2.025975515782221555e+04
2.026717581483061076e+04
2.027459647183883862e+04
2.028201712884689186e+04
2.028943778585477412e+04
2.029685844286248175e+04
2.030427909987002204e+04
2.031169975687737679e+04
2.031912041388456419e+04
2.032654107089158788e+04
2.033396172789842240e+04
2.034138238490509684e+04
2.034880304191158939e+04
2.035622369891791095e+04
2.036364435592405789e+04
2.037106501293003384e+04
2.037848566993583518e+04
2.038590632694146916e+04
2.039332698394692125e+04
2.040074764095220598e+04
2.040816829795731610e+04
2.041558895496225887e+04
2.042300961196701610e+04
2.043043026897160598e+04
2.043785092597602488e+04
2.044527158298026916e+04
2.045269223998433881e+04
2.046011289698823384e+04
2.046753355399196153e+04
2.047495421099551095e+04
2.048237486799888575e+04
2.048979552500209684e+04
2.049721618200512967e+04
2.050463683900442265e+04
2.051205749600251511e+04
2.051947815299984723e+04
2.052689880999641900e+04
2.053431946699223045e+04
2.054174012398727791e+04
2.054916078098156868e+04
2.055658143797509911e+04
2.056400209496786556e+04
2.057142275195987168e+04
2.057884340895112109e+04
2.058626406594160653e+04
2.059368472293133527e+04
2.060110537992614627e+04
2.060852603690269461e+04
2.061594669387923932e+04
2.062336735085598048e+04
2.063078800783338374e+04
2.063820866481079793e+04
2.064562932178820483e+04
2.065304997876561538e+04
2.066047063574301865e+04
2.066789129272042919e+04
2.067531194969783974e+04
2.068273260667525028e+04
2.069015326365265355e+04
2.069757392063006773e+04
2.070499457760747464e+04
2.071241523458487791e+04
2.071983589156229209e+04
2.072725654853969900e+04
2.073467720551710954e+04
2.074209786249452009e+04
2.074951851947192336e+04
2.075693917644933754e+04
2.076435983342674444e+04
2.077178049040414771e+04
2.077920114738156190e+04
2.078662180436453491e+04
2.079404246135023641e+04
2.080146311833617074e+04
2.080888377532232698e+04
2.081630443230870878e+04
2.082372508929531978e+04
2.083114574628215632e+04
2.083856640326921479e+04
2.084598706025649881e+04
2.085340771724401202e+04
2.086082837423174351e+04
2.086824903121970419e+04
2.087566968820789043e+04
2.088309034519630222e+04
2.089051100218494685e+04
2.089793165917380247e+04
2.090535231616289093e+04
2.091277297315220494e+04
2.092019363014174451e+04
2.092761428713150963e+04
2.093503494412149666e+04
2.094245560111170926e+04
2.094987625810215468e+04
2.095729691509281838e+04
2.096471757208370764e+04
2.097213822907482972e+04
2.097955888606616645e+04
2.098697954305773965e+04
2.099440020004953112e+04
2.100182085704154815e+04
2.100924151403379074e+04
2.101666217102626251e+04
2.102408282801895621e+04
2.103150348501187182e+04
2.103892414200501662e+04
2.104634479899838698e+04
2.105376545599198289e+04
2.106118611298580799e+04
2.106860676997985138e+04
2.107602742697412759e+04
2.108344808396861845e+04
2.109086874096334577e+04
2.109828939795829501e+04
2.110571005495346617e+04
2.111313071194886652e+04
2.112055136894448515e+04
2.112797202594034025e+04
2.113539268293641362e+04
2.114281333993271619e+04
2.115023399692924431e+04
2.115765465392599435e+04
2.116507531092296631e+04
2.117249596792017110e+04
2.117991662491759780e+04
2.118733728191525006e+04
2.119475793891313151e+04
2.120217859591123124e+04
2.120959925290956016e+04
2.121701990990811464e+04
2.122444056690689467e+04
2.123186122390590026e+04
2.123928188090513504e+04
2.124670253790458810e+04
2.125412319490426671e+04
2.126154385190417815e+04
2.126896450890431151e+04
2.127638516590466315e+04
2.128380582290525126e+04
2.129122647990605765e+04
2.129864713690709323e+04
2.130606779390834708e+04
2.131348845090671239e+04
2.132090910789924601e+04
2.132832976488948407e+04
2.133575042187742292e+04
2.134317107886305894e+04
2.135059173584639939e+04
2.135801239284088297e+04
2.136543304984678252e+04
2.137285370685267844e+04
2.138027436385853434e+04
2.138769502086425928e+04
2.139511567786998785e+04
2.140253633487571642e+04
2.140995699188143772e+04
2.141737764888716265e+04
2.142479830589289486e+04
2.143221896289861616e+04
2.143963961990434109e+04
2.144706027691006602e+04
2.145448093391579459e+04
2.146190159092151953e+04
2.146932224792724446e+04
2.147674290493297667e+04
2.148416356193870160e+04
2.149158421894442290e+04
2.149900487595015147e+04
2.150642553295588004e+04
2.151384618996160134e+04
2.152126684696732991e+04
2.152868750397305485e+04
2.153610816097877978e+04
2.154352881798450835e+04
2.155094947499023328e+04
2.155837013199661305e+04
2.156579078900544118e+04
2.157321144601435662e+04
2.158063210302335210e+04
2.158805276003242761e+04
2.159547341704159044e+04
2.160289407405082966e+04
2.161031473106014892e+04
2.161773538806955185e+04
2.162515604507904209e+04
2.163257670208861236e+04
2.163999735909826268e+04
2.164741801610800030e+04
2.165483867311781069e+04
2.166225933012770838e+04
2.166967998713768611e+04
2.167710064414775115e+04
2.168452130115789623e+04
2.169194195816811771e+04
2.169936261517842649e+04
2.170678327218881896e+04
2.171420392919929145e+04
2.172162458620984398e+04
2.172904524322048019e+04
2.173646590023119643e+04
2.174388655724200362e+04
2.175130721425287993e+04
2.175872787126384355e+04
2.176614852827489085e+04
2.177356918528601818e+04
2.178098984229723283e+04
2.178841049930852751e+04
2.179583115631989858e+04
2.180325181333135697e+04
2.181067247034289903e+04
2.181809312735451385e+04
2.182551378436622326e+04
2.183293444137800543e+04
2.184035509838987491e+04
2.184777575540182806e+04
2.185519641241385398e+04
2.186261706942597084e+04
2.187003772643816046e+04
2.187745838345044467e+04
2.188487904046280164e+04
2.189229969747524592e+04
2.189972035448777024e+04
2.190714101150037823e+04
2.191456166851306625e+04
2.192198232552583067e+04
2.192940298253868968e+04
2.193682363955162145e+04
2.194424429656464054e+04
2.195166495357773238e+04
2.195908561059091880e+04
2.196650626760418163e+04
2.197392692461752449e+04
2.198134758163095103e+04
2.198876823864446123e+04
2.199618889565805148e+04
2.200360955267172540e+04
2.201103020968548299e+04
2.201845086669932061e+04
2.202587152371323828e+04
2.203329218072724325e+04
2.204071283774132462e+04
2.204813349475548603e+04
2.205555415176973838e+04
2.206297480878406714e+04
2.207039546579847956e+04
2.207781612281297203e+04
2.208523677982754816e+04
2.209265743684220797e+04
2.210007809385694782e+04
2.210749875087177497e+04
2.211491940785521001e+04
2.212234006483722624e+04
2.212976072181924246e+04
2.213718137880792347e+04
2.214460203581960013e+04
2.215202269283126952e+04
2.215944334984294619e+04
2.216686400685462286e+04
2.217428466386628861e+04
2.218170532087796892e+04
2.218912597788964194e+04
2.219654663490131861e+04
2.220396729191298800e+04
2.221138794892466467e+04
2.221880860593634134e+04
2.222622926294800709e+04
2.223364991995968740e+04
2.224107057697136042e+04
2.224849123398303709e+04
2.225591189099470648e+04
2.226333254800638315e+04
2.227075320501805982e+04
2.227817386202972921e+04
2.228559451904140587e+04
2.229301517605307890e+04
2.230043583306475557e+04
2.230785649007642496e+04
2.231527714708810163e+04
2.232269780409977830e+04
2.233011846111144769e+04
2.233753911812146544e+04
2.234495977512953323e+04
2.235238043213751371e+04
2.235980108914539233e+04
2.236722174615316908e+04
2.237464240316085125e+04
2.238206306016843155e+04
2.238948371717591726e+04
2.239690437418330475e+04
2.240432503119058674e+04
2.241174568819777778e+04
2.241916634520487423e+04
2.242658700221186882e+04
2.243400765921876155e+04
2.244142831622556332e+04
2.244884897323226323e+04
2.245626963023886492e+04
2.246369028724536838e+04
2.247111094425176998e+04
2.247853160125808063e+04
2.248595225826428941e+04
2.249337291527040361e+04
2.250079357227640867e+04
2.250821422928233005e+04
2.251563488628814594e+04
2.252305554329386359e+04
2.253047620029948666e+04
2.253789685730500423e+04
2.254531751431043085e+04
2.255273817131575197e+04
2.256015882832098214e+04
2.256757948532611772e+04
2.257500014233114780e+04
2.258242079933607602e+04
2.258984145634091692e+04
2.259726211334565596e+04
2.260468277035029678e+04
2.261210342735483573e+04
2.261952408435928010e+04
2.262694474136362260e+04
2.263436539836787415e+04
2.264178605537202384e+04
2.264920671237607166e+04
2.265662736938002490e+04
2.266404802638388355e+04
2.267146868338763670e+04
2.267888934039129163e+04
2.268630999739485196e+04
2.269373065439831407e+04
2.270115131140168523e+04
2.270857196840494726e+04
2.271599262540811469e+04
2.272341328241118390e+04
2.273083393941415852e+04
2.273825459641703492e+04
2.274567525341980217e+04
2.275309591042248212e+04
2.276051656742506020e+04
2.276793722442754370e+04
2.277535788142992533e+04
2.278277853843221237e+04
2.279019919543439755e+04
2.279761985243648815e+04
2.280504050943847687e+04
2.281246116644037102e+04
2.281988182344216330e+04
2.282730248044386099e+04
2.283472313744546409e+04
2.284214379444696169e+04
2.284956445144836471e+04
2.285698510844966950e+04
2.286440576545087970e+04
2.287182642244288581e+04
2.287924707943119574e+04
2.288666773641951295e+04
2.289408839341163548e+04
2.290150905041692749e+04
2.290892970742222315e+04
2.291635036442751880e+04
2.292377102143281809e+04
2.293119167843811374e+04
2.293861233544340575e+04
2.294603299244870141e+04
2.295345364945399342e+04
2.296087430645929271e+04
2.296829496346458473e+04
2.297571562046988402e+04
2.298313627747516875e+04
2.299055693448047532e+04
2.299797759148576006e+04
2.300539824849105571e+04
2.301281890549635500e+04
2.302023956250164338e+04
2.302766021950694267e+04
2.303508087651223468e+04
2.304250153351753033e+04
2.304992219052282962e+04
2.305734284752812528e+04
2.306476350453341729e+04
2.307218416153871658e+04
2.307960481854400496e+04
2.308702547554930061e+04
2.309444613255459262e+04
2.310186678955989191e+04
2.310928744656519120e+04
2.311670810357245500e+04
2.312412876058327674e+04
2.313154941759517533e+04
2.313897007460815439e+04
2.314639073162221757e+04
2.315381138863735032e+04
2.316123204565356718e+04
2.316865270267087180e+04
2.317607335968923871e+04
