2.605029495842325016e+00
2.611438965093788145e+00
2.617780211775182941e+00
2.624059501431848407e+00
2.630278145680383872e+00
2.636434890671745190e+00
2.642531019789578828e+00
2.648566567580329156e+00
2.654542139961887592e+00
2.660458831803625745e+00
2.666316798337891480e+00
2.672116417292057733e+00
2.677858446477148657e+00
2.683544199882093917e+00
2.689173494943545517e+00
2.694746761347329933e+00
2.700265330895135651e+00
2.705729717992124250e+00
2.711139996297518451e+00
2.716496637443361450e+00
2.721801402644662637e+00
2.727053935756233560e+00
2.732254654103280611e+00
2.737404466897344069e+00
2.742504457056140765e+00
2.747554616849244180e+00
2.752555421707984618e+00
2.757507344313763653e+00
2.762410854568135843e+00
2.767266505286363643e+00
2.772075400662351807e+00
2.776837623892521645e+00
2.781553680997614020e+00
2.786224075231787722e+00
2.790849307064888318e+00
2.795429874167639994e+00
2.799966325025147196e+00
2.804459134180322444e+00
2.808908787161342957e+00
2.813315774385623858e+00
2.817680583442848885e+00
2.822003699093461826e+00
2.826285345178993325e+00
2.830525926158342198e+00
2.834726076288093033e+00
2.838886257535543578e+00
2.843006929040527542e+00
2.847088547123417523e+00
2.851131565294212411e+00
2.855136434262640410e+00
2.859103601949176010e+00
2.863033513496942906e+00
2.866926134267760773e+00
2.870781781813494415e+00
2.874601211271606616e+00
2.878384832203270793e+00
2.882133051428656501e+00
2.885846273044076149e+00
2.889524898439607803e+00
2.893169326317012846e+00
2.896779952708049777e+00
2.900357170993058453e+00
2.903900949731770709e+00
2.907411546712293404e+00
2.910889645252857427e+00
2.914335606016339231e+00
2.917749787083997681e+00
2.921132543976339146e+00
2.924484229674058966e+00
2.927805194639104158e+00
2.931095786835716588e+00
2.934356351751642666e+00
2.937586935322364923e+00
2.940787769900280679e+00
2.943959415120472212e+00
2.947102190683006384e+00
2.950216413900369705e+00
2.953302399719233584e+00
2.956360460742160967e+00
2.959390907249288993e+00
2.962394047219926385e+00
2.965370186354087334e+00
2.968319432475440056e+00
2.971242004057979447e+00
2.974138354142376706e+00
2.977008768647365855e+00
2.979853531308621406e+00
2.982672923700121270e+00
2.985467225255362234e+00
2.988236713288516810e+00
2.990981663015454650e+00
2.993702347574621836e+00
2.996398905581334926e+00
2.999071541874930968e+00
3.001720633680471817e+00
3.004346438463768365e+00
3.006949211709496694e+00
3.009529206941546686e+00
3.012086675743232078e+00
3.014621867777401931e+00
3.017135030806332718e+00
3.019626410711571562e+00
3.022096243782877334e+00
3.024543675646750973e+00
3.026969982621971589e+00
3.029375879893096979e+00
3.031761460874903502e+00
3.034126480269492276e+00
3.036471428788453331e+00
3.038796508606727009e+00
3.041101832962818108e+00
3.043387618156778274e+00
3.045654078631035766e+00
3.047901454407340172e+00
3.050129999088914357e+00
3.052339837048696936e+00
3.054531158696146775e+00
3.056704152835227450e+00
3.058859006682428383e+00
3.060995905884563495e+00
3.063115318811247878e+00
3.065217222433946453e+00
3.067301796847024420e+00
3.069369221637564760e+00
3.071419674908813846e+00
3.073453333297106127e+00
3.075470558433098578e+00
3.077471515121791512e+00
3.079456282709365667e+00
3.081425032175448386e+00
3.083377933113972347e+00
3.085315153749118799e+00
3.087236932365117426e+00
3.089143609168396587e+00
3.091035182784541036e+00
3.092911816156360238e+00
3.094773670933648191e+00
3.096620907488254471e+00
3.098453684928955454e+00
3.100272474707166381e+00
3.102077252995993017e+00
3.103868150241359203e+00
3.105645324064396640e+00
3.107408930896619736e+00
3.109159125993814499e+00
3.110896063449839932e+00
3.112619896210206960e+00
3.114330776085564967e+00
3.116028853764971185e+00
3.117714278829053054e+00
3.119387199762960083e+00
3.121047763969213129e+00
3.122696117780354719e+00
3.124332617267823409e+00
3.125957310176521453e+00
3.127570286052898219e+00
3.129171690907390335e+00
3.130761669743193476e+00
3.132340366567913925e+00
3.133907924405068712e+00
3.135464485305407223e+00
3.137010190358060058e+00
3.138545179701564880e+00
3.140069592534678211e+00
3.141583567127034016e+00
3.143087240829614881e+00
3.144580750085127718e+00
3.146064258879549769e+00
3.147537897750006586e+00
3.149001786156136795e+00
3.150456057644556829e+00
3.151900844902818299e+00
3.153336279768654826e+00
3.154762493239060106e+00
3.156179615479195899e+00
3.157587775831068200e+00
3.158987102822086168e+00
3.160377724173326186e+00
3.161759766807761718e+00
3.163133356858153000e+00
3.164498619674826596e+00
3.165855642426782968e+00
3.167204536196900566e+00
3.168545457292998524e+00
3.169878526925294260e+00
3.171203865556924129e+00
3.172521592910530153e+00
3.173831827974609610e+00
3.175134689009672329e+00
3.176430293554161288e+00
3.177718758430176926e+00
3.179000199748982070e+00
3.180274732916307023e+00
3.181542472637372221e+00
3.182803532921785639e+00
3.184058007283023795e+00
3.185305981097816819e+00
3.186547594851900644e+00
3.187782957981400322e+00
3.189012179246865308e+00
3.190235366736750233e+00
3.191452627870653203e+00
3.192664069402298299e+00
3.193869797422292045e+00
3.195069917360633838e+00
3.196264181606523813e+00
3.197453037108247909e+00
3.198636749053625383e+00
3.199815359740279863e+00
3.200988829727700047e+00
3.202157347907037099e+00
3.203321010189507323e+00
3.204479860016827164e+00
3.205634016502277639e+00
3.206783575601605207e+00
3.207928639861139075e+00
3.209069301969854848e+00
3.210205648523197119e+00
3.211337770859356677e+00
3.212465759660845244e+00
3.213589704952839465e+00
3.214709696101219372e+00
3.215825865632419234e+00
3.216938388192116971e+00
3.218047243838734417e+00
3.219152519282604707e+00
3.220254300560896343e+00
3.221352673034038272e+00
3.222447721381873187e+00
3.223539529599455555e+00
3.224628180992646254e+00
3.225713758173401224e+00
3.226796343054758598e+00
3.227876016845590001e+00
3.228952860045052109e+00
3.230026952436752197e+00
3.231098544818963969e+00
3.232167638462534853e+00
3.233234249649135972e+00
3.234298455245091741e+00
3.235360331367891362e+00
3.236419953378795178e+00
3.237477395875107078e+00
3.238532732682224857e+00
3.239586036845417460e+00
3.240637380621380181e+00
3.241686835469506534e+00
3.242734472042951399e+00
3.243780360179428612e+00
3.244824607945734130e+00
3.245867454252004514e+00
3.246908790107977172e+00
3.247948682001245313e+00
3.248987195554525975e+00
3.250024395515176856e+00
3.251060345744488433e+00
3.252095109206789125e+00
3.253128747958382583e+00
3.254161323136280703e+00
3.255192894946811855e+00
3.256223522654037694e+00
3.257253264568034989e+00
3.258282178033054421e+00
3.259310452059043683e+00
3.260338119906605936e+00
3.261365161638551502e+00
3.262391631616178067e+00
3.263417583174221814e+00
3.264443068608397169e+00
3.265468139162867711e+00
3.266492845017693547e+00
3.267517235276228948e+00
3.268541357952475135e+00
3.269565259958487680e+00
3.270588987091733291e+00
3.271612584022479453e+00
3.272636094281266672e+00
3.273659560246361178e+00
3.274683023131320425e+00
3.275706522972650525e+00
3.276730098617520515e+00
3.277753787711626732e+00
3.278777626687185531e+00
3.279801650751058339e+00
3.280825893873070775e+00
3.281850388774477878e+00
3.282875215618379805e+00
3.283900416819046875e+00
3.284925975028443190e+00
3.285951918558508211e+00
3.286978274418681956e+00
3.288005068305827727e+00
3.289032324594547418e+00
3.290060066327807231e+00
3.291088315207884474e+00
3.292117091587732247e+00
3.293146414462701177e+00
3.294176301462662160e+00
3.295206768844603396e+00
3.296237831485584469e+00
3.297269502876269964e+00
3.298301795114846779e+00
3.299334718901478780e+00
3.300368283533289926e+00
3.301402496899880745e+00
3.302437365479379938e+00
3.303472894335100829e+00
3.304508932211320360e+00
3.305545645165704371e+00
3.306583109937825782e+00
3.307621272607848439e+00
3.308660097658409960e+00
3.309699611424235410e+00
3.310739790584957820e+00
3.311780611913614614e+00
3.312822084236962006e+00
3.313864196733994572e+00
3.314906937173752510e+00
3.315950293108808289e+00
3.316994253718536179e+00
3.318038798435062553e+00
3.319083909442623881e+00
3.320129567546720839e+00
3.321175752182712770e+00
3.322222441425164874e+00
3.323269611998061812e+00
3.324317239285771830e+00
3.325365311108717137e+00
3.326413852370010638e+00
3.327462778199726579e+00
3.328512058751809111e+00
3.329561662907741137e+00
3.330611558292422281e+00
3.331661711290862193e+00
3.332712087065665241e+00
3.333762649575359838e+00
3.334813361593467196e+00
3.335864184728410287e+00
3.336915079444211507e+00
3.337966005081903109e+00
3.339016919881803602e+00
3.340067781006411884e+00
3.341118544564210868e+00
3.342169273762585213e+00
3.343219832089383114e+00
3.344270168961625878e+00
3.345320236525625823e+00
3.346369986002849295e+00
3.347419367717745509e+00
3.348468331126223774e+00
3.349516824844765317e+00
3.350564796680056023e+00
3.351612193659258665e+00
3.352658962060738990e+00
3.353705047445393106e+00
3.354750394688401194e+00
3.355794948011477707e+00
3.356838651015538133e+00
3.357881530886057231e+00
3.358923487254916296e+00
3.359964434906939079e+00
3.361004315297035028e+00
3.362043069428288344e+00
3.363080637886686208e+00
3.364116960876037510e+00
3.365151978253145160e+00
3.366185629563088089e+00
3.367217854074718186e+00
3.368248590816191879e+00
3.369277778610637597e+00
3.370305356111806816e+00
3.371331261839805915e+00
3.372355434216746772e+00
3.373377870564912229e+00
3.374398516446747820e+00
3.375417260577848300e+00
3.376434041692899957e+00
3.377448798605566793e+00
3.378461470243369291e+00
3.379471995682294061e+00
3.380480314181145918e+00
3.381486365215550016e+00
3.382490088511673321e+00
3.383491424079558385e+00
3.384490312246022814e+00
3.385486693687201232e+00
3.386480509460580546e+00
3.387471701036580463e+00
3.388460210329631739e+00
3.389445979728717528e+00
3.390428952127343631e+00
3.391409070952954963e+00
3.392386280195764936e+00
3.393360524436885406e+00
3.394331748875903276e+00
3.395299899357738127e+00
3.396264922398817721e+00
3.397226765212584709e+00
3.398185375734238178e+00
3.399140702644777079e+00
3.400092695394255848e+00
3.401041311317678950e+00
3.401986507884274591e+00
3.402928231381715740e+00
3.403866435196412077e+00
3.404801073588676452e+00
3.405732101711228310e+00
3.406659475626926614e+00
3.407583152325586617e+00
3.408502997105379517e+00
3.409419068497607341e+00
3.410331369204171459e+00
3.411239815478214421e+00
3.412144368900530633e+00
3.413045002206136047e+00
3.413941655194191238e+00
3.414834301999441379e+00
3.415722911473987988e+00
3.416607449630963078e+00
3.417487883540098803e+00
3.418364181140889357e+00
3.419236311574783027e+00
3.420104245294624423e+00
3.420967953656237182e+00
3.421827409097849326e+00
3.422682585142846623e+00
3.423533456401801622e+00
3.424379998573665151e+00
3.425222188446285454e+00
3.426060008258420275e+00
3.426893470879609271e+00
3.427722522890466195e+00
3.428547145425589360e+00
3.429367320700134059e+00
3.430183032006090205e+00
3.430994263707884073e+00
3.431801001237421822e+00
3.432603231088446449e+00
3.433400940810322322e+00
3.434194119001277912e+00
3.434982755300993063e+00
3.435766840382743492e+00
3.436546365944951997e+00
3.437321324702247161e+00
3.438091710376061538e+00
3.438857517684696052e+00
3.439618776208044348e+00
3.440375483508496757e+00
3.441127609844156332e+00
3.441875153814480726e+00
3.442618114959903775e+00
3.443356493749470282e+00
3.444090291568203455e+00
3.444819510704057564e+00
3.445544154334631237e+00
3.446264226513581885e+00
3.446979732156749243e+00
3.447690677028058204e+00
3.448397067725153420e+00
3.449098911664859379e+00
3.449796217068424209e+00
3.450488992946565414e+00
3.451177249084375731e+00
3.451861061522549790e+00
3.452540385904394604e+00
3.453215232130023793e+00
3.453885612929736837e+00
3.454551541730829456e+00
3.455213032641766269e+00
3.455870100436408077e+00
3.456522760538125016e+00
3.457171029003932361e+00
3.457814922508573474e+00
3.458454458328618308e+00
3.459089654326567231e+00
3.459720528934987716e+00
3.460347101140648363e+00
3.460969390468751072e+00
3.461587416967176534e+00
3.462201227380301560e+00
3.462810862780409504e+00
3.463416307535861272e+00
3.464017583815254486e+00
3.464614714232439940e+00
3.465207721831306209e+00
3.465796630070721918e+00
3.466381462809570380e+00
3.466962244291983630e+00
3.467538999132630195e+00
3.468111752302262207e+00
3.468680529113299826e+00
3.469245355205718973e+00
3.469806256532955935e+00
3.470363259348109963e+00
3.470916390190272871e+00
3.471465675871020728e+00
3.472011143461158689e+00
3.472552820277599039e+00
3.473090733870461300e+00
3.473624912010362831e+00
3.474155382675941262e+00
3.474682174041529681e+00
3.475205314465081408e+00
3.475724832476296822e+00
3.476240756764956696e+00
3.476753116169466029e+00
3.477261939665633239e+00
3.477767256355616787e+00
3.478269095457167115e+00
3.478767487621932553e+00
3.479262465858073305e+00
3.479753994423684826e+00
3.480242171848078048e+00
3.480727058829553133e+00
3.481208661630143641e+00
3.481686999639123314e+00
3.482162114269728548e+00
3.482634025224893293e+00
3.483102758204780436e+00
3.483568350526862201e+00
3.484030831850708498e+00
3.484490231830896789e+00
3.484946580109231196e+00
3.485399904738370580e+00
3.485850236388945422e+00
3.486297604787659932e+00
3.486742039451654840e+00
3.487183569849583886e+00
3.487622225395058173e+00
3.488058035440332105e+00
3.488491029270127441e+00
3.488921236095714473e+00
3.489348685049122878e+00
3.489773432388980190e+00
3.490195483840507151e+00
3.490614867196626392e+00
3.491031611219258757e+00
3.491445744565038645e+00
3.491857295780652404e+00
3.492266293298343705e+00
3.492672765431552584e+00
3.493076740370782307e+00
3.493478246179542168e+00
3.493877310790545643e+00
3.494273962002009348e+00
3.494668227474093225e+00
3.495060134725534784e+00
3.495449711130424575e+00
3.495836983915092233e+00
3.496221980155165276e+00
3.496604726772756688e+00
3.496985268889611032e+00
3.497363644038316455e+00
3.497739854068131482e+00
3.498113925262932078e+00
3.498485883741056846e+00
3.498855755453240679e+00
3.499223566180702516e+00
3.499589341533366760e+00
3.499953106948156645e+00
3.500314887687435927e+00
3.500674708837516302e+00
3.501032595307339790e+00
3.501388571827163787e+00
3.501742662947460616e+00
3.502094893037798862e+00
3.502445286285927661e+00
3.502793866696850777e+00
3.503140658092092075e+00
3.503485684108949894e+00
3.503829010183396431e+00
3.504170628645829844e+00
3.504510556524092824e+00
3.504848816714759785e+00
3.505185431927923201e+00
3.505520424686991987e+00
3.505853817328509869e+00
3.506185632002080776e+00
3.506515890670321767e+00
3.506844615108932750e+00
3.507171826906778200e+00
3.507497547466044363e+00
3.507821798002476843e+00
3.508144599545646614e+00
3.508465972939254218e+00
3.508785938841548102e+00
3.509104517725726957e+00
3.509421729880413565e+00
3.509737606482307370e+00
3.510052182829152212e+00
3.510365457064339445e+00
3.510677448907626008e+00
3.510988177897305107e+00
3.511297663390974932e+00
3.511605924566272297e+00
3.511912980421688868e+00
3.512218849777399399e+00
3.512523551276129030e+00
3.512827103384030814e+00
3.513129524391658265e+00
3.513430832414849547e+00
3.513731045395760866e+00
3.514030181103839912e+00
3.514328257136853484e+00
3.514625290921953749e+00
3.514921299716721848e+00
3.515216300610282563e+00
3.515510310524399884e+00
3.515803346214597447e+00
3.516095424271310055e+00
3.516386561121041865e+00
3.516676773027541003e+00
3.516966076092969740e+00
3.517254378704214535e+00
3.517541816233995533e+00
3.517828445114817626e+00
3.518114143228457724e+00
3.518399084533438970e+00
3.518683180770193264e+00
3.518966438554884668e+00
3.519248937419404033e+00
3.519530691913266729e+00
3.519811716436870519e+00
3.520092025242740785e+00
3.520371632436852583e+00
3.520650522245998282e+00
3.520928701095381808e+00
3.521206205097858088e+00
3.521483047780578524e+00
3.521759242530488887e+00
3.522034802595663816e+00
3.522309741086567580e+00
3.522584063711135194e+00
3.522857780048407328e+00
3.523130909382016007e+00
3.523403464283395792e+00
3.523675457192805727e+00
3.523946900420558137e+00
3.524217806148375320e+00
3.524488186259543188e+00
3.524758052592651847e+00
3.525027417147929221e+00
3.525296291605173771e+00
3.525564687521837826e+00
3.525832616334293679e+00
3.526100089359062828e+00
3.526367117794028339e+00
3.526633712719704494e+00
3.526899885100418075e+00
3.527165645785509618e+00
3.527431005510582640e+00
3.527695995047940514e+00
3.527960612243310035e+00
3.528224862186173372e+00
3.528488755169870039e+00
3.528752301379908030e+00
3.529015510895066488e+00
3.529278393688558779e+00
3.529540959629160035e+00
3.529803218482340021e+00
3.530065179911372475e+00
3.530326853478431559e+00
3.530588248645707861e+00
3.530849374776471095e+00
3.531110241136170114e+00
3.531370856893477406e+00
3.531631231121355352e+00
3.531891372798078965e+00
3.532151290808302591e+00
3.532410993944081312e+00
3.532670490905847061e+00
3.532929790303449114e+00
3.533188900657121323e+00
3.533447830398477763e+00
3.533706621272115989e+00
3.533965259105049661e+00
3.534223744579840787e+00
3.534482085784953931e+00
3.534740290725018497e+00
3.534998367321689816e+00
3.535256323414589730e+00
3.535514166762182331e+00
3.535771905042658592e+00
3.536029545854809442e+00
3.536287096718872647e+00
3.536544565077407665e+00
3.536801958296104331e+00
3.537059283664623521e+00
3.537316548397404503e+00
3.537573759634483839e+00
3.537830924442264546e+00
3.538088049814315461e+00
3.538345142672138177e+00
3.538602209865915782e+00
3.538859258175273581e+00
3.539116294310016286e+00
3.539373324910845664e+00
3.539630383137867486e+00
3.539887457244978108e+00
3.540144548751389397e+00
3.540401664030441431e+00
3.540658809389875650e+00
3.540915991072464131e+00
3.541173215256711249e+00
3.541430488057464299e+00
3.541687815526549432e+00
3.541945203653380059e+00
3.542202658365586121e+00
3.542460185529612726e+00
3.542717790951277923e+00
3.542975480376384212e+00
3.543233259491274101e+00
3.543491133923392322e+00
3.543749109241819628e+00
3.544007190957829234e+00
3.544265355318213295e+00
3.544523643334976271e+00
3.544782075403686061e+00
3.545040638484644457e+00
3.545299342315647806e+00
3.545558193584786633e+00
3.545817186417003164e+00
3.546076334090085602e+00
3.546335641621608303e+00
3.546595113976231506e+00
3.546854756066097458e+00
3.547114572659313847e+00
3.547374566799975870e+00
3.547634744785492344e+00
3.547895111322012962e+00
3.548155671065210459e+00
3.548416428620668306e+00
3.548677388544275946e+00
3.548938555342553425e+00
3.549199933473031088e+00
3.549461527344587086e+00
3.549723341317796432e+00
3.549985379705220545e+00
3.550247661778148434e+00
3.550510182026624939e+00
3.550772940873278216e+00
3.551035942443026006e+00
3.551299190814336093e+00
3.551562690019515856e+00
3.551826444044974718e+00
3.552090456831487941e+00
3.552354732274462634e+00
3.552619274224217971e+00
3.552884086486157500e+00
3.553149172821068902e+00
3.553414536945334490e+00
3.553680182531160803e+00
3.553946113206762458e+00
3.554212332556613951e+00
3.554478844121638836e+00
3.554745651399390027e+00
3.555012757844246973e+00
3.555280166867619052e+00
3.555547881838074353e+00
3.555815906081579492e+00
3.556084242881596857e+00
3.556352895479273801e+00
3.556621890299259015e+00
3.556891218846041092e+00
3.557160875306229375e+00
3.557430862755495138e+00
3.557701184227915370e+00
3.557971842716117994e+00
3.558242841171374238e+00
3.558514182503744294e+00
3.558785869582141714e+00
3.559057905234488395e+00
3.559330292247758543e+00
3.559603033368124780e+00
3.559876131300997670e+00
3.560149588711158941e+00
3.560423408222788577e+00
3.560697592419578950e+00
3.560972143844788107e+00
3.561247065001308165e+00
3.561522358351724371e+00
3.561798026318388377e+00
3.562074071283436449e+00
3.562350495588881394e+00
3.562627301536631652e+00
3.562904491388533934e+00
3.563182089732817470e+00
3.563460091628386284e+00
3.563738486852552789e+00
3.564017277510235449e+00
3.564296465666481950e+00
3.564576053346514062e+00
3.564856042535728520e+00
3.565136435179721452e+00
3.565417233184306589e+00
3.565698438415505045e+00
3.565980052699571967e+00
3.566262077823012522e+00
3.566544515532551252e+00
3.566827367535164939e+00
3.567110635498073279e+00
3.567394321048712236e+00
3.567678425774769124e+00
3.567962951224150192e+00
3.568247898904965965e+00
3.568533270285548120e+00
3.568819066794407746e+00
3.569105289820233562e+00
3.569391940711886146e+00
3.569679020778376177e+00
3.569966533565384736e+00
3.570254481562961324e+00
3.570542864811282691e+00
3.570831684680737084e+00
3.571120942502108875e+00
3.571410639566589662e+00
3.571700777125737858e+00
3.571991281097471216e+00
3.572282226881352329e+00
3.572573658243262340e+00
3.572865495806445857e+00
3.573157777073025176e+00
3.573450546466750311e+00
3.573743729028008076e+00
3.574037336269045184e+00
3.574331406695316904e+00
3.574625940956887682e+00
3.574920939663867259e+00
3.575216403386404451e+00
3.575512332654644077e+00
3.575808727958748268e+00
3.576105570017404034e+00
3.576402855184718454e+00
3.576700599024976945e+00
3.576998801857141252e+00
3.577297463959941748e+00
3.577596585571919174e+00
3.577896166891359364e+00
3.578196208076334095e+00
3.578496705005880685e+00
3.578797654693446795e+00
3.579099062151774202e+00
3.579400927374829955e+00
3.579703250316306651e+00
3.580006030889636648e+00
3.580309268967976077e+00
3.580612964384238595e+00
3.580917116855519833e+00
3.581221726030320518e+00
3.581526791767625006e+00
3.581832313739417462e+00
3.582138291577545264e+00
3.582444724873717234e+00
3.582751613179534722e+00
3.583058956006515139e+00
3.583366752826152357e+00
3.583675003069930476e+00
3.583983706129385993e+00
3.584292861356139781e+00
3.584602468061959257e+00
3.584912525518807236e+00
3.585223040642356196e+00
3.585534024615086857e+00
3.585845458461838220e+00
3.586157341298484624e+00
3.586469672201458625e+00
3.586782450207817607e+00
3.587095674315316174e+00
3.587409343482523383e+00
3.587723456628859608e+00
3.588038012634754637e+00
3.588353010341694294e+00
3.588668448552352785e+00
3.588984326030676186e+00
3.589300641502028100e+00
3.589617393653264710e+00
3.589934581132899538e+00
3.590252202551195371e+00
3.590570256480309919e+00
3.590888741454427269e+00
3.591207655969905765e+00
3.591526998485420119e+00
3.591846767422108400e+00
3.592166961163728800e+00
3.592487578056825726e+00
3.592808616410888334e+00
3.593130074498522397e+00
3.593451950555641261e+00
3.593774242781629269e+00
3.594096949339533165e+00
3.594420068356259712e+00
3.594743597922768430e+00
3.595067536094281202e+00
3.595391880890480785e+00
3.595716630295718197e+00
3.596041782259270292e+00
3.596367356964070172e+00
3.596693336914989381e+00
3.597019715389441430e+00
3.597346490203115366e+00
3.597673659137832214e+00
3.598001219941803441e+00
3.598329170329882309e+00
3.598657507983821446e+00
3.598986230552560173e+00
3.599315335652481185e+00
3.599644820867696104e+00
3.599974683750331472e+00
3.600304921820830728e+00
3.600635532568240649e+00
3.600966513450509332e+00
3.601297861894800612e+00
3.601629575297800478e+00
3.601961651026056366e+00
3.602294086416280905e+00
3.602626878775678776e+00
3.602960025382299314e+00
3.603293523485366912e+00
3.603627370305624300e+00
3.603961496406290266e+00
3.604295963337587061e+00
3.604630806465361381e+00
3.604965985795145933e+00
3.605301462211709662e+00
3.605637306146507015e+00
3.605973513158259536e+00
3.606309975485275210e+00
3.606646774480179118e+00
3.606983907128936906e+00
3.607321370393545834e+00
3.607659161212450449e+00
3.607997276500960915e+00
3.608335713151672230e+00
3.608674468034889671e+00
3.609013531651644957e+00
3.609352878121588226e+00
3.609692526319682848e+00
3.610032473015215793e+00
3.610372714957180040e+00
3.610713248874700909e+00
3.611054071477514338e+00
3.611395179456406979e+00
3.611736569483675829e+00
3.612078234861538562e+00
3.612420169046863805e+00
3.612762373308781694e+00
3.613104844245778047e+00
3.613447578440154739e+00
3.613790572458535522e+00
3.614133822852310107e+00
3.614477326158167081e+00
3.614821078898561524e+00
3.615165077637191082e+00
3.615509318864093657e+00
3.615853799024437265e+00
3.616198514588784718e+00
3.616543462015965993e+00
3.616888637753595148e+00
3.617234038238597904e+00
3.617579659897693034e+00
3.617925499147935486e+00
3.618271552397235524e+00
3.618617816044849889e+00
3.618964286481936909e+00
3.619310960092056551e+00
3.619657833251721968e+00
3.620004902330901331e+00
3.620352163693553393e+00
3.620699648351119571e+00
3.621047320224601851e+00
3.621395175015866386e+00
3.621743209074792524e+00
3.622091418747973357e+00
3.622439800379236630e+00
3.622788350310192307e+00
3.623137064880742386e+00
3.623485940429659991e+00
3.623834973295081863e+00
3.624184159815065254e+00
3.624533496328131932e+00
3.624882979173792208e+00
3.625232604693080063e+00
3.625582369229098489e+00
3.625932269127544849e+00
3.626282300737251330e+00
3.626632460410717407e+00
3.626982744504639200e+00
3.627333149380453037e+00
3.627683671404836829e+00
3.628034306950284726e+00
3.628385052395584509e+00
3.628735904126387801e+00
3.629086858535700344e+00
3.629437912024426893e+00
3.629789061001890360e+00
3.630140301886327414e+00
3.630491631105439154e+00
3.630843045096876942e+00
3.631194540308772645e+00
3.631546113200228021e+00
3.631897760241853401e+00
3.632249477916240643e+00
3.632601262718471613e+00
3.632953111156620896e+00
3.633305019752255838e+00
3.633656985040919718e+00
3.634009003572618024e+00
3.634361071912308283e+00
3.634713186640372129e+00
3.635065344353101580e+00
3.635417541663187535e+00
3.635769775200146103e+00
3.636122041610831523e+00
3.636474337606109941e+00
3.636826667358432630e+00
3.637179021942876567e+00
3.637531398086538470e+00
3.637883792536175331e+00
3.638236202058626745e+00
3.638588623441252778e+00
3.638941053492362521e+00
3.639293430015059450e+00
3.639645805155093505e+00
3.639998209375089999e+00
3.640350617857337934e+00
3.640702973934901721e+00
3.641055349935081509e+00
3.641407742927976532e+00
3.641760072894943967e+00
3.642112376891470493e+00
3.642464670261015058e+00
3.642816950108823448e+00
3.643169213566244569e+00
3.643521457791125684e+00
3.643873679968121060e+00
3.644225877309080985e+00
3.644578047053362191e+00
3.644930181917691137e+00
3.645282255944174210e+00
3.645634288265822587e+00
3.645986276213024624e+00
3.646338217145088656e+00
3.646690108450509893e+00
3.647041947547293717e+00
3.647393731883231016e+00
3.647745458936184626e+00
3.648097126214352670e+00
3.648448727078531295e+00
3.648800258247106854e+00
3.649151720749224559e+00
3.649503112210860323e+00
3.649854430289573681e+00
3.650205672674685875e+00
3.650556837087537421e+00
3.650907921281691060e+00
3.651258923043158688e+00
3.651609840190582545e+00
3.651960671057931762e+00
3.652311413165506337e+00
3.652662064373851436e+00
3.653012622634309370e+00
3.653363085931820464e+00
3.653713452285002106e+00
3.654063719746365901e+00
3.654413886402428702e+00
3.654763950373860482e+00
3.655113909815621120e+00
3.655463762917061210e+00
3.655813507902074377e+00
3.656163143029185214e+00
3.656512666591623439e+00
3.656862076917477555e+00
3.657211372369743696e+00
3.657560551346390909e+00
3.657909627801304353e+00
3.658258603883333571e+00
3.658607460370421283e+00
3.658956195807613554e+00
3.659304808775283746e+00
3.659653297889179591e+00
3.660001661800444950e+00
3.660349899195634471e+00
3.660698008796742009e+00
3.661045989361181086e+00
3.661393839681823525e+00
3.661741558586943945e+00
3.662089144940243735e+00
3.662436597640811087e+00
3.662783915623090358e+00
3.663131097856844764e+00
3.663478143347139060e+00
3.663825051134238286e+00
3.664171820293600224e+00
3.664518449935787903e+00
3.664864939206395444e+00
3.665211287285979225e+00
3.665557493389965948e+00
3.665903556768577154e+00
3.666249476706711974e+00
3.666595252523854320e+00
3.666940883573946763e+00
3.667286369245301270e+00
3.667631708960447323e+00
3.667976902176014686e+00
3.668321948382589959e+00
3.668666847104594009e+00
3.669011597900095012e+00
3.669356200360689879e+00
3.669700654111318627e+00
3.670044958810102287e+00
3.670389114148187470e+00
3.670733119849538539e+00
3.671076975670766629e+00
3.671420681400943131e+00
3.671764236861384312e+00
3.672107641905476338e+00
3.672450896418440802e+00
3.672794000317137986e+00
3.673136953549830608e+00
3.673479756095977766e+00
3.673822407966001791e+00
3.674164909201032891e+00
3.674507259872706211e+00
3.674849407753787656e+00
3.675191403210460450e+00
3.675533276581611108e+00
3.675875008580759218e+00
3.676216551252238229e+00
3.676557972623556658e+00
3.676899273107740562e+00
3.677240377542566385e+00
3.677581326827077390e+00
3.677922139434167015e+00
3.678262815809247854e+00
3.678603356425334425e+00
3.678943761782757171e+00
3.679284032408864036e+00
3.679624168857668742e+00
3.679964171709595888e+00
3.680304041571101692e+00
3.680643772789628621e+00
3.680983346628991626e+00
3.681322784016669125e+00
3.681662085633353509e+00
3.682001252183986217e+00
3.682340284397386032e+00
3.682679183025914682e+00
3.683017948845149547e+00
3.683356582653511069e+00
3.683695085271912362e+00
3.684033457543402612e+00
3.684371695273133351e+00
3.684709800466076324e+00
3.685047776540335107e+00
3.685385624416762873e+00
3.685723345036454379e+00
3.686060939360435551e+00
3.686398408369209179e+00
3.686735753062441390e+00
3.687072974458551755e+00
3.687410073594324267e+00
3.687747051605227977e+00
3.688083910564344592e+00
3.688420650596267336e+00
3.688757272807985821e+00
3.689093778322933836e+00
3.689430168280551925e+00
3.689766443835931664e+00
3.690102606159399112e+00
3.690438656436115128e+00
3.690774595865662810e+00
3.691110425661669581e+00
3.691446147051380855e+00
3.691781761275252371e+00
3.692117269586566053e+00
3.692452673250988582e+00
3.692787973546191704e+00
3.693123171761419243e+00
3.693458269197092747e+00
3.693793267164384275e+00
3.694128166984806061e+00
3.694462984090508328e+00
3.694797719465778840e+00
3.695132362034517559e+00
3.695466913162034128e+00
3.695801374221900915e+00
3.696135746595571092e+00
3.696470031671959866e+00
3.696804230847018147e+00
3.697138345523289349e+00
3.697472377109551900e+00
3.697806327020355610e+00
3.698140196675602454e+00
3.698473987500165983e+00
3.698807700923423702e+00
3.699141338378896471e+00
3.699474901303784868e+00
3.699808391138568631e+00
3.700141809326605191e+00
3.700475157313699803e+00
3.700808436547682323e+00
3.701141648478021295e+00
3.701474794555389636e+00
3.701807876231257843e+00
3.702140894957470785e+00
3.702473852185874215e+00
3.702806749367858252e+00
3.703139587953987455e+00
3.703472369393564279e+00
3.703805095134253822e+00
3.704137766621645067e+00
3.704470385298886725e+00
3.704802952606244482e+00
3.705135469980735508e+00
3.705467938855703025e+00
3.705800360660441051e+00
3.706132736819782281e+00
3.706465068753722392e+00
3.706797357877008814e+00
3.707129605598759259e+00
3.707461813322073141e+00
3.707793982443654990e+00
3.708126114353400560e+00
3.708458210434067759e+00
3.708790272060831672e+00
3.709122251808826931e+00
3.709454197642104489e+00
3.709786138987230419e+00
3.710118059065754537e+00
3.710449914375227198e+00
3.710781769311983780e+00
3.711113625318392284e+00
3.711445406990527829e+00
3.711777158133538368e+00
3.712108898579256078e+00
3.712440629648429802e+00
3.712772352649902352e+00
3.713104068880245023e+00
3.713435779623425415e+00
3.713767486150430841e+00
3.714099189718962357e+00
3.714430891573045734e+00
3.714762592942710384e+00
3.715094290447779724e+00
3.715425962580007457e+00
3.715757632793925680e+00
3.716089302236405878e+00
3.716420972038703141e+00
3.716752643316140414e+00
3.717084317167794971e+00
3.717415994676187996e+00
3.717747676906983934e+00
3.718079364908667195e+00
3.718411059712277478e+00
3.718742762331074481e+00
3.719074469740097477e+00
3.719406182315662779e+00
3.719737904345555179e+00
3.720069636763206233e+00
3.720401380482894815e+00
3.720733136399442031e+00
3.721064905387988286e+00
3.721396688303675759e+00
3.721728485981429024e+00
3.722060299235676606e+00
3.722392128860117388e+00
3.722723975627463489e+00
3.723055842025883688e+00
3.723387727427774685e+00
3.723719632339545171e+00
3.724051557448310845e+00
3.724383503419041119e+00
3.724715470894314429e+00
3.725047460494090856e+00
3.725379472815521620e+00
3.725711508432749675e+00
3.726043567896660580e+00
3.726375651734735062e+00
3.726707760450821638e+00
3.727039894524947883e+00
3.727372054413163216e+00
3.727704240547309311e+00
3.728036453334905076e+00
3.728368693158918390e+00
3.728700960377638651e+00
3.729033255324492035e+00
3.729365578307901608e+00
3.729697929611123008e+00
3.730030309492107676e+00
3.730362737048802391e+00
3.730695197053833567e+00
3.731027687415501060e+00
3.731360208293344805e+00
3.731692759820915306e+00
3.732025342105611543e+00
3.732357955228598367e+00
3.732690599244704810e+00
3.733023274182301066e+00
3.733355980043194133e+00
3.733688716802578078e+00
3.734021484408888369e+00
3.734354282783779233e+00
3.734687111821989092e+00
3.735019971391324134e+00
3.735352861332544627e+00
3.735685781459329835e+00
3.736018731558219397e+00
3.736351711388566699e+00
3.736684720682464267e+00
3.737017759144744655e+00
3.737350826452924046e+00
3.737683922257163616e+00
3.738017046180271752e+00
3.738350197817655207e+00
3.738683376737326647e+00
3.739016582479898432e+00
3.739349814558548424e+00
3.739683072459071056e+00
3.740016355639833368e+00
3.740349663531830515e+00
3.740682995538680444e+00
3.741016351036640319e+00
3.741349729374670474e+00
3.741683129874423308e+00
3.742016551830319671e+00
3.742349994509571953e+00
3.742683457152241377e+00
3.743016894393808691e+00
3.743350347848788395e+00
3.743683842241727788e+00
3.744017360174454190e+00
3.744350859965678957e+00
3.744684398081677745e+00
3.745017973649531928e+00
3.745351509474056151e+00
3.745685048043816856e+00
3.746018606883208868e+00
3.746352184968826382e+00
3.746685781250667535e+00
3.747019394652217006e+00
3.747353024070568139e+00
3.747686668376550401e+00
3.748020326414856385e+00
3.748353997004141291e+00
3.748687678937206780e+00
3.749021370981102663e+00
3.749355071877271683e+00
3.749688750908333645e+00
3.750022430887566927e+00
3.750356111320569230e+00
3.750689790837256954e+00
3.751023468043012343e+00
3.751357141518837146e+00
3.751690809821555117e+00
3.752024471483991874e+00
3.752358125015144097e+00
3.752691768900428659e+00
3.753025401601817634e+00
3.753359021558077213e+00
3.753692626151060807e+00
3.754026208193029568e+00
3.754359771572959303e+00
3.754693314636666557e+00
3.755026835707912181e+00
3.755360333088616720e+00
3.755693805059110879e+00
3.756027249878377994e+00
3.756360665784267194e+00
3.756694050993786060e+00
3.757027403703304458e+00
3.757360722088853411e+00
3.757694004306331159e+00
3.758027249384632729e+00
3.758360456550702722e+00
3.758693622120895750e+00
3.759026744173686652e+00
3.759359820768771954e+00
3.759692849947355420e+00
3.760025829732442038e+00
3.760358758129100032e+00
3.760691633124768174e+00
3.761024452689552877e+00
3.761357214776500868e+00
3.761689917321918930e+00
3.762022558245684767e+00
3.762355135451521448e+00
3.762687646827331811e+00
3.763020090245481342e+00
3.763352463563142347e+00
3.763684764622608370e+00
3.764016991251577515e+00
3.764349141263506837e+00
3.764681212457925419e+00
3.765013202620766553e+00
3.765345109524679490e+00
3.765676930929376276e+00
3.766008664581957710e+00
3.766340315377369574e+00
3.766671882018413520e+00
3.767003355001405929e+00
3.767334732026779154e+00
3.767666010783993435e+00
3.767997188951862420e+00
3.768328264198919086e+00
3.768659234183744378e+00
3.768990096555321578e+00
3.769320848953399139e+00
3.769651489008804202e+00
3.769982014343851162e+00
3.770312422572636990e+00
3.770642711301440464e+00
3.770972878129045025e+00
3.771302920647126911e+00
3.771632836440586889e+00
3.771962623087913080e+00
3.772292278161552659e+00
3.772621799228256023e+00
3.772951183849445833e+00
3.773280429581585160e+00
3.773609533976499009e+00
3.773938494581788650e+00
3.774267308941156696e+00
3.774595974594788572e+00
3.774924489079697132e+00
3.775252849930084142e+00
3.775581054677731085e+00
3.775909100852313571e+00
3.776236985981806349e+00
3.776564707592810599e+00
3.776892225882828580e+00
3.777219573812897746e+00
3.777546770226533734e+00
3.777873789714380592e+00
3.778200573508092575e+00
3.778527198366901541e+00
3.778853661817318521e+00
3.779179961386057052e+00
3.779506094600347588e+00
3.779832015359438468e+00
3.780157712948146731e+00
3.780483225156458182e+00
3.780808549524921514e+00
3.781133683597160289e+00
3.781458624920227773e+00
3.781783371044974196e+00
3.782107919526359829e+00
3.782432267923798719e+00
3.782756413801545925e+00
3.783080354728971972e+00
3.783404088280953648e+00
3.783727612038192412e+00
3.784050923587539472e+00
3.784374018070352452e+00
3.784696870448486017e+00
3.785019499903766071e+00
3.785341904054812634e+00
3.785664080528269082e+00
3.785986026959117901e+00
3.786307740990997317e+00
3.786629220276538810e+00
3.786950462477648660e+00
3.787271465265839243e+00
3.787592226322536781e+00
3.787912743339372668e+00
3.788233014018504541e+00
3.788553036072902280e+00
3.788872807226651762e+00
3.789192320967001315e+00
3.789511576683167071e+00
3.789830573929782176e+00
3.790149310479567824e+00
3.790467784117862671e+00
3.790785992642880409e+00
3.791103933865990427e+00
3.791421605611992263e+00
3.791739005719404254e+00
3.792056132040692695e+00
3.792372982442545837e+00
3.792689554806174534e+00
3.793005847027493438e+00
3.793321857017452281e+00
3.793637583677833991e+00
3.793953026616211588e+00
3.794268181385569427e+00
3.794583045958760170e+00
3.794897618324848843e+00
3.795211896489314896e+00
3.795525878474311554e+00
3.795839562318844784e+00
3.796152946079038415e+00
3.796466027828329537e+00
3.796778805657678113e+00
3.797091277675791687e+00
3.797403442009307017e+00
3.797715296803020557e+00
3.798026840220062539e+00
3.798338070442102143e+00
3.798648985669539790e+00
3.798959584121675448e+00
3.799269864036931565e+00
3.799579823672976531e+00
3.799889461306942273e+00
3.800198775235573478e+00
3.800507763775405223e+00
3.800816425262913079e+00
3.801124758054689412e+00
3.801432760527581056e+00
3.801740431078849625e+00
3.802047768126318061e+00
3.802354770108508752e+00
3.802661441377407137e+00
3.802967776061157767e+00
3.803273771739029030e+00
3.803579426931991136e+00
3.803884740182335022e+00
3.804189710053833107e+00
3.804494335131793470e+00
3.804798614023224612e+00
3.805102545356916721e+00
3.805406127783548698e+00
3.805709359975799622e+00
3.806012240628424692e+00
3.806314768458360476e+00
3.806616942204820830e+00
3.806918760629350640e+00
3.807220222515952379e+00
3.807521326671122086e+00
3.807822071923933738e+00
3.808122457126117411e+00
3.808422481152121009e+00
3.808722142899162222e+00
3.809021413454070526e+00
3.809320318019252305e+00
3.809618871499978354e+00
3.809917053732041925e+00
3.810214816872861121e+00
3.810512226007224612e+00
3.810809280152013478e+00
3.811105978346778222e+00
3.811402319653780957e+00
3.811698303158038037e+00
3.811993868019456944e+00
3.812289053306225028e+00
3.812583869760906907e+00
3.812878316587405614e+00
3.813172393012710160e+00
3.813466098286880879e+00
3.813759431683110268e+00
3.814052392497671917e+00
3.814344980049951150e+00
3.814637193682421046e+00
3.814929032760654870e+00
3.815220496673289663e+00
3.815511584832036451e+00
3.815802296671653604e+00
3.816092631649907752e+00
3.816382589247585333e+00
3.816672150361243965e+00
3.816961327954241590e+00
3.817250124256506005e+00
3.817538538849193142e+00
3.817826571336327746e+00
3.818114221344779402e+00
3.818401488524192366e+00
3.818688372546951371e+00
3.818974873108128332e+00
3.819260989925419736e+00
3.819546722739083577e+00
3.819832071311897614e+00
3.820117035429098085e+00
3.820401614898288667e+00
3.820685809549389411e+00
3.820969619234562131e+00
3.821253039594274981e+00
3.821536073799228994e+00
3.821818722186405726e+00
3.822100984698140635e+00
3.822382861298656564e+00
3.822664351973918961e+00
3.822945456731600800e+00
3.823226175600956012e+00
3.823506508632762646e+00
3.823786455899178982e+00
3.824066017493708891e+00
3.824345193531065057e+00
3.824623984147064171e+00
3.824902389498560318e+00
3.825180409763300204e+00
3.825458045139842778e+00
3.825735299346927576e+00
3.826012169543496988e+00
3.826288655784182424e+00
3.826564758348854234e+00
3.826840477537667873e+00
3.827115813670902700e+00
3.827390767088855839e+00
3.827665338151735597e+00
3.827939527239522910e+00
3.828213334751861652e+00
3.828486761107939174e+00
3.828759806746347749e+00
3.829032472124963782e+00
3.829304757720838115e+00
3.829576664030038380e+00
3.829848191567537974e+00
3.830119340867089051e+00
3.830390112481067533e+00
3.830660506980370972e+00
3.830930524954258676e+00
3.831200167010236690e+00
3.831469433773901478e+00
3.831738325888819574e+00
3.832006844016388136e+00
3.832274988835678187e+00
3.832542761043324475e+00
3.832810161353354061e+00
3.833077190497072628e+00
3.833343849222899280e+00
3.833610138296247083e+00
3.833876058499347206e+00
3.834141610631145447e+00
3.834406796996083777e+00
3.834671618329181797e+00
3.834936074498305203e+00
3.835200166366200314e+00
3.835463894811589114e+00
3.835727260729014709e+00
3.835990265028693891e+00
3.836252908636381243e+00
3.836515192493216375e+00
3.836777117555559613e+00
3.837038684794874754e+00
3.837299895197544330e+00
3.837560729980842744e+00
3.837821208720627375e+00
3.838081343642259391e+00
3.838341120779232618e+00
3.838600504493341337e+00
3.838859547618242551e+00
3.839118251204508780e+00
3.839376616316623192e+00
3.839634644032855704e+00
3.839892335445087568e+00
3.840149687572882442e+00
3.840406653188573216e+00
3.840663279999022794e+00
3.840919569169964021e+00
3.841175521879907073e+00
3.841431139319975152e+00
3.841686422693777914e+00
3.841941373217249822e+00
3.842195992118516035e+00
3.842450280637728532e+00
3.842704240026945772e+00
3.842957871549968818e+00
3.843211176482203673e+00
3.843464156110508512e+00
3.843716811733055572e+00
3.843969144659200143e+00
3.844221156209319368e+00
3.844472847714669683e+00
3.844724214409507290e+00
3.844975252835621582e+00
3.845225973565079336e+00
3.845476377976996485e+00
3.845726467460612419e+00
3.845976243415143436e+00
3.846225707249642412e+00
3.846474860382891769e+00
3.846723704243196540e+00
3.846972240268331511e+00
3.847220469905333395e+00
3.847468394610397802e+00
3.847716015848731352e+00
3.847963335094424231e+00
3.848210353830300079e+00
3.848457073547804086e+00
3.848703495746854664e+00
3.848949621935697785e+00
3.849195451337679597e+00
3.849440986464619741e+00
3.849686229804249571e+00
3.849931182897974757e+00
3.850175847294866394e+00
3.850420224551538873e+00
3.850664316232033535e+00
3.850908123907687219e+00
3.851151649156997259e+00
3.851394893565489141e+00
3.851637858725640129e+00
3.851880546236686520e+00
3.852122957704547712e+00
3.852365094741694751e+00
3.852606958967018436e+00
3.852848552005730731e+00
3.853089875489208005e+00
3.853330931068329690e+00
3.853571724062848869e+00
3.853812252619695400e+00
3.854052518393334736e+00
3.854292523043855390e+00
3.854532268236828152e+00
3.854771755643222164e+00
3.855010986939289452e+00
3.855249963806432145e+00
3.855488687931131864e+00
3.855727161004800507e+00
3.855965384723690548e+00
3.856203360788794665e+00
3.856441090905734725e+00
3.856678576784642765e+00
3.856915820140091711e+00
3.857152822690943061e+00
3.857389586160289596e+00
3.857626112275355013e+00
3.857862402767326504e+00
3.858098459371356981e+00
3.858334283826388322e+00
3.858569877875092757e+00
3.858805243263764062e+00
3.859040381742228298e+00
3.859275295063742561e+00
3.859509984984916819e+00
3.859744453265599340e+00
3.859978701668808299e+00
3.860212731960629640e+00
3.860446545910134475e+00
3.860680145289278720e+00
3.860913531872840920e+00
3.861146707438321890e+00
3.861379673765833243e+00
3.861612432638073855e+00
3.861844985840198419e+00
3.862077335163114800e+00
3.862309482674162631e+00
3.862541416037388764e+00
3.862773150187687854e+00
3.863004694890034951e+00
3.863236040024213391e+00
3.863467158206973728e+00
3.863698092371715909e+00
3.863928844305370980e+00
3.864159415796881270e+00
3.864389808637121781e+00
3.864620024618855787e+00
3.864850065536618473e+00
3.865079915782600573e+00
3.865309534990116980e+00
3.865538980468628871e+00
3.865768254026047845e+00
3.865997357471567142e+00
3.866226292615619897e+00
3.866455061269792992e+00
3.866683665246768875e+00
3.866912106360267387e+00
3.867140386424997800e+00
3.867368507256575327e+00
3.867596470671493591e+00
3.867824278487036249e+00
3.868051932521253455e+00
3.868279434592880150e+00
3.868506786521298757e+00
3.868733990126477895e+00
3.868961047228921313e+00
3.869187959649623476e+00
3.869414729210006065e+00
3.869641357731887776e+00
3.869867847037413711e+00
3.870094198949035835e+00
3.870320415289426386e+00
3.870546497881468540e+00
3.870772448548204459e+00
3.870998269112777557e+00
3.871223961398393421e+00
3.871449527228298493e+00
3.871674968425690366e+00
3.871900286813747982e+00
3.872125484215525049e+00
3.872350562453950928e+00
3.872575523351776461e+00
3.872800368731543763e+00
3.873025100415551147e+00
3.873249705432300516e+00
3.873474194687111627e+00
3.873698574649500515e+00
3.873922847141343162e+00
3.874147013984046595e+00
3.874371076998532004e+00
3.874595038005181458e+00
3.874818898823840119e+00
3.875042661273756295e+00
3.875266327173571668e+00
3.875489898341302641e+00
3.875713376594277726e+00
3.875936763749162406e+00
3.876160061621894748e+00
3.876383272027667637e+00
3.876606396780941211e+00
3.876829437695361591e+00
3.877052396583793747e+00
3.877275275258271758e+00
3.877498075529981492e+00
3.877720799209247282e+00
3.877943448105514168e+00
3.878166024027334124e+00
3.878388528782320321e+00
3.878610964177182652e+00
3.878833332017673108e+00
3.879055634108566686e+00
3.879277872253683146e+00
3.879500048255849265e+00
3.879722163916876632e+00
3.879944221037579410e+00
3.880166221417753025e+00
3.880388166856145737e+00
3.880610059150455537e+00
3.880831900097351905e+00
3.881053691119298321e+00
3.881275433327995295e+00
3.881497129436179527e+00
3.881718781236264348e+00
3.881940390519570183e+00
3.882161959076324553e+00
3.882383488695658968e+00
3.882604981165596048e+00
3.882826438273064174e+00
3.883047861803873513e+00
3.883269253542733779e+00
3.883490615273244906e+00
3.883711948777903267e+00
3.883933255838099896e+00
3.884154538234119158e+00
3.884375797745144521e+00
3.884597036149258109e+00
3.884818255223451366e+00
3.885039456743629493e+00
3.885260642484593685e+00
3.885481803466482642e+00
3.885702951392557836e+00
3.885924094092825243e+00
3.886145223238376190e+00
3.886366315808862382e+00
3.886587408461289250e+00
3.886808502962252554e+00
3.887029601077570007e+00
3.887250704572277282e+00
3.887471815210634229e+00
3.887692934756154184e+00
3.887914064971581318e+00
3.888135189460255159e+00
3.888356282878476122e+00
3.888577389069407531e+00
3.888798509790945435e+00
3.889019646800178975e+00
3.889240801853405927e+00
3.889461976706154012e+00
3.889683173113199111e+00
3.889904392828582580e+00
3.890125637605622799e+00
3.890346909196945369e+00
3.890568209354511531e+00
3.890789539829614618e+00
3.891010902372924463e+00
3.891232298734501160e+00
3.891453730663819499e+00
3.891675199909790273e+00
3.891896708220793144e+00
3.892118257344687748e+00
3.892339849028859433e+00
3.892561485020222811e+00
3.892783167065271499e+00
3.893004896910092327e+00
3.893226676300392874e+00
3.893448506981535218e+00
3.893670390698582118e+00
3.893892329196289914e+00
3.894114324219167145e+00
3.894336377511517178e+00
3.894558490817431551e+00
3.894780665880871684e+00
3.895002904445654224e+00
3.895225208255525207e+00
3.895447579054174270e+00
3.895670018585284833e+00
3.895892528592552750e+00
3.896115110819740046e+00
3.896337767010708220e+00
3.896560498909460435e+00
3.896783293437499740e+00
3.897006164909315729e+00
3.897229116481956357e+00
3.897452149899197860e+00
3.897675266905145985e+00
3.897898469244243991e+00
3.898121758661342362e+00
3.898345136901741448e+00
3.898568605711235868e+00
3.898792166836158479e+00
3.899015822023415456e+00
3.899239573020572447e+00
3.899463421575861233e+00
3.899687369438254336e+00
3.899911418357512538e+00
3.900135570084223513e+00
3.900359826369874661e+00
3.900584188966891297e+00
3.900808659628697050e+00
3.901033240109764488e+00
3.901257932165675513e+00
3.901482737553167990e+00
3.901707658030220127e+00
3.901932695356067349e+00
3.902157851291291557e+00
3.902383127597888191e+00
3.902608526039284875e+00
3.902834048380460885e+00
3.903059696387954247e+00
3.903285471829970099e+00
3.903511376476415329e+00
3.903737412098979398e+00
3.903963580471198291e+00
3.904189883368517577e+00
3.904416322568369679e+00
3.904642899850232052e+00
3.904869616995704007e+00
3.905096475788581323e+00
3.905323477608060756e+00
3.905550624191232334e+00
3.905777917667383026e+00
3.906005359829586077e+00
3.906232952473490450e+00
3.906460697397366566e+00
3.906688596402225322e+00
3.906916651291854503e+00
3.907144863872932028e+00
3.907373235955087232e+00
3.907601769350998566e+00
3.907830465876470427e+00
3.908059327350523748e+00
3.908288346782933687e+00
3.908517534089112289e+00
3.908746896057662124e+00
3.908976425306322167e+00
3.909206101007186795e+00
3.909435956850557226e+00
3.909665994688165114e+00
3.909896216375841949e+00
3.910126623773590993e+00
3.910357218745700081e+00
3.910588003160826887e+00
3.910818978892107278e+00
3.911050147817259237e+00
3.911281498286384384e+00
3.911513003306864356e+00
3.911744704501685987e+00
3.911976603761437410e+00
3.912208702981742281e+00
3.912441004063347272e+00
3.912673508912232645e+00
3.912906219439719280e+00
3.913139137562609449e+00
3.913372265203271638e+00
3.913605604289763562e+00
3.913839156755959614e+00
3.914072924541657894e+00
3.914306909592712991e+00
3.914541113861145227e+00
3.914775539305278329e+00
3.915010187889848670e+00
3.915245061586138053e+00
3.915480162372114492e+00
3.915715492232538786e+00
3.915951053159123063e+00
3.916186847150624040e+00
3.916422876213028204e+00
3.916659142359637968e+00
3.916895647611245312e+00
3.917132393996262785e+00
3.917369383550843853e+00
3.917606618319053879e+00
3.917844100352991354e+00
3.918081831712957541e+00
3.918319814467583484e+00
3.918558050693972561e+00
3.918796542477882117e+00
3.919035291913859353e+00
3.919274301105379443e+00
3.919513572165031157e+00
3.919753107214655863e+00
3.919992908385510066e+00
3.920232977818427500e+00
3.920473317663981661e+00
3.920713930082660781e+00
3.920954817245014379e+00
3.921195970809287168e+00
3.921437399011586500e+00
3.921679107822369836e+00
3.921921099452147175e+00
3.922163376122351330e+00
3.922405940065496921e+00
3.922648793525373101e+00
3.922891938757220309e+00
3.923135378027917675e+00
3.923379113616156211e+00
3.923623147812633771e+00
3.923867482920250005e+00
3.924112121254275554e+00
3.924357065142563883e+00
3.924602316925732914e+00
3.924847878957369751e+00
3.925093753604219415e+00
3.925339943246387353e+00
3.925586450277534389e+00
3.925833277105090779e+00
3.926080426150456049e+00
3.926327899849192171e+00
3.926575700651248724e+00
3.926823831021168942e+00
3.927072293438272688e+00
3.927321090396927339e+00
3.927570224406703225e+00
3.927819697992617431e+00
3.928069513695347403e+00
3.928319674071456546e+00
3.928570181693594954e+00
3.928821039150744987e+00
3.929072249048424226e+00
3.929323814008933269e+00
3.929575736671544028e+00
3.929828019692784835e+00
3.930080665746605639e+00
3.930333677524658675e+00
3.930587057736504519e+00
3.930840809109848344e+00
3.931094934390773510e+00
3.931349436280514809e+00
3.931604317325035680e+00
3.931859580517421016e+00
3.932115228679300412e+00
3.932371264651867815e+00
3.932627691296129768e+00
3.932884503857921210e+00
3.933141712207985030e+00
3.933399323557877469e+00
3.933657331968479554e+00
3.933915718534945594e+00
3.934174516944120015e+00
3.934433730213394043e+00
3.934693361381985888e+00
3.934953413511173892e+00
3.935213889684527011e+00
3.935474793008152616e+00
3.935736126610959396e+00
3.935997893644857193e+00
3.936260097285049664e+00
3.936522736593358385e+00
3.936785771353434882e+00
3.937049250030598024e+00
3.937313175887976691e+00
3.937577552213142873e+00
3.937842382318331502e+00
3.938107669540689137e+00
3.938373417242513774e+00
3.938639628811461790e+00
3.938906307660796635e+00
3.939173457229638853e+00
3.939441080983135723e+00
3.939709182412737043e+00
3.939977765036406954e+00
3.940246832398802468e+00
3.940516388071556797e+00
3.940786435653429010e+00
3.941056978770554053e+00
3.941328021076628829e+00
3.941599566253107589e+00
3.941871618009439082e+00
3.942144180083203331e+00
3.942417256240339896e+00
3.942690850275329950e+00
3.942964966011350381e+00
3.943239607300474070e+00
3.943514778023821776e+00
3.943790482091726446e+00
3.944066723443901967e+00
3.944343506049575954e+00
3.944620833907638513e+00
3.944898711046779916e+00
3.945177141525621600e+00
3.945456129432824532e+00
3.945735678887206443e+00
3.946015794037855073e+00
3.946296479064224094e+00
3.946577738176192618e+00
3.946859575614163340e+00
3.947141995649126045e+00
3.947425002582710896e+00
3.947708600747239949e+00
3.947992794505743586e+00
3.948277588251999148e+00
3.948562986410534492e+00
3.948848991067060776e+00
3.949135598638979339e+00
3.949422823464964427e+00
3.949710670090460063e+00
3.949999143091469378e+00
3.950288247074554171e+00
3.950577986676711006e+00
3.950868366565277512e+00
3.951159391437809809e+00
3.951451066021936853e+00
3.951743395075224985e+00
3.952036383384990081e+00
3.952330035768112371e+00
3.952624357070830818e+00
3.952919352168493994e+00
3.953215025965324703e+00
3.953511383394148204e+00
3.953808429416100445e+00
3.954106169020287886e+00
3.954404607223488632e+00
3.954703749069745200e+00
3.955003599630019906e+00
3.955304164001755662e+00
3.955605447308447431e+00
3.955907454699172376e+00
3.956210191348105809e+00
3.956513662454005598e+00
3.956817873239661054e+00
3.957122828951314286e+00
3.957428534858049574e+00
3.957734996251186299e+00
3.958042218443563520e+00
3.958350206768888935e+00
3.958658966580972383e+00
3.958968503252976667e+00
3.959278822176617751e+00
3.959589928761310773e+00
3.959901828433346704e+00
3.960214526634916243e+00
3.960528028823226521e+00
3.960842340469485023e+00
3.961157467057890624e+00
3.961473414084563327e+00
3.961790180081789625e+00
3.962107776819879135e+00
3.962426213614749670e+00
3.962745487256702948e+00
3.963065581761970435e+00
3.963386532886802094e+00
3.963708346187277520e+00
3.964031027221372572e+00
3.964354581547524070e+00
3.964679014723128780e+00
3.965004332302990875e+00
3.965330539837724544e+00
3.965657642872128630e+00
3.965985646943475551e+00
3.966314557579752709e+00
3.966644380297922545e+00
3.966975082705024747e+00
3.967306695689135854e+00
3.967639235148465726e+00
3.967972706531288640e+00
3.968307115265115925e+00
3.968642466754564779e+00
3.968978766379216427e+00
3.969316019491381908e+00
3.969654231413833223e+00
3.969993407437472754e+00
3.970333552818951617e+00
3.970674672778217840e+00
3.971016772496034797e+00
3.971359857111407266e+00
3.971703931718994607e+00
3.972049001366418253e+00
3.972395071051538107e+00
3.972742145719713402e+00
3.973090230260897471e+00
3.973439329506810669e+00
3.973789448227928123e+00
3.974140591130522093e+00
3.974492762853574668e+00
3.974845967965662030e+00
3.975200210961797431e+00
3.975555496260180455e+00
3.975911828198921860e+00
3.976269211032722239e+00
3.976627648929487613e+00
3.976987145966846882e+00
3.977347706128737670e+00
3.977709333301786110e+00
3.978072031271781661e+00
3.978435803720009378e+00
3.978800654219566635e+00
3.979166586231662972e+00
3.979533603101798711e+00
3.979901708056012399e+00
3.980270904196972381e+00
3.980641194500120328e+00
3.981012581809712625e+00
3.981385068834887520e+00
3.981758658145621688e+00
3.982133352168740981e+00
3.982509153183830808e+00
3.982886063319162062e+00
3.983264084547576189e+00
3.983643218682356490e+00
3.984023464901166545e+00
3.984404819696110600e+00
3.984787291310557755e+00
3.985170880876856447e+00
3.985555589346899463e+00
3.985941417487931293e+00
3.986328365878308855e+00
3.986716434903322615e+00
3.987105624750970634e+00
3.987495935407771253e+00
3.987887366654578880e+00
3.988279918062399787e+00
3.988673588988271845e+00
3.989068378571114515e+00
3.989464285727641446e+00
3.989861309148275303e+00
3.990259447293150075e+00
3.990658698388068082e+00
3.991059060420600879e+00
3.991460531136152845e+00
3.991863108034132246e+00
3.992266788364153829e+00
3.992671569122300035e+00
3.993077447047480355e+00
3.993484418617812892e+00
3.993892480047144034e+00
3.994301627281551248e+00
3.994711855996065708e+00
3.995123161591362049e+00
3.995535539190612440e+00
3.995948983636413487e+00
3.996363489487817944e+00
3.996779051017511186e+00
3.997195662209032996e+00
3.997613316754193402e+00
3.998032008050564912e+00
3.998451729199101301e+00
3.998872473001938488e+00
3.999294225573533978e+00
3.999716984861425573e+00
4.000140746022394111e+00
4.000565492270878210e+00
4.000991194307275123e+00
4.001417872032121181e+00
4.001845516109737488e+00
4.002274116892961864e+00
4.002703664422331720e+00
4.003134148425394834e+00
4.003565558316262596e+00
4.003997883195328455e+00
4.004431111849122260e+00
4.004865232750427495e+00
4.005300234058561060e+00
4.005736103619859989e+00
4.006172828968314725e+00
4.006610382839415507e+00
4.007048736039324766e+00
4.007487904070516471e+00
4.007927873228570803e+00
4.008368629503329394e+00
4.008810158580821792e+00
4.009252445845385537e+00
4.009695476382048263e+00
4.010139234979043010e+00
4.010583706130611326e+00
4.011028874040000858e+00
4.011474722622632605e+00
4.011921235509567474e+00
4.012368396051101627e+00
4.012816187320628281e+00
4.013264592118697571e+00
4.013713592977267375e+00
4.014163172164185056e+00
4.014613311687885044e+00
4.015063993302231182e+00
4.015515198511633521e+00
4.015966908576324101e+00
4.016419104517840566e+00
4.016871767124661652e+00
4.017324876958095814e+00
4.017778414358293304e+00
4.018232359450503388e+00
4.018686692151397288e+00
4.019141392175695771e+00
4.019596439042842917e+00
4.020051812083913489e+00
4.020507490448641086e+00
4.020963453112596397e+00
4.021419678884503135e+00
4.021876146413713826e+00
4.022332834197772655e+00
4.022789720590124851e+00
4.023246783807937987e+00
4.023704001940044073e+00
4.024161352954919835e+00
4.024618814708855297e+00
4.025076364954109920e+00
4.025533981347218848e+00
4.025991641457340897e+00
4.026449322774624306e+00
4.026907002718711936e+00
4.027364658647250018e+00
4.027822267864366701e+00
4.028279807629282949e+00
4.028737255164918984e+00
4.029194587666433236e+00
4.029651782309873198e+00
4.030108816260741911e+00
4.030565660405367012e+00
4.031022297072661686e+00
4.031478704146037373e+00
4.031934858835246160e+00
4.032390738382161999e+00
4.032846320069126023e+00
4.033301581227283883e+00
4.033756499244828930e+00
4.034211051575202767e+00
4.034665215745121714e+00
4.035118969362632591e+00
4.035572290124946448e+00
4.036025155826269639e+00
4.036477544365425274e+00
4.036929433753435603e+00
4.037380802120903667e+00
4.037831627725332773e+00
4.038281888958227483e+00
4.038731564352113779e+00
4.039180632587360265e+00
4.039629072498880369e+00
4.040076863082663117e+00
4.040523983502072980e+00
4.040970413094102653e+00
4.041416131375313192e+00
4.041861118047706647e+00
4.042305353004341129e+00
4.042748816334795769e+00
4.043191488330422523e+00
4.043633349489423878e+00
4.044074380521704981e+00
4.044514562353590748e+00
4.044953871530537981e+00
4.045392293534989747e+00
4.045829812515247426e+00
4.046266403045598814e+00
4.046702029423633995e+00
4.047136699043547559e+00
4.047570394455637377e+00
4.048003098456417703e+00
4.048434794091455124e+00
4.048865464658051749e+00
4.049295093707579341e+00
4.049723665047736176e+00
4.050151162744562328e+00
4.050577571124256870e+00
4.051002874774778384e+00
4.051427058547252713e+00
4.051850107557223524e+00
4.052272007185633740e+00
4.052692743079729709e+00
4.053112275495153405e+00
4.053530604970292828e+00
4.053947728107263337e+00
4.054363631630572229e+00
4.054778302532575651e+00
4.055191728073267221e+00
4.055603895779859691e+00
4.056014793446216515e+00
4.056424409132121767e+00
4.056832731162413275e+00
4.057239748125908818e+00
4.057645448874295013e+00
4.058049822520713334e+00
4.058452858438393207e+00
4.058854546258988449e+00
4.059254875870892398e+00
4.059653837417396716e+00
4.060051421294696539e+00
4.060447618149854776e+00
4.060842418878583437e+00
4.061235814622961904e+00
4.061627796769078813e+00
4.062018356944478548e+00
4.062407487015648577e+00
4.062795179085357589e+00
4.063181425489853282e+00
4.063566218796133889e+00
4.063949551799005633e+00
4.064331417518128653e+00
4.064711809195053149e+00
4.065090720290090331e+00
4.065468144479232215e+00
4.065844075650974609e+00
4.066218507903086810e+00
4.066591435539383959e+00
4.066962853066437233e+00
4.067332755190218307e+00
4.067701136812860163e+00
4.068067993029167440e+00
4.068433319123309744e+00
4.068797110565438579e+00
4.069159363008241215e+00
4.069520072283532741e+00
4.069879234398877443e+00
4.070236845534152437e+00
4.070592902038102423e+00
4.070947400425014351e+00
4.071300337371279277e+00
4.071651709712018175e+00
4.072001514437719294e+00
4.072349748690913707e+00
4.072696409762842862e+00
4.073041495090194530e+00
4.073385002251775688e+00
4.073726928965340832e+00
4.074067273084381213e+00
4.074406032311891579e+00
4.074743201390739422e+00
4.075078781952549356e+00
4.075412772365247349e+00
4.075745171117033827e+00
4.076075976813512192e+00
4.076405188174698324e+00
4.076732804032217494e+00
4.077058823326460413e+00
4.077383245103798792e+00
4.077706068513926141e+00
4.078027292807123949e+00
4.078346917331727717e+00
4.078664941531545907e+00
4.078981364943350840e+00
4.079296187194481504e+00
4.079609408000449022e+00
4.079921027162614067e+00
4.080231044565907794e+00
4.080539460176706434e+00
4.080846274040614396e+00
4.081151486280432117e+00
4.081455097094107032e+00
4.081757106752823105e+00
4.082057515599080588e+00
4.082356324044870810e+00
4.082653532569898935e+00
4.082949138799953914e+00
4.083243145962073939e+00
4.083535556335546879e+00
4.083826365576415540e+00
4.084115562142139666e+00
4.084403164432526268e+00
4.084689173343434732e+00
4.084973589826311979e+00
4.085256414887006748e+00
4.085537649584599862e+00
4.085817295030340190e+00
4.086095352386572621e+00
4.086371822865752179e+00
4.086646707729583383e+00
4.086920008288057460e+00
4.087191725898755124e+00
4.087461861966032117e+00
4.087730417940294458e+00
4.087997395317427340e+00
4.088262795638161862e+00
4.088526620487533236e+00
4.088788850622144366e+00
4.089049506118266564e+00
4.089308590648911057e+00
4.089566105983710287e+00
4.089822053934759616e+00
4.090076436356371303e+00
4.090329255144919074e+00
4.090580512238600086e+00
4.090830209617458912e+00
4.091078349303229444e+00
4.091324933359365090e+00
4.091569963891063644e+00
4.091813443045371201e+00
4.092055373011207919e+00
4.092295756019598940e+00
4.092534594343836929e+00
4.092771890299699677e+00
4.093007646245744091e+00
4.093241864583538003e+00
4.093474547758120252e+00
4.093705698258220949e+00
4.093935318616775731e+00
4.094163411411309461e+00
4.094389979264395407e+00
4.094615024844186379e+00
4.094838550864933424e+00
4.095060560087477874e+00
4.095281055319889951e+00
4.095500039418112692e+00
4.095717515286469101e+00
4.095933485878450853e+00
4.096147954197318697e+00
4.096360923296809453e+00
4.096572396281905171e+00
4.096782376309548113e+00
4.096990866589398372e+00
4.097197870384632346e+00
4.097403391012744756e+00
4.097607431846364001e+00
4.097809996314121683e+00
4.098011087901421767e+00
4.098210710151412250e+00
4.098408866665812056e+00
4.098605561105785000e+00
4.098800797192891920e+00
4.098994578709991288e+00
4.099186909502170906e+00
4.099377793477664511e+00
4.099567234608867849e+00
4.099755236933202873e+00
4.099941804554163127e+00
4.100126941642239231e+00
4.100310652435886105e+00
4.100492941242586120e+00
4.100673812439744381e+00
4.100853270475708356e+00
4.101031319870820369e+00
4.101207965218312879e+00
4.101383211185412492e+00
4.101557062514266327e+00
4.101729524022974971e+00
4.101900599571433936e+00
4.102070294722681254e+00
4.102238614863089161e+00
4.102405565127493325e+00
4.102571150731647798e+00
4.102735376973219772e+00
4.102898249232795891e+00
4.103059772974817498e+00
4.103219953748637572e+00
4.103378797189388472e+00
4.103536309019032657e+00
4.103692495047250866e+00
4.103847361172492825e+00
4.104000913382777505e+00
4.104153157756730508e+00
4.104304100464495342e+00
4.104453747768597616e+00
4.104602106024899832e+00
4.104749181683481574e+00
4.104894981289521461e+00
4.105039510219437027e+00
4.105182776352387819e+00
4.105324787214322591e+00
4.105465547325531261e+00
4.105605057923201073e+00
4.105743334487550911e+00
4.105880384238552949e+00
4.106016214498011685e+00
4.106150832690218522e+00
4.106284246342770672e+00
4.106416463087234625e+00
4.106547490659957056e+00
4.106677336902732733e+00
4.106806009763413812e+00
4.106933517296671887e+00
4.107059867664615282e+00
4.107185069137393008e+00
4.107309130093827143e+00
4.107432059022000814e+00
4.107553864519840836e+00
4.107674555295617758e+00
4.107794140168525843e+00
4.107912628069229299e+00
4.108030019434866453e+00
4.108146331084302716e+00
4.108261573118978660e+00
4.108375754925151391e+00
4.108488886002583662e+00
4.108600975964948887e+00
4.108712034540053182e+00
4.108822071570296330e+00
4.108931097012872513e+00
4.109039120940142453e+00
4.109146153539846580e+00
4.109252205115350165e+00
4.109357286085846717e+00
4.109461406986522292e+00
4.109564578468815732e+00
4.109666811300405342e+00
4.109768116365478896e+00
4.109868504664669686e+00
4.109967987315265248e+00
4.110066575551091006e+00
4.110164280722667485e+00
4.110261114297096618e+00
4.110357087858007574e+00
4.110452213105588726e+00
4.110546501856401136e+00
4.110639966043268423e+00
4.110732617715157744e+00
4.110824469037009266e+00
4.110915532289475038e+00
4.111005819868774225e+00
4.111095344286312958e+00
4.111184118168552004e+00
4.111272154256566225e+00
4.111359465405785230e+00
4.111446064585585702e+00
4.111531964878861523e+00
4.111617179481738660e+00
4.111701721702921475e+00
4.111785604963396068e+00
4.111868842795795231e+00
4.111951448843988999e+00
4.112033436862379432e+00
4.112114820715424557e+00
4.112195614376943809e+00
4.112275831929535386e+00
4.112355487563831957e+00
4.112434595577877161e+00
4.112513170376317362e+00
4.112591226469707983e+00
4.112668778473667963e+00
4.112745841108131017e+00
4.112822429196447693e+00
4.112898557664509624e+00
4.112974241539935960e+00
4.113049495951079493e+00
4.113124336126026570e+00
4.113198777391749772e+00
4.113272835172979924e+00
4.113346524991259301e+00
4.113419862463800314e+00
4.113492863302476543e+00
4.113565543312644124e+00
4.113637918392019088e+00
4.113710004529536057e+00
4.113781817804091467e+00
4.113853374383436901e+00
4.113924690236780535e+00
4.113995781910352534e+00
4.114066665866516814e+00
4.114137358615381324e+00
4.114207876749291337e+00
4.114278236941390610e+00
4.114348455944308647e+00
4.114418550588694323e+00
4.114488537781731736e+00
4.114558434505713791e+00
4.114628257816535850e+00
4.114698024842180502e+00
4.114767752781117949e+00
4.114837458391056302e+00
4.114907159455327701e+00
4.114976873655398215e+00
4.115046617354403580e+00
4.115116405365744967e+00
4.115186259076978104e+00
4.115256196132761168e+00
4.115326234235386238e+00
4.115396391143144150e+00
4.115466684668528607e+00
4.115537132676358567e+00
4.115607753082166198e+00
4.115678563850194038e+00
4.115749582991687028e+00
4.115820828562970490e+00
4.115892318663550320e+00
4.115964071434281557e+00
4.116036105055449035e+00
4.116108437744717463e+00
4.116181087755380830e+00
4.116254073374227218e+00
4.116327412919659423e+00
4.116401124739674344e+00
4.116475227209796195e+00
4.116549738731146491e+00
4.116624674022127728e+00
4.116700053350335509e+00
4.116775896834170112e+00
4.116852222948848450e+00
4.116929050184537253e+00
4.117006397044258748e+00
4.117084282041755472e+00
4.117162723699414606e+00
4.117241740546061735e+00
4.117321351114841654e+00
4.117401573941027237e+00
4.117482427559899349e+00
4.117563930504502423e+00
4.117646101303546580e+00
4.117728958479020207e+00
4.117812520544271493e+00
4.117896806001479781e+00
4.117981833339714015e+00
4.118067621032505343e+00
4.118154187535679078e+00
4.118241551285205304e+00
4.118329730694793689e+00
4.118418744153799160e+00
4.118508610024836258e+00
4.118599346641623526e+00
4.118690972306716880e+00
4.118783505289159486e+00
4.118876963822371451e+00
4.118971366101746412e+00
4.119066730282438193e+00
4.119163074477153685e+00
4.119260416753760978e+00
4.119358775133195039e+00
4.119458167587027653e+00
4.119558612035350009e+00
4.119660126344365736e+00
4.119762728324316114e+00
4.119866435727054466e+00
4.119971266243924291e+00
4.120077237503430467e+00
4.120184367069088083e+00
4.120292672437070536e+00
4.120402171034097449e+00
4.120512880215152052e+00
4.120624817261269612e+00
4.120737999377315219e+00
4.120852443689901001e+00
4.120968167244987157e+00
4.121085187005850692e+00
4.121203519850948460e+00
4.121323182571556387e+00
4.121444191869855445e+00
4.121566564356602846e+00
4.121690316549079469e+00
4.121815464868973322e+00
4.121942025640300322e+00
4.122070015087198058e+00
4.122199449331994003e+00
4.122330344392969970e+00
4.122462716182489828e+00
4.122596580504848340e+00
4.122731953054223908e+00
4.122868849412764547e+00
4.123007285048510440e+00
4.123147275313485238e+00
4.123288835441693223e+00
4.123431980547183073e+00
4.123576725622127626e+00
4.123723085534890309e+00
4.123871075028253230e+00
4.124020708717336170e+00
4.124172000981654485e+00
4.124324966071057474e+00
4.124479618322991925e+00
4.124635971821123626e+00
4.124794040512480109e+00
4.124953838205708934e+00
4.125115377564857688e+00
4.125278672974674876e+00
4.125443738378897329e+00
4.125610584554015858e+00
4.125779218379857838e+00
4.125949661271685720e+00
4.126121926034792331e+00
4.126296025323114236e+00
4.126471971637846181e+00
4.126649777325759771e+00
4.126829454577744194e+00
4.127011015427389573e+00
4.127194471749557891e+00
4.127379835258883745e+00
4.127567117508394112e+00
4.127756329888265796e+00
4.127947483624351044e+00
4.128140589776892355e+00
4.128335659239289690e+00
4.128532702736854354e+00
4.128731730825514923e+00
4.128932753890616425e+00
4.129135782145811895e+00
4.129340825631928169e+00
4.129547894215729542e+00
4.129756997588946099e+00
4.129968145267229218e+00
4.130181343767766577e+00
4.130396594391701370e+00
4.130613916178196732e+00
4.130833317916304814e+00
4.131054808213987961e+00
4.131278395497401057e+00
4.131504088009918085e+00
4.131731893811344314e+00
4.131961820777170225e+00
4.132193876597751725e+00
4.132428068777647567e+00
4.132664404634858180e+00
4.132902891300227033e+00
4.133143535716751416e+00
4.133386344638966037e+00
4.133631324632482951e+00
4.133878482073301441e+00
4.134127823147338177e+00
4.134379353850043515e+00
4.134633079985828630e+00
4.134889007167706687e+00
4.135147140816848754e+00
4.135407486162334223e+00
4.135670048240716490e+00
4.135934831895781372e+00
4.136201841778220256e+00
4.136471082345523520e+00
4.136742557861622593e+00
4.137016272396806471e+00
4.137292229827600920e+00
4.137570433836539330e+00
4.137850887912228437e+00
4.138133595349192895e+00
4.138418559247891260e+00
4.138705782514692899e+00
4.138995267861991678e+00
4.139287017808228164e+00
4.139581034677896731e+00
4.139877320601913269e+00
4.140175877517482839e+00
4.140476707168518899e+00
4.140779811105740116e+00
4.141085190686933259e+00
4.141392847077256079e+00
4.141702781249541054e+00
4.142014993984593829e+00
4.142329485871567130e+00
4.142646257308372881e+00
4.142965308502076560e+00
4.143286639469323518e+00
4.143610250036863896e+00
4.143936139842024247e+00
4.144264308333228009e+00
4.144594754770538181e+00
4.144927478226274609e+00
4.145262477585609950e+00
4.145599751547191403e+00
4.145939298623785518e+00
4.146281117143013617e+00
4.146625205248008150e+00
4.146971560898180087e+00
4.147320181870010281e+00
4.147671065757744913e+00
4.148024209974281007e+00
4.148379611752005758e+00
4.148737268143585233e+00
4.149097176022957356e+00
4.149459332086100183e+00
4.149823732852059521e+00
4.150190374663881521e+00
4.150559253689587891e+00
4.150930365923145793e+00
4.151303707185492797e+00
4.151679273125623126e+00
4.152057059221516688e+00
4.152437058794361313e+00
4.152819268533074037e+00
4.153203684458071976e+00
4.153590296287185346e+00
4.153979085997582033e+00
4.154370065590919481e+00
4.154763229392151480e+00
4.155158571564488312e+00
4.155556086110641978e+00
4.155955766874052770e+00
4.156357607540169141e+00
4.156761601637775527e+00
4.157167742540217148e+00
4.157576023466749149e+00
4.157986437483898179e+00
4.158398977506776895e+00
4.158813636300468630e+00
4.159230406481409403e+00
4.159649280518760150e+00
4.160070250735834918e+00
4.160493309311534382e+00
4.160918448281732296e+00
4.161345659540817365e+00
4.161774934843053053e+00
4.162206265804115901e+00
4.162639643902564579e+00
4.163075060481336465e+00
4.163512506749269093e+00
4.163951973782613614e+00
4.164393452526562456e+00
4.164836923901860111e+00
4.165282376763066452e+00
4.165729812617113836e+00
4.166179221894054763e+00
4.166630594900896156e+00
4.167083921823000914e+00
4.167539192725826069e+00
4.167996397556449573e+00
4.168455526145211643e+00
4.168916568207343687e+00
4.169379513344576793e+00
4.169844351046767983e+00
4.170311070693603739e+00
4.170779661556130335e+00
4.171250112798471577e+00
4.171722413479522551e+00
4.172196552554526150e+00
4.172672518876773928e+00
4.173150301199299861e+00
4.173629888176501268e+00
4.174111268365845007e+00
4.174594430229520370e+00
4.175079362136152383e+00
4.175566052362462699e+00
4.176054489094923383e+00
4.176544660431531497e+00
4.177036554383383837e+00
4.177530158876447963e+00
4.178025461753227532e+00
4.178522450774391217e+00
4.179021113620583705e+00
4.179521437893981783e+00
4.180023411120090238e+00
4.180527020749353895e+00
4.181032254158880690e+00
4.181539098654100783e+00
4.182047541470495844e+00
4.182557569775192441e+00
4.183069170668739289e+00
4.183582331186728176e+00
4.184097038301456628e+00
4.184613278923613677e+00
4.185131039903957628e+00
4.185650308034958300e+00
4.186171070052457921e+00
4.186693312637338238e+00
4.187217022417142331e+00
4.187742185967740838e+00
4.188268789814972415e+00
4.188796820436234469e+00
4.189326264262207999e+00
4.189857107678369275e+00
4.190389337026647176e+00
4.190922938607067216e+00
4.191457898679329830e+00
4.191994203464401991e+00
4.192531839146068862e+00
4.193070791872615111e+00
4.193611047758318833e+00
4.194152592885041386e+00
4.194695413303808351e+00
4.195239495036304334e+00
4.195784824076504549e+00
4.196331386392117224e+00
4.196879167926201859e+00
4.197428154598592087e+00
4.197978332307507721e+00
4.198529686930963400e+00
4.199082204328297152e+00
4.199635870341687394e+00
4.200190670797569581e+00
4.200746591508109695e+00
4.201303615954540938e+00
4.201861731750961226e+00
4.202420925894441162e+00
4.202981177653144051e+00
4.203542456757917378e+00
4.204104771405313024e+00
4.204668107354080142e+00
4.205232450359928542e+00
4.205797786176882269e+00
4.206364100558648289e+00
4.206931379259996717e+00
4.207499608038026473e+00
4.208068772653521528e+00
4.208638858872287614e+00
4.209209852466389457e+00
4.209781739215502583e+00
4.210354504908154105e+00
4.210928135342977718e+00
4.211502616330008664e+00
4.212077933691882770e+00
4.212654073265058585e+00
4.213231020901075041e+00
4.213808762467709634e+00
4.214387283850201449e+00
4.214966570952399572e+00
4.215546609697963021e+00
4.216127386031475410e+00
4.216708885919600469e+00
4.217291095352225128e+00
4.217874000343545760e+00
4.218457586933187287e+00
4.219041841187280539e+00
4.219626749199533400e+00
4.220212295869396613e+00
4.220798466366285417e+00
4.221385248401736234e+00
4.221972628188542132e+00
4.222560591972334798e+00
4.223149126032633482e+00
4.223738216683784685e+00
4.224327850275951590e+00
4.224918013196050204e+00
