9.140999999999999091e+02
9.215206569777825507e+02
9.289413139563118875e+02
9.363619709344836792e+02
9.437826279125587234e+02
9.512032848908137339e+02
9.586239418691068295e+02
9.660445988474829164e+02
9.734652558259226680e+02
9.808859128044780391e+02
9.883065697831270882e+02
9.957272267618652677e+02
1.003147883740587758e+03
1.010568540719010684e+03
1.017989197697332429e+03
1.025409854675552651e+03
1.032830511654180327e+03
1.040251168633263205e+03
1.047671825612603243e+03
1.055092482592168381e+03
1.062513139571080956e+03
1.069933796549850285e+03
1.077354453528476597e+03
1.084775110506909868e+03
1.092195767485081888e+03
1.099616424463035628e+03
1.107037081440764041e+03
1.114457738418260533e+03
1.121878395395518055e+03
1.129299052372575716e+03
1.136719709349770710e+03
1.144140366326892035e+03
1.151561023303958109e+03
1.158981680280986893e+03
1.166402337257996805e+03
1.173822994235006036e+03
1.181243651211558017e+03
1.188664308187826691e+03
1.196084965163863671e+03
1.203505622139652132e+03
1.210926279115174793e+03
1.218346936090415284e+03
1.225767593065949313e+03
1.233188250041930132e+03
1.240608907017977344e+03
1.248029563994099362e+03
1.255450220970305281e+03
1.262870877946603514e+03
1.270291534923002928e+03
1.277712191899512618e+03
1.285132848876140997e+03
1.292553505852896933e+03
1.299974162829808392e+03
1.307394819806888108e+03
1.314815476784132898e+03
1.322236133761552537e+03
1.329656790739156122e+03
1.337077447716953884e+03
1.344498104694955600e+03
1.351918761673171048e+03
1.359339418651609776e+03
1.366760075630281335e+03
1.374180732608843073e+03
1.381601389587196536e+03
1.389022046565600249e+03
1.396442703544045344e+03
1.403863360522523863e+03
1.411284017501026938e+03
1.418704674479545702e+03
1.426125331458071287e+03
1.433545988436596190e+03
1.440966645415110634e+03
1.448387302393980917e+03
1.455807959373334825e+03
1.463228616352883819e+03
1.470649273332639268e+03
1.478069930312612996e+03
1.485490587292815917e+03
1.492911244273259626e+03
1.500331901253955493e+03
1.507752558234914886e+03
1.515173215216149856e+03
1.522593872197061273e+03
1.530014529177403801e+03
1.537435186157669023e+03
1.544855843137835336e+03
1.552276500117880460e+03
1.559697157097782338e+03
1.567117814077518688e+03
1.574538471057067682e+03
1.581959128036406810e+03
1.589379785015514244e+03
1.596800441994811308e+03
1.604221098974490587e+03
1.611641755954160544e+03
1.619062412933824362e+03
1.626483069913484769e+03
1.633903726893144949e+03
1.641324383872807630e+03
1.648745040852475768e+03
1.656165697832152773e+03
1.663586354811841602e+03
1.671007011791424702e+03
1.678427668769959837e+03
1.685848325748631169e+03
1.693268982727391403e+03
1.700689639706438811e+03
1.708110296686555330e+03
1.715530953667243466e+03
1.722951610648503220e+03
1.730372267629164980e+03
1.737792924609464762e+03
1.745213581589636760e+03
1.752634238569533636e+03
1.760054895548957120e+03
1.767475552528131175e+03
1.774896209507055346e+03
1.782316866485729861e+03
1.789737523464154947e+03
1.797158180442330149e+03
1.804578837420367336e+03
1.811999494398185334e+03
1.819420151375784599e+03
1.826840808353164448e+03
1.834261465330324882e+03
1.841682122307266127e+03
1.849102779284935423e+03
1.856523436263286158e+03
1.863944093241846076e+03
1.871364750220615178e+03
1.878785407199593237e+03
1.886206064178780480e+03
1.893626721157954762e+03
1.901047378136572206e+03
1.908468035115149405e+03
1.915888692093685449e+03
1.923309349072180339e+03
1.930730006050634529e+03
1.938150663029048246e+03
1.945571320007575196e+03
1.952991976986127611e+03
1.960412633964692304e+03
1.967833290943271777e+03
1.975253947921866711e+03
1.982674604900479153e+03
1.990095261879110694e+03
1.997515918857763154e+03
2.004936575836438351e+03
2.012357232815137650e+03
2.019777889793862414e+03
2.027198546772614918e+03
2.034619203751396526e+03
2.042039860730208829e+03
2.049460517709425858e+03
2.056881174688878673e+03
2.064301831668473824e+03
2.071722488648220860e+03
2.079143145628126149e+03
2.086563802608200149e+03
2.093984459588450136e+03
2.101405116568884750e+03
2.108825773549511723e+03
2.116246430530340604e+03
2.123667087511379577e+03
2.131087744492635920e+03
2.138508401474119182e+03
2.145929058455837094e+03
2.153349715436690076e+03
2.160770372416846840e+03
2.168191029396874455e+03
2.175611686376756097e+03
2.183032343356476304e+03
2.190453000336018249e+03
2.197873657315365563e+03
2.205294314294502328e+03
2.212714971273411720e+03
2.220135628252078277e+03
2.227556285230484718e+03
2.234976942208615583e+03
2.242397599186453590e+03
2.249818256163982824e+03
2.257238913141914054e+03
2.264659570120476019e+03
2.272080227099007971e+03
2.279500884077513547e+03
2.286921541055998205e+03
2.294342198034466037e+03
2.301762855012922046e+03
2.309183511991370324e+03
2.316604168969815873e+03
2.324024825948262787e+03
2.331445482926716522e+03
2.338866139905181171e+03
2.346286796883661737e+03
2.353707453862161856e+03
2.361128110840421868e+03
2.368548767818079796e+03
2.375969424795523992e+03
2.383390081772733993e+03
2.390810738749690245e+03
2.398231395726372739e+03
2.405652052702761466e+03
2.413072709678836418e+03
2.420493366654578040e+03
2.427914023629965868e+03
2.435334680606701568e+03
2.442755337583228538e+03
2.450175994559616811e+03
2.457596651536609443e+03
2.465017308516032699e+03
2.472437965496653305e+03
2.479858622478469897e+03
2.487279279457739449e+03
2.494699936436233202e+03
2.502120593414096675e+03
2.509541250392478105e+03
2.516961907371382949e+03
2.524382564350140910e+03
2.531803221328752443e+03
2.539223878307216182e+03
2.546644535285533493e+03
2.554065192263703921e+03
2.561485849242391396e+03
2.568906506222909229e+03
2.576327163203628970e+03
2.583747820184551983e+03
2.591168477165677359e+03
2.598589134147006007e+03
2.606009791128537472e+03
2.613430448110271755e+03
2.620851105092208400e+03
2.628271762074348317e+03
2.635692419056690596e+03
2.643113076039235693e+03
2.650533733021983608e+03
2.657954390004934794e+03
2.665375046986387588e+03
2.672795703967106419e+03
2.680216360947698377e+03
2.687637017928163914e+03
2.695057674908502122e+03
2.702478331888713456e+03
2.709898988868797915e+03
2.717319645848755499e+03
2.724740302828585754e+03
2.732160959808289135e+03
2.739581616787865642e+03
2.747002273767315273e+03
2.754422930746638485e+03
2.761843587725998077e+03
2.769264244706111640e+03
2.776684901686237936e+03
2.784105558666378784e+03
2.791526215646531909e+03
2.798946872626698223e+03
2.806367529606878634e+03
2.813788186587072232e+03
2.821208843567279018e+03
2.828629500547498992e+03
2.836050157527733063e+03
2.843470814507979867e+03
2.850891471488239858e+03
2.858312128468513492e+03
2.865732785448520644e+03
2.873153442428307244e+03
2.880574099408031088e+03
2.887994756387689904e+03
2.895415413367280962e+03
2.902836070346802899e+03
2.910256727326253895e+03
2.917677384305630767e+03
2.925098041284932151e+03
2.932518698264156228e+03
2.939939355243299815e+03
2.947360012222362002e+03
2.954780669201340515e+03
2.962201326180232172e+03
2.969621983159036063e+03
2.977042640137749459e+03
2.984463297116370086e+03
2.991883954094897035e+03
2.999304611073326669e+03
3.006725268051658077e+03
3.014145925029888531e+03
3.021566582008015757e+03
3.028987238986038847e+03
3.036407895964651289e+03
3.043828552944025887e+03
3.051249209923498256e+03
3.058669866903076581e+03
3.066090523882769503e+03
3.073511180862583387e+03
3.080931837842527784e+03
3.088352494822608605e+03
3.095773151802834946e+03
3.103193808783214081e+03
3.110614465763754197e+03
3.118035122744462569e+03
3.125455779725347838e+03
3.132876436706416825e+03
3.140297093687677716e+03
3.147717750669138695e+03
3.155138407650807494e+03
3.162559064632691388e+03
3.169979721614798564e+03
3.177400378597136751e+03
3.184821035579713680e+03
3.192241692561947275e+03
3.199662349542908487e+03
3.207083006523006134e+03
3.214503663503540338e+03
3.221924320485310091e+03
3.229344977467523677e+03
3.236765634448760920e+03
3.244186291427730339e+03
3.251606948405977619e+03
3.259027605383502760e+03
3.266448262360306217e+03
3.273868919337116040e+03
3.281289576316517469e+03
3.288710233295971193e+03
3.296130890275478123e+03
3.303551547255038713e+03
3.310972204234652054e+03
3.318392861214319510e+03
3.325813518194039716e+03
3.333234175173813128e+03
3.340654832153654752e+03
3.348075489133620522e+03
3.355496146113649047e+03
3.362916803093741237e+03
3.370337460073897546e+03
3.377758117054117065e+03
3.385178774034399794e+03
3.392599431014746187e+03
3.400020087995156246e+03
3.407440744975629968e+03
3.414861401956166901e+03
3.422282058936767953e+03
3.429702715917431306e+03
3.437123372898159232e+03
3.444544029878950823e+03
3.451964686859805624e+03
3.459385343842051952e+03
3.466806000824576586e+03
3.474226657807334959e+03
3.481647314790327073e+03
3.489067971773552927e+03
3.496488628757012066e+03
3.503909285740704036e+03
3.511329942724630655e+03
3.518750599708790105e+03
3.526171256693183750e+03
3.533591913677810226e+03
3.541012570662670441e+03
3.548433227647764852e+03
3.555853884633092093e+03
3.563274541618653529e+03
3.570695198603405515e+03
3.578115855587879651e+03
3.585536512572411993e+03
3.592957169557001635e+03
3.600377826541649483e+03
3.607798483526355540e+03
3.615219140511119804e+03
3.622639797495942275e+03
3.630060454480822500e+03
3.637481111465760478e+03
3.644901768450756663e+03
3.652322425435810601e+03
3.659743082420923201e+03
3.667163739406094010e+03
3.674584396391322116e+03
3.682005053375931311e+03
3.689425710359838831e+03
3.696846367343613565e+03
3.704267024327252784e+03
3.711687681310751941e+03
3.719108338294106943e+03
3.726528995277314607e+03
3.733949652260369476e+03
3.741370309243269276e+03
3.748790966226008550e+03
3.756211623208584570e+03
3.763632280190991878e+03
3.771052937173228202e+03
3.778473594155288083e+03
3.785894251137168794e+03
3.793314908118865787e+03
3.800735565100374515e+03
3.808156222081692249e+03
3.815576879062813532e+03
3.822997536043735181e+03
3.830418193024454013e+03
3.837838850004965025e+03
3.845259506985263670e+03
3.852680163965347674e+03
3.860100820945211581e+03
3.867521477924852206e+03
3.874942134904265004e+03
3.882362791883447244e+03
3.889783448863060585e+03
3.897204105843707111e+03
3.904624762824854770e+03
3.912045419806559494e+03
3.919466076788878127e+03
3.926886733771866602e+03
3.934307390755581309e+03
3.941728047740078637e+03
3.949148704718912995e+03
3.956569361698877401e+03
3.963990018679626246e+03
3.971410675659432854e+03
3.978831332638326785e+03
3.986251989616736410e+03
3.993672646595034166e+03
4.001093303573055891e+03
4.008513960550738375e+03
4.015934617528081617e+03
4.023355274505086072e+03
4.030775931483608474e+03
4.038196588464234992e+03
4.045617245445278058e+03
4.053037902426737674e+03
4.060458559408613837e+03
4.067879216390906095e+03
4.075299873373614901e+03
4.082720530356740710e+03
4.090141187340282613e+03
4.097561844323765399e+03
4.104982501303487879e+03
4.112403158283103949e+03
4.119823815262613607e+03
4.127244472242016855e+03
4.134665129221313691e+03
4.142085786200503208e+03
4.149506443179587222e+03
4.156927100158564826e+03
4.164347757137435110e+03
4.171768414116198983e+03
4.179189071094857354e+03
4.186609728073408405e+03
4.194030385051853045e+03
4.201451042030190365e+03
4.208871699008422183e+03
4.216292355986546681e+03
4.223713012965824419e+03
4.231133669946286318e+03
4.238554326926914655e+03
4.245974983907709429e+03
4.253395640888672460e+03
4.260816297869801929e+03
4.268236954851097835e+03
4.275657611832561088e+03
4.283078268814190778e+03
4.290498925795987816e+03
4.297919582777951291e+03
4.305340239760082113e+03
4.312760896742380282e+03
4.320181553724844889e+03
4.327602210707476843e+03
4.335022867690275234e+03
4.342443524673240972e+03
4.349864181652688785e+03
4.357284838631749153e+03
4.364705495610541220e+03
4.372126152589066805e+03
4.379546809567322271e+03
4.386967466545313073e+03
4.394388123523034665e+03
4.401808780500487956e+03
4.409229437477673855e+03
4.416650094454592363e+03
4.424070751431243480e+03
4.431491408407626295e+03
4.438912065383741719e+03
4.446332722359587933e+03
4.453753379335167665e+03
4.461174036310480005e+03
4.468594693286449001e+03
4.476015350263781329e+03
4.483436007241167317e+03
4.490856664218609694e+03
4.498277321196118464e+03
4.505697978173697265e+03
4.513118635151355193e+03
4.520539292129096793e+03
4.527959949106929344e+03
4.535380606084859210e+03
4.542801263062893668e+03
4.550221920041037265e+03
4.557642577019298187e+03
4.565063233997682801e+03
4.572483890976196562e+03
4.579904547954847658e+03
4.587325204933641544e+03
4.594745861912584587e+03
4.602166518891683154e+03
4.609587175870943611e+03
4.617007832850375053e+03
4.624428489829980208e+03
4.631849146809767262e+03
4.639269803789742582e+03
4.646690460769912534e+03
4.654111117750285302e+03
4.661531774730864527e+03
4.668952431711659301e+03
4.676373088692673264e+03
4.683793745673916419e+03
4.691214402655120466e+03
4.698635059635558719e+03
4.706055716614996527e+03
4.713476373592639902e+03
4.720897030569060007e+03
4.728317687546370507e+03
4.735738344525492721e+03
4.743159001505355263e+03
4.750579658485725304e+03
4.758000315466513712e+03
4.765420972447896929e+03
4.772841629429874047e+03
4.780262286412447793e+03
4.787682943395615439e+03
4.795103600377706243e+03
4.802524257359867079e+03
4.809944914342278935e+03
4.817365571324938173e+03
4.824786228307848432e+03
4.832206885291008803e+03
4.839627542274418374e+03
4.847048199258077148e+03
4.854468856241986941e+03
4.861889513226146846e+03
4.869310170208653290e+03
4.876730827191134267e+03
4.884151484173662539e+03
4.891572141156236285e+03
4.898992798138857324e+03
4.906413455121525658e+03
4.913834112104240376e+03
4.921254769087001478e+03
4.928675426069810783e+03
4.936096083052665563e+03
4.943516740035567636e+03
4.950937397018517004e+03
4.958358054001512755e+03
4.965778710984555801e+03
4.973199367967644321e+03
4.980620024950781044e+03
4.988040681933964152e+03
4.995461338917193643e+03
5.002881995899133472e+03
5.010302652878986009e+03
5.017723309858545690e+03
5.025143966837810694e+03
5.032564623816781932e+03
5.039985280795459403e+03
5.047405937773842197e+03
5.054826594751932134e+03
5.062247251729728305e+03
5.069667908707229799e+03
5.077088565684438436e+03
5.084509222661352396e+03
5.091929879637971680e+03
5.099350536614299017e+03
5.106771193590331677e+03
5.114191850566070570e+03
5.121612507541515697e+03
5.129033164516666147e+03
5.136453821491522831e+03
5.143874478470152098e+03
5.151295135449557165e+03
5.158715792429149587e+03
5.166136449408931185e+03
5.173557106388901047e+03
5.180977763369059176e+03
5.188398420349407388e+03
5.195819077329942957e+03
5.203239734310667700e+03
5.210660391291581618e+03
5.218081048272683802e+03
5.225501705253975160e+03
5.232922362235453875e+03
5.240343019217122674e+03
5.247763676198978828e+03
5.255184333181024158e+03
5.262604990163259572e+03
5.270025647145682342e+03
5.277446304127997792e+03
5.284866961109795739e+03
5.292287618091651893e+03
5.299708275073562618e+03
5.307128932055524274e+03
5.314549589037533224e+03
5.321970246019582191e+03
5.329390903001670267e+03
5.336811559983790175e+03
5.344232216965940097e+03
5.351652873948112756e+03
5.359073530930307243e+03
5.366494187912517191e+03
5.373914844894738053e+03
5.381335501876966191e+03
5.388756158859197058e+03
5.396176815841427015e+03
5.403597472823650605e+03
5.411018129805865101e+03
5.418438786788063226e+03
5.425859443770243161e+03
5.433280100752400358e+03
5.440700757734529361e+03
5.448121414716626532e+03
5.455542071698688233e+03
5.462962728681221051e+03
5.470383385662184082e+03
5.477804042642844252e+03
5.485224699621243417e+03
5.492645356599643492e+03
5.500066013580484650e+03
5.507486670563963344e+03
5.514907327548544345e+03
5.522327984534229472e+03
5.529748641521015998e+03
5.537169298508906650e+03
5.544589955497900519e+03
5.552010612483588375e+03
5.559431269464874276e+03
5.566851926445089703e+03
5.574272583424232835e+03
5.581693240402303672e+03
5.589113897379303125e+03
5.596534554355230284e+03
5.603955211331635837e+03
5.611375868309213729e+03
5.618796525286561518e+03
5.626217182263678296e+03
5.633637839240564062e+03
5.641058496217218817e+03
5.648479153193642560e+03
5.655899810169976263e+03
5.663320467146298142e+03
5.670741124122439942e+03
5.678161781098404390e+03
5.685582438074189668e+03
5.693003095049798503e+03
5.700423752025229078e+03
5.707844409000481392e+03
5.715265065975554535e+03
5.722685722950451236e+03
5.730106379925169676e+03
5.737527036899710765e+03
5.744947693880053521e+03
5.752368350862438092e+03
5.759789007845286505e+03
5.767209664828598761e+03
5.774630321812375769e+03
5.782050978796616619e+03
5.789471635781321311e+03
5.796892292766490755e+03
5.804312949752124041e+03
5.811733606738221170e+03
5.819154263724782140e+03
5.826574920711807863e+03
5.833995577699297428e+03
5.841416234687250835e+03
5.848836891675668994e+03
5.856257548664550995e+03
5.863678205653895930e+03
5.871098862643706525e+03
5.878519519633980963e+03
5.885940176624719243e+03
5.893360833615921365e+03
5.900781490607588239e+03
5.908202147599718955e+03
5.915622804584289042e+03
5.923043461566689075e+03
5.930464118548721672e+03
5.937884775530385014e+03
5.945305432511679101e+03
5.952726089492605752e+03
5.960146746473163148e+03
5.967567403453350380e+03
5.974988060433170176e+03
5.982408717412621627e+03
5.989829374391703823e+03
5.997250031370417673e+03
6.004670688348762269e+03
6.012091345326738519e+03
6.019512002304345515e+03
6.026932659281585074e+03
6.034353316258454470e+03
6.041773973234955520e+03
6.049194630211088224e+03
6.056615287186851674e+03
6.064035944162246778e+03
6.071456601137272628e+03
6.078877258111930132e+03
6.086297915091528921e+03
6.093718572072421921e+03
6.101139229053626877e+03
6.108559886035141972e+03
6.115980543016969023e+03
6.123401199999106211e+03
6.130821856981555356e+03
6.138242513964315549e+03
6.145663170947387698e+03
6.153083827930771804e+03
6.160504484914465138e+03
6.167925141898471338e+03
6.175345798882787676e+03
6.182766455867415061e+03
6.190187112852354403e+03
6.197607769837604792e+03
6.205028426823166228e+03
6.212449083809039621e+03
6.219869740786463808e+03
6.227290397763530564e+03
6.234711054740345389e+03
6.242131711722302498e+03
6.249552368708074937e+03
6.256973025696569493e+03
6.264393682680231905e+03
6.271814339664701038e+03
6.279234996649976893e+03
6.286655653636056741e+03
6.294076310622943311e+03
6.301496967610422871e+03
6.308917624594410881e+03
6.316338281578472561e+03
6.323758938562611547e+03
6.331179595546826931e+03
6.338600252531116894e+03
6.346020909515483254e+03
6.353441566499926012e+03
6.360862223484445167e+03
6.368282880469039810e+03
6.375703537453709941e+03
6.383124194438455561e+03
6.390544851420117993e+03
6.397965508400745421e+03
6.405386165381128194e+03
6.412806822361266313e+03
6.420227479341160688e+03
6.427648136320810409e+03
6.435068793300216385e+03
6.442489450279378616e+03
6.449910107258294374e+03
6.457330764236966388e+03
6.464751421215394657e+03
6.472172078193579182e+03
6.479592735171519053e+03
6.487013392149213360e+03
6.494434049126663012e+03
6.501854706103869830e+03
6.509275363080831085e+03
6.516696020057550413e+03
6.524116677034022359e+03
6.531537334010252380e+03
6.538957990986235927e+03
6.546378647961975730e+03
6.553799304937471788e+03
6.561219961912723193e+03
6.568640618890867700e+03
6.576061275870327336e+03
6.583481932849897930e+03
6.590902589829578574e+03
6.598323246809368356e+03
6.605743903789269098e+03
6.613164560769278978e+03
6.620585217749399817e+03
6.628005874729630705e+03
6.635426531709972551e+03
6.642847188690422627e+03
6.650267845670983661e+03
6.657688502651654744e+03
6.665109159632434967e+03
6.672529816613326147e+03
6.679950473594327377e+03
6.687371130575438656e+03
6.694791787556659983e+03
6.702212444537992269e+03
6.709633101519432785e+03
6.717053758500984259e+03
6.724474415482646691e+03
6.731895072464418263e+03
6.739315729446299883e+03
6.746736386426776335e+03
6.754157043406332377e+03
6.761577700385803837e+03
6.768998357365192533e+03
6.776419014344497555e+03
6.783839671323719813e+03
6.791260328302859307e+03
6.798680985281916037e+03
6.806101642260888184e+03
6.813522299239777567e+03
6.820942956218584186e+03
6.828363613197306222e+03
6.835784270175947313e+03
6.843204927154502002e+03
6.850625584132975746e+03
6.858046241111365816e+03
6.865466898089673123e+03
6.872887555067895846e+03
6.880308212046035806e+03
6.887728869024093001e+03
6.895149526002067432e+03
6.902570182979958190e+03
6.909990839957765274e+03
6.917411496935488685e+03
6.924832153913416732e+03
6.932252810891705849e+03
6.939673467870213244e+03
6.947094124848964384e+03
6.954514781827986553e+03
6.961935438807309765e+03
6.969356095786959486e+03
6.976776752768324513e+03
6.984197409744784636e+03
6.991618066721244759e+03
6.999038723696741727e+03
7.006459380671713006e+03
7.013880037646687015e+03
7.021300694624876087e+03
7.028721351605821837e+03
7.036142008587919918e+03
7.043562665571165780e+03
7.050983322555563063e+03
7.058403979541110857e+03
7.065824636527809162e+03
7.073245293515657977e+03
7.080665950501969746e+03
7.088086607486197863e+03
7.095507264470412338e+03
7.102927921454614079e+03
7.110348578438801269e+03
7.117769235422974816e+03
7.125189892407134721e+03
7.132610549391281893e+03
7.140031206375330839e+03
7.147451863359221534e+03
7.154872520343054020e+03
7.162293177326824662e+03
7.169713834310538005e+03
7.177134491294190411e+03
7.184555148277783701e+03
7.191975805261318783e+03
7.199396462245596922e+03
7.206817119231722245e+03
7.214237776218134968e+03
7.221658433204833273e+03
7.229079090191818068e+03
7.236499747179089354e+03
7.243920404166647131e+03
7.251341061154490490e+03
7.258761718142621248e+03
7.266182375131038498e+03
7.273603032119740419e+03
7.281023689108729741e+03
7.288444346098004644e+03
7.295865003087566038e+03
7.303285660075536725e+03
7.310706317058993591e+03
7.318126974042364964e+03
7.325547631025651754e+03
7.332968288008853960e+03
7.340388944991973403e+03
7.347809601975008263e+03
7.355230258957957631e+03
7.362650915940823324e+03
7.370071572923604435e+03
7.377492229906302782e+03
7.384912886888915637e+03
7.392333543871444817e+03
7.399754200853890325e+03
7.407174857836250339e+03
7.414595514818527590e+03
7.422016171800718439e+03
7.429436828782827433e+03
7.436857485764851845e+03
7.444278142746790763e+03
7.451698799728645099e+03
7.459119456710416671e+03
7.466540113692102750e+03
7.473960770673706975e+03
7.481381427655225707e+03
7.488802084636658947e+03
7.496222741618009422e+03
7.503643398599275315e+03
7.511064055580456625e+03
7.518484712561554261e+03
7.525905369542568224e+03
7.533326026523496694e+03
7.540746683504341490e+03
7.548167340485102613e+03
7.555587997465778244e+03
7.563008654449980895e+03
7.570429311435212185e+03
7.577849968420729965e+03
7.585270625406534236e+03
7.592691282392624998e+03
7.600111939379003161e+03
7.607532596365666905e+03
7.614953253352618958e+03
7.622373910339856593e+03
7.629794567327382538e+03
7.637215224315192245e+03
7.644635881303291171e+03
7.652056538291675679e+03
7.659477195280346677e+03
7.666897852269305076e+03
7.674318509258548147e+03
7.681739166248081347e+03
7.689159823237898308e+03
7.696580480228003580e+03
7.704001137218394433e+03
7.711421794209072686e+03
7.718842451200037431e+03
7.726263108191289575e+03
7.733683765173482243e+03
7.741104422153152882e+03
7.748525079132825340e+03
7.755945736112060331e+03
7.763366393090439487e+03
7.770787050068816825e+03
7.778207707047215081e+03
7.785628364026867530e+03
7.793049021006781913e+03
7.800469677986954594e+03
7.807890334967384661e+03
7.815310991948076662e+03
7.822731648929027870e+03
7.830152305910236464e+03
7.837572962891705174e+03
7.844993619873555872e+03
7.852414276856235119e+03
7.859834933839307268e+03
7.867255590822775048e+03
7.874676247806637548e+03
7.882096904790894769e+03
7.889517561775544891e+03
7.896938218760589734e+03
7.904358875746032027e+03
7.911779532730952269e+03
7.919200189714492808e+03
7.926620846697920570e+03
7.934041503681234644e+03
7.941462160664437761e+03
7.948882817647525371e+03
7.956303474630500205e+03
7.963724131613363170e+03
7.971144788596113358e+03
7.978565445577618448e+03
7.985986102557997583e+03
7.993406759538022925e+03
8.000827416517693564e+03
8.008248073497008590e+03
8.015668730475969824e+03
8.023089387454576354e+03
8.030510044432829091e+03
8.037930701410727124e+03
8.045351358388269546e+03
8.052772015365457264e+03
8.060192672342291189e+03
8.067613329318771321e+03
8.075033986294895840e+03
8.082454643270665656e+03
8.089875300246081679e+03
8.097295957231561260e+03
8.104716614217335518e+03
8.112137271203206183e+03
8.119557928189176891e+03
8.126978585175244007e+03
8.134399242161407528e+03
8.141819899147671094e+03
8.149240556134029248e+03
8.156661213120489265e+03
8.164081870107043869e+03
8.171502527093698518e+03
8.178923184080449573e+03
8.186343841067297944e+03
8.193764498054246360e+03
8.201185155041290272e+03
8.208605812028430591e+03
8.216026469015672774e+03
8.223447126003011363e+03
8.230867782990446358e+03
8.238288439977979579e+03
8.245709096965609206e+03
8.253129753953340696e+03
8.260550410941166774e+03
8.267971067929089259e+03
8.275391724917113606e+03
8.282812381905230723e+03
8.290233038893449702e+03
8.297653695881765088e+03
8.305074352870178700e+03
8.312495009858688718e+03
8.319915666847296961e+03
8.327336323836003430e+03
8.334756980824808124e+03
8.342177637813709225e+03
8.349598294802710370e+03
8.357018951791807922e+03
8.364439608781003699e+03
8.371860265770295882e+03
8.379280922759686291e+03
8.386701579749174925e+03
8.394122236738759966e+03
8.401542893728445051e+03
8.408963550718226543e+03
8.416384207708106260e+03
8.423804864698082383e+03
8.431225521688149456e+03
8.438646178676950512e+03
8.446066835665507824e+03
8.453487492653821391e+03
8.460908149641889395e+03
8.468328806629713654e+03
8.475749463617294168e+03
8.483170120604630938e+03
8.490590777585392061e+03
8.498011434567648394e+03
8.505432091549906545e+03
8.512852748535453429e+03
8.520273405532365359e+03
8.527694062529277289e+03
8.535114719526189219e+03
8.542535376523013838e+03
8.549956033519798439e+03
8.557376690516561212e+03
8.564797347513303976e+03
8.572218004510024912e+03
8.579638661506725839e+03
8.587059318503406757e+03
8.594479975500065848e+03
8.601900632496701292e+03
8.609321289492232609e+03
8.616741946481110062e+03
8.624162603468554153e+03
8.631583260454566698e+03
8.639003917439151337e+03
8.646424574422300793e+03
8.653845231404022343e+03
8.661265888384310529e+03
8.668686545363168989e+03
8.676107202340597723e+03
8.683527859323583471e+03
8.690948516313526852e+03
8.698369173304672586e+03
8.705789830297020671e+03
8.713210487290569290e+03
8.720631144285320261e+03
8.728051801281273583e+03
8.735472458278429258e+03
8.742893115276785466e+03
8.750313772276345844e+03
8.757734429265643485e+03
8.765155086253365880e+03
8.772575743240880911e+03
8.779996400228188577e+03
8.787417057215287059e+03
8.794837714202178176e+03
8.802258371188861929e+03
8.809679028175338317e+03
8.817099685161607340e+03
8.824520342147667179e+03
8.831940999133521473e+03
8.839361656119166582e+03
8.846782313104604327e+03
8.854202970089832888e+03
8.861623627074855904e+03
8.869044284059669735e+03
8.876464941044276202e+03
8.883885598030890833e+03
8.891306255020026583e+03
8.898726912009151420e+03
8.906147568998265342e+03
8.913568225987368351e+03
8.920988882976456807e+03
8.928409539965536169e+03
8.935830196954604617e+03
8.943250853943660331e+03
8.950671510932705132e+03
8.958092167921739019e+03
8.965512824910761992e+03
8.972933481899772232e+03
8.980354138888771558e+03
8.987774795877758152e+03
8.995195452866735650e+03
9.002616109855700415e+03
9.010036766844652448e+03
9.017457423833595385e+03
9.024878080822523771e+03
9.032298737811444880e+03
9.039719394800351438e+03
9.047140051789247082e+03
9.054560708778133630e+03
9.061981365767005627e+03
9.069402022755868529e+03
9.076822679744718698e+03
9.084243336733557953e+03
9.091663993722384475e+03
9.099084650711200084e+03
9.106505307700006597e+03
9.113925964688798558e+03
9.121346621677581425e+03
9.128767278666351558e+03
9.136187935655110778e+03
9.143608592643857264e+03
9.151029249632592837e+03
9.158449906621317496e+03
9.165870563610031240e+03
9.173291220598734071e+03
9.180711877587422350e+03
9.188132534576103353e+03
9.195553191564769804e+03
9.202973848553425341e+03
9.210394505542071784e+03
9.217815162530703674e+03
9.225235819519324650e+03
9.232656476507934713e+03
9.240077133496535680e+03
9.247497790482828350e+03
9.254918447471098261e+03
9.262339104459368173e+03
9.269759761448010977e+03
9.277180418437939807e+03
9.284601075427868636e+03
9.292021732417797466e+03
9.299442389403917332e+03
9.306863046388276416e+03
9.314283703371789670e+03
9.321704360354457094e+03
9.329125017336276869e+03
9.336545674317250814e+03
9.343966331297378929e+03
9.351386988276659395e+03
9.358807645255092211e+03
9.366228302232679198e+03
9.373648959211119291e+03
9.381069616195634808e+03
9.388490273180737859e+03
9.395910930166430262e+03
9.403331587152712018e+03
9.410752244139583127e+03
9.418172901127039950e+03
9.425593558115089763e+03
9.433014215103725292e+03
9.440434872092951991e+03
9.447855529082766225e+03
9.455276186071090706e+03
9.462696843058394734e+03
9.470117500045715133e+03
9.477538157033051903e+03
9.484958814020403224e+03
9.492379471007767279e+03
9.499800127995149523e+03
9.507220784982548139e+03
9.514641441969961306e+03
9.522062098957390845e+03
9.529482755945089593e+03
9.536903412936215318e+03
9.544324069927708479e+03
9.551744726919572713e+03
9.559165383911806202e+03
9.566586040904410766e+03
9.574006697897384583e+03
9.581427354890727656e+03
9.588848011884439984e+03
9.596268668878521567e+03
9.603689325872972404e+03
9.611109982867794315e+03
9.618530639862987300e+03
9.625951296858547721e+03
9.633371953854479216e+03
9.640792610850779965e+03
9.648213267847449970e+03
9.655633924844489229e+03
9.663054581841901381e+03
9.670475238839680969e+03
9.677895895834682960e+03
9.685316552827007399e+03
9.692737209819428244e+03
9.700157866811947315e+03
9.707578523804564611e+03
9.714999180797278314e+03
9.722419837790088422e+03
9.729840494783000395e+03
9.737261151776008774e+03
9.744681808769113559e+03
9.752102465762316569e+03
9.759523122755617806e+03
9.766943779749017267e+03
9.774364436742513135e+03
9.781785093736110866e+03
9.789205750729801366e+03
9.796626407723591910e+03
9.804047064717478861e+03
9.811467721711465856e+03
9.818888378705551077e+03
9.826309035699732704e+03
9.833729692694010737e+03
9.841150349688388815e+03
9.848571006682865118e+03
9.855991663677437828e+03
9.863412320672108763e+03
9.870832977666877923e+03
9.878253634661743490e+03
9.885674291656707283e+03
9.893094948651769300e+03
9.900515605646929544e+03
9.907936262642188012e+03
9.915356919637544706e+03
9.922777576632997807e+03
9.930198233628547314e+03
9.937618890624198684e+03
9.945039547619944642e+03
9.952460204615788825e+03
9.959880861611731234e+03
9.967301518607773687e+03
9.974722175603910728e+03
9.982142832600145994e+03
9.989563489596479485e+03
9.996984146592913021e+03
1.000440480357681372e+04
1.001182546056323008e+04
1.001924611754964644e+04
1.002666677453936791e+04
1.003408743154050171e+04
1.004150808854163733e+04
1.004892874554277296e+04
1.005634940253727837e+04
1.006377005952883337e+04
1.007119071651904414e+04
1.007861137350790705e+04
1.008603203049542208e+04
1.009345268748158924e+04
1.010087334446641216e+04
1.010829400144988540e+04
1.011571465843201076e+04
1.012313531541279008e+04
1.013055597239221970e+04
1.013797662937240602e+04
1.014539728636370819e+04
1.015281794335591258e+04
1.016023860034901736e+04
1.016765925734302436e+04
1.017507991433793359e+04
1.018250057133374503e+04
1.018992122833045869e+04
1.019734188532807093e+04
1.020476254232658903e+04
1.021218319932600753e+04
1.021960385632632824e+04
1.022702451332233068e+04
1.023444517031326177e+04
1.024186582730345617e+04
1.024928648429291934e+04
1.025670714128164764e+04
1.026412779826963924e+04
1.027154845525689962e+04
1.027896911224342330e+04
1.028638976922921393e+04
1.029381042621427150e+04
1.030123108319859239e+04
1.030865174018218204e+04
1.031607239717190532e+04
1.032349305416237439e+04
1.033091371115277980e+04
1.033833436814312518e+04
1.034575502513341053e+04
1.035317568212363403e+04
1.036059633911379933e+04
1.036801699610390278e+04
1.037543765309394621e+04
1.038285831008392779e+04
1.039027896707384934e+04
1.039769962406371087e+04
1.040512028105351237e+04
1.041254093804325021e+04
1.041996159503292984e+04
1.042738225202254944e+04
1.043480290901210719e+04
1.044222356600160492e+04
1.044964422299104262e+04
1.045706487998041666e+04
1.046448553696973431e+04
1.047190619395899012e+04
1.047932685094742737e+04
1.048674750793567182e+04
1.049416816492381076e+04
1.050158882191184603e+04
1.050900947889977579e+04
1.051643013588760186e+04
1.052385079287532426e+04
1.053127144986294115e+04
1.053869210685045255e+04
1.054611276383786208e+04
1.055353342082516610e+04
1.056095407781236645e+04
1.056837473479946311e+04
1.057579539178645427e+04
1.058321604877334175e+04
1.059063670576012373e+04
1.059805736274680021e+04
1.060547801973337482e+04
1.061289867671984393e+04
1.062031933370620936e+04
1.062773999069246747e+04
1.063516064767862554e+04
1.064258130466467628e+04
1.065000196165062334e+04
1.065742261863646854e+04
1.066484327562220642e+04
1.067226393260784062e+04
1.067968458959337113e+04
1.068710524657879614e+04
1.069452590356411747e+04
1.070194656054933330e+04
1.070936721753444544e+04
1.071678787451945391e+04
1.072420853150435687e+04
1.073162918848915433e+04
1.073904984547385175e+04
1.074647050245844184e+04
1.075389115944292826e+04
1.076131181643321906e+04
1.076873247342157629e+04
1.077615313040993351e+04
1.078357378739872365e+04
1.079099444438901992e+04
1.079841510137931618e+04
1.080583575836961063e+04
1.081325641536007606e+04
1.082067707235061243e+04
1.082809772934118155e+04
1.083551838633178158e+04
1.084293904332241254e+04
1.085035970031307625e+04
1.085778035730377087e+04
1.086520101429449642e+04
1.087262167128525289e+04
1.088004232827604028e+04
1.088746298526686041e+04
1.089488364225771147e+04
1.090230429924859345e+04
1.090972495623518626e+04
1.091714561322104055e+04
1.092456627020627639e+04
1.093198692719090104e+04
1.093940758417491088e+04
1.094682824115830226e+04
1.095424889814108246e+04
1.096166955512324785e+04
1.096909021210479841e+04
1.097651086908573052e+04
1.098393152606605145e+04
1.099135218304575574e+04
1.099877284002617489e+04
1.100619349701445753e+04
1.101361415400350961e+04
1.102103481099334203e+04
1.102845546798394571e+04
1.103587612497532427e+04
1.104329678196747591e+04
1.105071743896040425e+04
1.105813809595410567e+04
1.106555875294858015e+04
1.107297940994383134e+04
1.108040006693985561e+04
1.108782072393665294e+04
1.109524138093248257e+04
1.110266203792517445e+04
1.111008269491821375e+04
1.111750335191159866e+04
1.112492400890533099e+04
1.113234466589941258e+04
1.113976532289383795e+04
1.114718597988861438e+04
1.115460663688373461e+04
1.116202729387920408e+04
1.116944795087502098e+04
1.117686860787118349e+04
1.118428926486769524e+04
1.119170992186455260e+04
1.119913057886175739e+04
1.120655123585930960e+04
1.121397189285720924e+04
1.122139254985545449e+04
1.122881320685405080e+04
1.123623386385299091e+04
1.124365452085227844e+04
1.125107517785191521e+04
1.125849583485189942e+04
1.126591649185222923e+04
1.127333714885290283e+04
1.128075780584648055e+04
1.128817846283194558e+04
1.129559911981680671e+04
1.130301977680106575e+04
1.131044043378472088e+04
1.131786109076777211e+04
1.132528174775021944e+04
1.133270240473206468e+04
1.134012306171330602e+04
1.134754371869394345e+04
1.135496437567397879e+04
1.136238503265341205e+04
1.136980568963223959e+04
1.137722634661046504e+04
1.138464700358808477e+04
1.139206766056510423e+04
1.139948831754151979e+04
1.140690897451733144e+04
1.141432963149254101e+04
1.142175028846714486e+04
1.142917094544114843e+04
1.143659160241454629e+04
1.144401225938734206e+04
1.145143291635953210e+04
1.145885357333112188e+04
1.146627423030210775e+04
1.147369488727248972e+04
1.148111554424226961e+04
1.148853620121144559e+04
1.149595685818001948e+04
1.150337751514798583e+04
1.151079817211535192e+04
1.151821882911058492e+04
1.152563948610644002e+04
1.153306014310229511e+04
1.154048080009620753e+04
1.154790145708340060e+04
1.155532211407059003e+04
1.156274277105778492e+04
1.157016342804497617e+04
1.157758408503216924e+04
1.158500474201839461e+04
1.159242539900347765e+04
1.159984605598830058e+04
1.160726671297286521e+04
1.161468736995717700e+04
1.162210802694122685e+04
1.162952868392502205e+04
1.163694934090855895e+04
1.164436999789183938e+04
1.165179065487486150e+04
1.165921131185762715e+04
1.166663196884013632e+04
1.167405262582238720e+04
1.168147328280437978e+04
1.168889393978623229e+04
1.169631459676899976e+04
1.170373525375167810e+04
1.171115591073426549e+04
1.171857656771676193e+04
1.172599722469916378e+04
1.173341788168147650e+04
1.174083853866369464e+04
1.174825919564582364e+04
1.175567985262785987e+04
1.176310050960980334e+04
1.177052116659165767e+04
1.177794182357341742e+04
1.178536248055508440e+04
1.179278313753666225e+04
1.180020379451927511e+04
1.180762445150248823e+04
1.181504510848582686e+04
1.182246576546928918e+04
1.182988642245287701e+04
1.183730707943658854e+04
1.184472773642042739e+04
1.185214839340438812e+04
1.185956905038847617e+04
1.186698970737268974e+04
1.187441036435702699e+04
1.188183102134148976e+04
1.188925167832607985e+04
1.189667233531078818e+04
1.190409299229582211e+04
1.191151364928150542e+04
1.191893430626736153e+04
1.192635496325339409e+04
1.193377562023959581e+04
1.194119627722597215e+04
1.194861693421252130e+04
1.195603759119924325e+04
1.196345824818613801e+04
1.197087890517320739e+04
1.197829956216044775e+04
1.198572021914786274e+04
1.199314087613545053e+04
1.200056153312321112e+04
1.200798219011114452e+04
1.201540284709925254e+04
1.202282350408752973e+04
1.203024416107598518e+04
1.203766481806461343e+04
1.204508547505341267e+04
1.205250613204238289e+04
1.205992678903152955e+04
1.206734744602084902e+04
1.207476810301033765e+04
1.208218876000000455e+04
1.208960941698984243e+04
1.209703007397985130e+04
1.210445073097003842e+04
1.211187138796039471e+04
1.211929204494874284e+04
1.212671270193668897e+04
1.213413335892457508e+04
1.214155401591240116e+04
1.214897467290016357e+04
1.215639532988786596e+04
1.216381598687550832e+04
1.217123664386308883e+04
1.217865730085061296e+04
1.218607795783807160e+04
1.219349861482547203e+04
1.220091927181281062e+04
1.220833992880008736e+04
1.221576058578730226e+04
1.222318124277445895e+04
1.223060189976155380e+04
1.223802255674859043e+04
1.224544321373556522e+04
1.225286387072247817e+04
1.226028452770932927e+04
1.226770518469612216e+04
1.227512584168761532e+04
1.228254649868485103e+04
1.228996715568208674e+04
1.229738781267695049e+04
1.230480846966362515e+04
1.231222912665029980e+04
1.231964978363697810e+04
1.232707044062365094e+04
1.233449109761032742e+04
1.234191175459700207e+04
1.234933241158770397e+04
1.235675306857975920e+04
1.236417372557239287e+04
1.237159438256560315e+04
1.237901503955939188e+04
1.238643569655376086e+04
1.239385635354870465e+04
1.240127701054422687e+04
1.240869766754032753e+04
1.241611832453700481e+04
1.242353898153426053e+04
1.243095963853209469e+04
1.243838029553050728e+04
1.244580095252949650e+04
1.245322160952906415e+04
1.246064226652920843e+04
1.246806292351772208e+04
1.247548358050338902e+04
1.248290423748796093e+04
1.249032489447143780e+04
1.249774555145382146e+04
1.250516620843511009e+04
1.251258686541530551e+04
1.252000752239440408e+04
1.252742817937240761e+04
1.253484883634931975e+04
1.254226949332513686e+04
1.254969015029985894e+04
1.255711080727348417e+04
1.256453146424601800e+04
1.257195212121745863e+04
1.257937277818780058e+04
1.258679343516586596e+04
1.259421409214485902e+04
1.260163474912391030e+04
1.260905540610301978e+04
1.261647606308219474e+04
1.262389672006142428e+04
1.263131737704071566e+04
1.263873803402006888e+04
1.264615869099947849e+04
1.265357934797894995e+04
1.266100000495848144e+04
1.266842066193807477e+04
1.267584131891772631e+04
1.268326197589743606e+04
1.269068263287720947e+04
1.269810328985704291e+04
1.270552394684347200e+04
1.271294460383076330e+04
1.272036526081852935e+04
1.272778591780677198e+04
1.273520657479549300e+04
1.274262723178468696e+04
1.275004788877435931e+04
1.275746854576450642e+04
1.276488920275513374e+04
1.277230985974623400e+04
1.277973051673781083e+04
1.278715117372986424e+04
1.279457183072239422e+04
1.280199248771540260e+04
1.280941314470888574e+04
1.281683380170284727e+04
1.282425445869728173e+04
1.283167511569219459e+04
1.283909577268758403e+04
1.284651642968344822e+04
1.285393708667979081e+04
1.286135774367660997e+04
1.286877840067390571e+04
1.287619905767167438e+04
1.288361971466992327e+04
1.289104037166864509e+04
1.289846102866784713e+04
1.290588168566752211e+04
1.291330234266767548e+04
1.292072299966830542e+04
1.292814365666941194e+04
1.293556431367099503e+04
1.294298497067209246e+04
1.295040562767276970e+04
1.295782628467365066e+04
1.296524694167473717e+04
1.297266759867603105e+04
1.298008825567753229e+04
1.298750891267923726e+04
1.299492956968114777e+04
1.300235022668326565e+04
1.300977088368558907e+04
1.301719154068811804e+04
1.302461219769085073e+04
1.303203285468257309e+04
1.303945351167769331e+04
1.304687416867281900e+04
1.305429482566384831e+04
1.306171548264074045e+04
1.306913613961763076e+04
1.307655679659452289e+04
1.308397745357141321e+04
1.309139811054830534e+04
1.309881876752519565e+04
1.310623942450255527e+04
1.311366008148593573e+04
1.312108073847000378e+04
1.312850139545476122e+04
1.313592205244020624e+04
1.314334270942634066e+04
1.315076336641316448e+04
1.315818402340067587e+04
1.316560468038887848e+04
1.317302533737776685e+04
1.318044599436734461e+04
1.318786665135760995e+04
1.319528730834856469e+04
1.320270796534020701e+04
1.321012862233254236e+04
1.321754927932556529e+04
1.322496993631927398e+04
1.323239059331367207e+04
1.323981125030366638e+04
1.324723190728522241e+04
1.325465256426600536e+04
1.326207322124601706e+04
1.326949387822525387e+04
1.327691453520372124e+04
1.328433519218141555e+04
1.329175584915833315e+04
1.329917650613448495e+04
1.330659716310985823e+04
1.331401782008446207e+04
1.332143847705829103e+04
1.332885913403135055e+04
1.333627979100363518e+04
1.334370044797514674e+04
1.335112110494588705e+04
1.335854176191585429e+04
1.336596241888505028e+04
1.337338307586334849e+04
1.338080373284652342e+04
1.338822438983047141e+04
1.339564504681519793e+04
1.340306570380069388e+04
1.341048636078696654e+04
1.341790701777401227e+04
1.342532767476183108e+04
1.343274833175042477e+04
1.344016898873979153e+04
1.344758964572993136e+04
1.345501030272084790e+04
1.346243095971253570e+04
1.346985161670499656e+04
1.347727227369823413e+04
1.348469293069224477e+04
1.349211358768702848e+04
1.349953424468254889e+04
1.350695490166890522e+04
1.351437555865550894e+04
1.352179621564236186e+04
1.352921687262946398e+04
1.353663752961681348e+04
1.354405818660441219e+04
1.355147884359226009e+04
1.355889950058035538e+04
1.356632015756870169e+04
1.357374081455729538e+04
1.358116147154613645e+04
1.358858212853522673e+04
1.359600278552456621e+04
1.360342344251415307e+04
1.361084409950399095e+04
1.361826475649407439e+04
1.362568541348440885e+04
1.363310607047498888e+04
1.364052672746581993e+04
1.364794738445690382e+04
1.365536804144822781e+04
1.366278869843980647e+04
1.367020935543163068e+04
1.367763001242370592e+04
1.368505066941602854e+04
1.369247132640859854e+04
1.369989198340141775e+04
1.370731264039448615e+04
1.371473329738780376e+04
1.372215395438137057e+04
1.372957461137518476e+04
1.373699526836924815e+04
1.374441592536355893e+04
1.375183658235811890e+04
1.375925723935292808e+04
1.376667789634798646e+04
1.377409855334327585e+04
1.378151921033734834e+04
1.378893986731773657e+04
1.379636052430148266e+04
1.380378118128522328e+04
1.381120183827063374e+04
1.381862249526179221e+04
1.382604315225294704e+04
1.383346380924410551e+04
1.384088446623526397e+04
1.384830512322642244e+04
1.385572578021757909e+04
1.386314643720873755e+04
1.387056709420054904e+04
1.387798775119461061e+04
1.388540840818882680e+04
1.389282906518320306e+04
1.390024972217773211e+04
1.390767037917242124e+04
1.391509103616726679e+04
1.392251169316226878e+04
1.392993235015743085e+04
1.393735300715274752e+04
1.394477366414822063e+04
1.395219432114385199e+04
1.395961497813964161e+04
1.396703563513558765e+04
1.397445629213169013e+04
1.398187694912794905e+04
1.398929760612436803e+04
1.399671826312094163e+04
1.400413892011767166e+04
1.401155957711455994e+04
1.401898023411160648e+04
1.402640089110880763e+04
1.403382154810616703e+04
1.404124220510368468e+04
1.404866286210135877e+04
1.405608351909918929e+04
1.406350417609717988e+04
1.407092483309532327e+04
1.407834549009362672e+04
1.408576614709208661e+04
1.409318680409070294e+04
1.410060746108947569e+04
1.410802811808840670e+04
1.411544877508749596e+04
1.412286943208673983e+04
1.413029008908614378e+04
1.413771074607952323e+04
1.414513140307066351e+04
1.415255206006151275e+04
1.415997271705206549e+04
1.416739337404232538e+04
1.417481403103228877e+04
1.418223468802196294e+04
1.418965534501133880e+04
1.419707600200041998e+04
1.420449665898921012e+04
1.421191731597770377e+04
1.421933797296590456e+04
1.422675862995380885e+04
1.423417928694142029e+04
1.424159994392873705e+04
1.424902060091575913e+04
1.425644125790248836e+04
1.426386191488892291e+04
1.427128257187506279e+04
1.427870322886090798e+04
1.428612388584646033e+04
1.429354454283171617e+04
1.430096519981667916e+04
1.430838585680134747e+04
1.431580651378571929e+04
1.432322717076980007e+04
1.433064782775358617e+04
1.433806848473707942e+04
1.434548914172027617e+04
1.435290979870317824e+04
1.436033045568578746e+04
1.436775111266810200e+04
1.437517176965012004e+04
1.438259242663184705e+04
1.439001308361327938e+04
1.439743374059557755e+04
1.440485439758087159e+04
1.441227505456629660e+04
1.441969571155185622e+04
1.442711636853755044e+04
1.443453702552337381e+04
1.444195768250933179e+04
1.444937833949542255e+04
1.445679899648164792e+04
1.446421965346800243e+04
1.447164031045449155e+04
1.447906096744111528e+04
1.448648162442787179e+04
1.449390228141475927e+04
1.450132293840178136e+04
1.450874359538893441e+04
1.451616425237622389e+04
1.452358490936364251e+04
1.453100556635119574e+04
1.453842622333888357e+04
1.454584688032627673e+04
1.455326753730769451e+04
1.456068819428910865e+04
1.456810885127226720e+04
1.457552950826144297e+04
1.458295016525061874e+04
1.459037082223979269e+04
1.459779147922896664e+04
1.460521213621814240e+04
1.461263279320731817e+04
1.462005345019649394e+04
1.462747410718566789e+04
1.463489476417387414e+04
1.464231542115966658e+04
1.464973607814529169e+04
1.465715673513074580e+04
1.466457739211603257e+04
1.467199804910115017e+04
1.467941870608609679e+04
1.468683936307087606e+04
1.469426002005548253e+04
1.470168067703992347e+04
1.470910133402419342e+04
1.471652199100829603e+04
1.472394264799222947e+04
1.473136330497599374e+04
1.473878396195958521e+04
1.474620461894301116e+04
1.475362527592626793e+04
1.476104593290935190e+04
1.476846658989227217e+04
1.477588724687501781e+04
1.478330790385759974e+04
1.479072856084000523e+04
1.479814921782224883e+04
1.480556987480431962e+04
1.481299053178622125e+04
1.482041118876795372e+04
1.482783184574951883e+04
1.483525250273091297e+04
1.484267315971213975e+04
1.485009381669319373e+04
1.485751447367408218e+04
1.486493513065480147e+04
1.487235578763534977e+04
1.487977644461573072e+04
1.488719710159594069e+04
1.489461775857597968e+04
1.490203841555585313e+04
1.490945907253555379e+04
1.491687972951508891e+04
1.492430038650125425e+04
1.493172104348827997e+04
1.493914170047551488e+04
1.494656235746296261e+04
1.495398301445062134e+04
1.496140367143848925e+04
1.496882432842656817e+04
1.497624498541485991e+04
1.498366564240336083e+04
1.499108629939207094e+04
1.499850695638099569e+04
1.500592761337012780e+04
1.501334827035947455e+04
1.502076892734902867e+04
1.502818958433879561e+04
1.503561024132877355e+04
1.504303089831896068e+04
1.505045155530936063e+04
1.505787221229996794e+04
1.506529286929078989e+04
1.507271352628182103e+04
1.508013418327306499e+04
1.508755484026451632e+04
1.509497549725618046e+04
1.510239615424805561e+04
1.510981681124013994e+04
1.511723746823243710e+04
1.512465812522494525e+04
1.513207878221766441e+04
1.513949943921059094e+04
1.514692009620373210e+04
1.515434075319708427e+04
1.516176141019064562e+04
1.516918206718441616e+04
1.517660272417839951e+04
1.518402338117259387e+04
1.519144403816699923e+04
1.519886469516161378e+04
1.520628535215376542e+04
1.521370600914311217e+04
1.522112666613188958e+04
1.522854732312009946e+04
1.523596798010773819e+04
1.524338863709480756e+04
1.525080929408130760e+04
1.525822995106723647e+04
1.526565060805259782e+04
1.527307126503738618e+04
1.528049192202160702e+04
1.528791257900525670e+04
1.529533323598833886e+04
1.530275389297143556e+04
1.531017454995500884e+04
1.531759520693857849e+04
1.532501586392226818e+04
1.533243652090635624e+04
1.533985717789044793e+04
1.534727783487453780e+04
1.535469849185862586e+04
1.536211914884271391e+04
1.536953980582680379e+04
1.537696046281089184e+04
1.538438111979498171e+04
1.539180177677906977e+04
1.539922243376359802e+04
1.540664309074950324e+04
1.541406374773549396e+04
1.542148440472156653e+04
1.542890506170772824e+04
1.543632571869396634e+04
1.544374637568029721e+04
1.545116703266670811e+04
1.545858768965320269e+04
1.546600834663978458e+04
1.547342900362644832e+04
1.548084966061319938e+04
1.548827031760003229e+04
1.549569097458695251e+04
1.550311163157395276e+04
1.551053228856104033e+04
1.551795294554821157e+04
1.552537360253546831e+04
1.553279425952280872e+04
1.554021491651023462e+04
1.554763557349774419e+04
1.555505623048533744e+04
1.556247688747301436e+04
1.556989754446077677e+04
1.557731820144862650e+04
1.558473885843655626e+04
1.559215951542457333e+04
1.559958017241267407e+04
1.560700082940085849e+04
1.561442148638912658e+04
1.562184214337748199e+04
1.562926280036591925e+04
1.563668345735444382e+04
1.564410411434304842e+04
1.565152477133174034e+04
1.565894542832051593e+04
1.566636608530937519e+04
1.567378674229832177e+04
1.568120739928735020e+04
1.568862805627646230e+04
1.569604871326566172e+04
1.570346937025494481e+04
1.571089002724388956e+04
1.571831068423274337e+04
1.572573134122165357e+04
1.573315199821062197e+04
1.574057265519964494e+04
1.574799331218872248e+04
1.575541396917786551e+04
1.576283462616705947e+04
1.577025528315631345e+04
1.577767594014562383e+04
1.578509659713499059e+04
1.579251725412441556e+04
1.579993791111389874e+04
1.580735856810343830e+04
1.581477922509303244e+04
1.582219988208268842e+04
1.582962053907239897e+04
1.583704119606216773e+04
1.584446185305199469e+04
1.585188251004187623e+04
1.585930316703181416e+04
1.586672382402181029e+04
1.587414448101186645e+04
1.588156513800197354e+04
1.588898579499214611e+04
1.589640645198237144e+04
1.590382710897265497e+04
1.591124776596299489e+04
1.591866842295339302e+04
1.592608907994384572e+04
1.593350973693436026e+04
1.594093039392492756e+04
1.594835105091555488e+04
1.595577170790623859e+04
1.596319236489697869e+04
1.597061302188777699e+04
1.597803367887863169e+04
1.598545433586954641e+04
1.599287499286051388e+04
1.600029564985153957e+04
1.600771630684262709e+04
1.601513696383327624e+04
1.602255762082165529e+04
1.602997827780924672e+04
1.603739893479604689e+04
1.604481959178205580e+04
1.605224024876727344e+04
1.605966090575181079e+04
1.606708156273766872e+04
1.607450221972352483e+04
1.608192287671176018e+04
1.608934353370821918e+04
1.609676419070467819e+04
1.610418484770114082e+04
1.611160550469759619e+04
1.611902616169405519e+04
1.612644681869051601e+04
1.613386747568697501e+04
1.614128813268343401e+04
1.614870878967989120e+04
1.615612944667635020e+04
1.616355010367296927e+04
1.617097076067141825e+04
1.617839141766995454e+04
1.618581207466857632e+04
1.619323273166728359e+04
1.620065338866607817e+04
1.620807404566496189e+04
1.621549470266392746e+04
1.622291535966298034e+04
1.623033601666212053e+04
1.623775667366134803e+04
1.624517733066066285e+04
1.625259798766006134e+04
1.626001864465954714e+04
1.626743930165912025e+04
1.627485995865877703e+04
1.628228061565852477e+04
1.628970127265835254e+04
1.629712192965827126e+04
1.630454258665827547e+04
1.631196324365836881e+04
1.631938390065854401e+04
1.632680455765880652e+04
1.633422521465915634e+04
1.634164587165959165e+04
1.634906652866011791e+04
1.635648718566072785e+04
1.636390784266142145e+04
1.637132849966220238e+04
1.637874915666307243e+04
1.638616981366402615e+04
1.639359047066506901e+04
1.640101112766619553e+04
1.640843178466740937e+04
1.641585244166871416e+04
1.642327309867009899e+04
1.643069375567157113e+04
1.643811441267313057e+04
1.644553506967477733e+04
1.645295572667651140e+04
1.646037638367832915e+04
1.646779704068023420e+04
1.647521769768222293e+04
1.648263835468430261e+04
1.649005901168646960e+04
1.649747966868807998e+04
1.650490032568698371e+04
1.651232098268581103e+04
1.651974163968457287e+04
1.652716229668325832e+04
1.653458295368187464e+04
1.654200361068041821e+04
1.654942426767889629e+04
1.655684492467730161e+04
1.656426558167562689e+04
1.657168623867388669e+04
1.657910689567207737e+04
1.658652755267019165e+04
1.659394820966823681e+04
1.660136886666621285e+04
1.660878952366411613e+04
1.661621018066194665e+04
1.662363083765970805e+04
1.663105149465739669e+04
1.663847215165501257e+04
1.664589280865256296e+04
1.665331346565003332e+04
1.666073412264743820e+04
1.666815477964477031e+04
1.667557543664203331e+04
1.668299609363921991e+04
1.669041675063634102e+04
1.669783740763338938e+04
1.670525806463036497e+04
1.671267872162726781e+04
1.672009937862410152e+04
1.672752003562086611e+04
1.673494069261755430e+04
1.674236134961417702e+04
1.674978200661072333e+04
1.675720266360719688e+04
1.676462332060360495e+04
1.677204397759993662e+04
1.677946463459619918e+04
1.678688529159239260e+04
1.679430594858851327e+04
1.680172660558456118e+04
1.680914726258053997e+04
1.681656791956762027e+04
1.682398857654808671e+04
1.683140923352855316e+04
1.683882989051700861e+04
1.684625054753303266e+04
1.685367120454906035e+04
1.686109186156508804e+04
1.686851251858111573e+04
1.687593317559713978e+04
1.688335383261317111e+04
1.689077448962919880e+04
1.689819514664522285e+04
1.690561580366125054e+04
1.691303646067727823e+04
1.692045711769330592e+04
1.692787777470933361e+04
1.693529843171342509e+04
1.694271908871362029e+04
1.695013974571318977e+04
1.695756040271213715e+04
1.696498105971047335e+04
1.697240171670818017e+04
1.697982237370527582e+04
1.698724303070174210e+04
1.699466368769759356e+04
1.700208434469282292e+04
1.700950500168743383e+04
1.701692565868142628e+04
1.702434631567479664e+04
1.703176697266754854e+04
1.703918762965967835e+04
1.704660828665118606e+04
1.705402894364207896e+04
1.706144960063234976e+04
1.706887025762200210e+04
1.707629091461103235e+04
1.708371157159944050e+04
1.709113222858723384e+04
1.709855288557440144e+04
1.710597354256095423e+04
1.711339419954688492e+04
1.712081485653219715e+04
1.712823551351688729e+04
1.713565617050095534e+04
1.714307682748440857e+04
1.715049748446723970e+04
1.715791814144944874e+04
1.716533879843103932e+04
1.717275945541200781e+04
1.718018011239236148e+04
1.718760076937208942e+04
1.719502142635120254e+04
1.720244208332968992e+04
1.720986274030756249e+04
1.721728339728481296e+04
1.722470405426144134e+04
1.723212471123745490e+04
1.723954536821284637e+04
1.724696602518761574e+04
1.725438668216176302e+04
1.726180733913529548e+04
1.726922799610820584e+04
1.727664865308049775e+04
1.728406931005216757e+04
1.729148996702580189e+04
1.729891062400661031e+04
1.730633128098733141e+04
1.731375193796796520e+04
1.732117259494851896e+04
1.732859325192898541e+04
1.733601390890936818e+04
1.734343456588966365e+04
1.735085522286987543e+04
1.735827587984999991e+04
1.736569653683004435e+04
1.737311719381000148e+04
1.738053785078987494e+04
1.738795850776966472e+04
1.739537916474936355e+04
1.740279982172898235e+04
1.741022047870852111e+04
1.741764113568796529e+04
1.742506179266732943e+04
1.743248244964660626e+04
1.743990310662580305e+04
1.744732376360491253e+04
1.745474442058393834e+04
1.746216507756287683e+04
1.746958573454173165e+04
1.747700639152050280e+04
1.748442704849919028e+04
1.749184770547778680e+04
1.749926836245630693e+04
1.750668901943473611e+04
1.751410967641308162e+04
1.752153033339134345e+04
1.752895099036951797e+04
1.753637164734761245e+04
1.754379230432561599e+04
1.755121296130353949e+04
1.755863361828137567e+04
1.756605427525913183e+04
1.757347493224778009e+04
1.758089558922674041e+04
1.758831624620570074e+04
1.759573690319166417e+04
1.760315756020182744e+04
1.761057821721199434e+04
1.761799887422216125e+04
1.762541953123232815e+04
1.763284018824249142e+04
1.764026084525265833e+04
1.764768150226282160e+04
1.765510215927298850e+04
1.766252281628315541e+04
1.766994347329331868e+04
1.767736413030348194e+04
1.768478478731364885e+04
1.769220544432381575e+04
1.769962610133260023e+04
1.770704675833848160e+04
1.771446741534420653e+04
1.772188807234977503e+04
1.772930872935517982e+04
1.773672938636042818e+04
1.774415004336551647e+04
1.775157070037044832e+04
1.775899135737522374e+04
1.776641201437983545e+04
1.777383267138429437e+04
1.778125332838859322e+04
1.778867398539273199e+04
1.779609464239671433e+04
1.780351529940053661e+04
1.781093595640420244e+04
1.781835661340770821e+04
1.782577727041105391e+04
1.783319792741424681e+04
1.784061858441727600e+04
1.784803924142014876e+04
1.785545989842285780e+04
1.786288055542542133e+04
1.787030121242781388e+04
1.787772186943005363e+04
1.788514252643213331e+04
1.789256318343406019e+04
1.789998384043582337e+04
1.790740449743742647e+04
1.791482515443887678e+04
1.792224581144016338e+04
1.792966646844128991e+04
1.793708712544226728e+04
1.794450778244308094e+04
1.795192843944373453e+04
1.795934909644423169e+04
1.796676975344456878e+04
1.797419041044474943e+04
1.798161106744477365e+04
1.798903172444463416e+04
1.799645238144434188e+04
1.800387303844388589e+04
1.801129369544327346e+04
1.801871435244250461e+04
1.802613500944157568e+04
1.803355566644048668e+04
1.804097632343924488e+04
1.804839698043784301e+04
1.805581763743628107e+04
1.806323829443455907e+04
1.807065895143267699e+04
1.807807960843064211e+04
1.808550026542844716e+04
1.809292092241195496e+04
1.810034157939277065e+04
1.810776223637246949e+04
1.811518289335105146e+04
1.812260355032850930e+04
1.813002420730485028e+04
1.813744486428007076e+04
1.814486552125417438e+04
1.815228617822715751e+04
1.815970683519902013e+04
1.816712749216976590e+04
1.817454814913938753e+04
1.818196880610789594e+04
1.818938946307528022e+04
1.819681012004154763e+04
1.820423077700669091e+04
1.821165143397072097e+04
1.821907209093363053e+04
1.822649274789541960e+04
1.823391340485608816e+04
1.824133406181563623e+04
1.824875471877406744e+04
1.825617537573137815e+04
1.826359603268757201e+04
1.827101668964264536e+04
1.827843734659659822e+04
1.828585800354943422e+04
1.829327866050114608e+04
1.830069931745173744e+04
1.830811997440121922e+04
1.831554063134956959e+04
1.832296128829680674e+04
1.833038194526925508e+04
1.833780260222911602e+04
1.834522325918898423e+04
1.835264391615784552e+04
1.836006457315779699e+04
1.836748523015774845e+04
1.837490588715769991e+04
1.838232654415764773e+04
1.838974720115759919e+04
1.839716785815754702e+04
1.840458851515749848e+04
1.841200917215744994e+04
1.841942982915740140e+04
1.842685048615735286e+04
1.843427114315729705e+04
1.844169180015724851e+04
1.844911245715719997e+04
1.845653311415715143e+04
1.846395377115710289e+04
1.847137442815211034e+04
1.847879508514493136e+04
1.848621574213750864e+04
1.849363639912984218e+04
1.850105705612193560e+04
1.850847771311378892e+04
1.851589837010540214e+04
1.852331902709677161e+04
1.853073968408789733e+04
1.853816034107878659e+04
1.854558099806942846e+04
1.855300165505983750e+04
1.856042231204999916e+04
1.856784296903991708e+04
1.857526362602959489e+04
1.858268428301903623e+04
1.859010494000823019e+04
1.859752559699718404e+04
1.860494625398589778e+04
1.861236691097437142e+04
1.861978756796259768e+04
1.862720822495058746e+04
1.863462888193833351e+04
1.864204953892584308e+04
1.864947019591310527e+04
1.865689085290012736e+04
1.866431150988691297e+04
1.867173216687345121e+04
1.867915282385974933e+04
1.868657348084580735e+04
1.869399413783162163e+04
1.870141479481719580e+04
1.870883545180252986e+04
1.871625610878761654e+04
1.872367676577246675e+04
1.873109742275707686e+04
1.873851807974144322e+04
1.874593873672556947e+04
1.875335939370945562e+04
1.876078005069309438e+04
1.876820070767649304e+04
1.877562136465965523e+04
1.878304202164257003e+04
1.879046267862524473e+04
1.879788333560768297e+04
1.880530399258987745e+04
1.881272464957182456e+04
1.882014530655353883e+04
1.882756596353500572e+04
1.883498662051623251e+04
1.884240727749721918e+04
1.884982793447796575e+04
1.885724859145846858e+04
1.886466924843872766e+04
1.887208990541874664e+04
1.887951056239852551e+04
1.888693121937953038e+04
1.889435187637930358e+04
1.890177253338033552e+04
1.890919319038263347e+04
1.891661384738619381e+04
1.892403450439101653e+04
1.893145516139710526e+04
1.893887581840444909e+04
1.894629647541306622e+04
1.895371713242293845e+04
1.896113778943407669e+04
1.896855844644647732e+04
1.897597910346014396e+04
1.898339976047506934e+04
1.899082041749125710e+04
1.899824107450870724e+04
1.900566173152742340e+04
1.901308238854740193e+04
1.902050304556864285e+04
1.902792370259114250e+04
1.903534435961490817e+04
1.904276501663993986e+04
1.905018567366623029e+04
1.905760633069378309e+04
1.906502698772260192e+04
1.907244764475268312e+04
1.907986830178402670e+04
1.908728895874991576e+04
1.909470961572262604e+04
1.910213027269533632e+04
1.910955092967415840e+04
1.911697158667410986e+04
1.912439224367406132e+04
1.913181290067401278e+04
1.913923355767396424e+04
1.914665421467391207e+04
1.915407487167386353e+04
1.916149552867381135e+04
1.916891618567376281e+04
1.917633684267371427e+04
1.918375749967366573e+04
1.919117815667361356e+04
1.919859881367356502e+04
1.920601947067351648e+04
1.921344012767346430e+04
1.922086078467341576e+04
1.922828144167336723e+04
1.923570209867331869e+04
1.924312275567007964e+04
1.925054341266644042e+04
1.925796406966268478e+04
1.926538472665882000e+04
1.927280538365483881e+04
1.928022604065074847e+04
1.928764669764654536e+04
1.929506735464222947e+04
1.930248801163780081e+04
1.930990866863325937e+04
1.931732932562860879e+04
1.932474998262384179e+04
1.933217063961896565e+04
1.933959129661397674e+04
1.934701195360887141e+04
1.935443261060366058e+04
1.936185326759832969e+04
1.936927392459289695e+04
1.937669458158734778e+04
1.938411523858168221e+04
1.939153589557590385e+04
1.939895655257001999e+04
1.940637720956401608e+04
1.941379786655790303e+04
1.942121852355168085e+04
1.942863918054534224e+04
1.943605983753889450e+04
1.944348049453233398e+04
1.945090115152566068e+04
1.945832180851887460e+04
1.946574246551197575e+04
1.947316312250496412e+04
1.948058377949783971e+04
1.948800443649060617e+04
1.949542509348325984e+04
1.950284575047580074e+04
1.951026640746822522e+04
1.951768706446054421e+04
1.952510772145274677e+04
1.953252837844483656e+04
1.953994903543681721e+04
1.954736969242868508e+04
1.955479034942044018e+04
1.956221100641207886e+04
1.956963166340361204e+04
1.957705232039502516e+04
1.958447297738632915e+04
1.959189363437752399e+04
1.959931429136860606e+04
1.960673494835957536e+04
1.961415560535042823e+04
1.962157626234117197e+04
1.962899691933180657e+04
1.963641757632232475e+04
1.964383823331273015e+04
1.965125889030302642e+04
1.965867954729320991e+04
1.966610020428328062e+04
1.967352086127323855e+04
1.968094151826308371e+04
1.968836217525281609e+04
1.969578283223770268e+04
1.970320348922035919e+04
1.971062414620228083e+04
1.971804480318348214e+04
1.972546546016394859e+04
1.973288611714368744e+04
1.974030677412269870e+04
1.974772743110097872e+04
1.975514808807853478e+04
1.976256874505535961e+04
1.976998940203145685e+04
1.977741005900682649e+04
1.978483071598146489e+04
1.979225137295537934e+04
1.979967202992855891e+04
1.980709268690101453e+04
1.981451334387273528e+04
1.982193400084373570e+04
1.982935465781400490e+04
1.983677531478354649e+04
1.984419597179854463e+04
1.985161662884120960e+04
1.985903728588386730e+04
1.986645794292146456e+04
1.987387859994154132e+04
1.988129925696162172e+04
1.988871991398170212e+04
1.989614057100177888e+04
1.990356122802186292e+04
1.991098188504193604e+04
1.991840254206201644e+04
1.992582319908209320e+04
1.993324385610216996e+04
1.994066451312225399e+04
1.994808517014233075e+04
1.995550582716240751e+04
1.996292648418248427e+04
1.997034714120256467e+04
1.997776779822264143e+04
1.998518845524272183e+04
1.999260911226279859e+04
2.000002976928287899e+04
2.000745042630295939e+04
2.001487108331775380e+04
2.002229174033186791e+04
2.002971239734581104e+04
2.003713305435958318e+04
2.004455371137317707e+04
2.005197436838659996e+04
2.005939502539984824e+04
2.006681568241292916e+04
2.007423633942583183e+04
2.008165699643855987e+04
2.008907765345111693e+04
2.009649831046349937e+04
2.010391896747571445e+04
2.011133962448775128e+04
2.011876028149961348e+04
2.012618093851130834e+04
2.013360159552282494e+04
2.014102225253416691e+04
2.014844290954534154e+04
2.015586356655633790e+04
2.016328422356716328e+04
2.017070488057781768e+04
2.017812553758829745e+04
2.018554619459860260e+04
2.019296685160873312e+04
2.020038750861869266e+04
2.020780816562848122e+04
2.021522882263809151e+04
2.022264947964753082e+04
2.023007013665679915e+04
2.023749079366589285e+04
2.024491145067481193e+04
2.025233210768356003e+04
2.025975276469213350e+04
2.026717342170053234e+04
2.027459407870876021e+04
2.028201473571681709e+04
2.028943539272469570e+04
2.029685604973239970e+04
2.030427670673993634e+04
2.031169736374729473e+04
2.031911802075448577e+04
2.032653867776150219e+04
2.033395933476834398e+04
2.034137999177501115e+04
2.034880064878150733e+04
2.035622130578783253e+04
2.036364196279398311e+04
2.037106261979995179e+04
2.037848327680575676e+04
2.038590393381138711e+04
2.039332459081683919e+04
2.040074524782212393e+04
2.040816590482723404e+04
2.041558656183217317e+04
2.042300721883693404e+04
2.043042787584152393e+04
2.043784853284593919e+04
2.044526918985018710e+04
2.045268984685425676e+04
2.046011050385815543e+04
2.046753116086187947e+04
2.047495181786543253e+04
2.048237247486880733e+04
2.048979313187201114e+04
2.049721378887504397e+04
2.050463444587434060e+04
2.051205510287242942e+04
2.051947575986976517e+04
2.052689641686633695e+04
2.053431707386214475e+04
2.054173773085719586e+04
2.054915838785148662e+04
2.055657904484501705e+04
2.056399970183778350e+04
2.057142035882979326e+04
2.057884101582104267e+04
2.058626167281153175e+04
2.059368232980126049e+04
2.060110298679607513e+04
2.060852364377261983e+04
2.061594430074916454e+04
2.062336495772590570e+04
2.063078561470331624e+04
2.063820627168072315e+04
2.064562692865813005e+04
2.065304758563554060e+04
2.066046824261294751e+04
2.066788889959035441e+04
2.067530955656776496e+04
2.068273021354517550e+04
2.069015087052258241e+04
2.069757152749998932e+04
2.070499218447739986e+04
2.071241284145480677e+04
2.071983349843221367e+04
2.072725415540962058e+04
2.073467481238703112e+04
2.074209546936444167e+04
2.074951612634184858e+04
2.075693678331925548e+04
2.076435744029666603e+04
2.077177809727407293e+04
2.077919875425148348e+04
2.078661941123445285e+04
2.079404006822016163e+04
2.080146072520609232e+04
2.080888138219225220e+04
2.081630203917863400e+04
2.082372269616524136e+04
2.083114335315207791e+04
2.083856401013913637e+04
2.084598466712642039e+04
2.085340532411392633e+04
2.086082598110166509e+04
2.086824663808962578e+04
2.087566729507781565e+04
2.088308795206622381e+04
2.089050860905486479e+04
2.089792926604372406e+04
2.090534992303281251e+04
2.091277058002212289e+04
2.092019123701166245e+04
2.092761189400142757e+04
2.093503255099141461e+04
2.094245320798163084e+04
2.094987386497207262e+04
2.095729452196273633e+04
2.096471517895362922e+04
2.097213583594474403e+04
2.097955649293608803e+04
2.098697714992765395e+04
2.099439780691944543e+04
2.100181846391146246e+04
2.100923912090370868e+04
2.101665977789617318e+04
2.102408043488887051e+04
2.103150109188178976e+04
2.103892174887493456e+04
2.104634240586830492e+04
2.105376306286190083e+04
2.106118371985571866e+04
2.106860437684976932e+04
2.107602503384404190e+04
2.108344569083854003e+04
2.109086634783326008e+04
2.109828700482820568e+04
2.110570766182338048e+04
2.111312831881878083e+04
2.112054897581440309e+04
2.112796963281025455e+04
2.113539028980632793e+04
2.114281094680263050e+04
2.115023160379915862e+04
2.115765226079590866e+04
2.116507291779288425e+04
2.117249357479008904e+04
2.117991423178751211e+04
2.118733488878516800e+04
2.119475554578304582e+04
2.120217620278114919e+04
2.120959685977947811e+04
2.121701751677803259e+04
2.122443817377681262e+04
2.123185883077581821e+04
2.123927948777504571e+04
2.124670014477450241e+04
2.125412080177418466e+04
2.126154145877408882e+04
2.126896211577422582e+04
2.127638277277458110e+04
2.128380342977516557e+04
2.129122408677596832e+04
2.129864474377700390e+04
2.130606540077826503e+04
2.131348605777663033e+04
2.132090671476916759e+04
2.132832737175940565e+04
2.133574802874734451e+04
2.134316868573298416e+04
2.135058934271632461e+04
2.135800999971080091e+04
2.136543065671670047e+04
2.137285131372260003e+04
2.138027197072845956e+04
2.138769262773418450e+04
2.139511328473990943e+04
2.140253394174563800e+04
2.140995459875136294e+04
2.141737525575708787e+04
2.142479591276281280e+04
2.143221656976854138e+04
2.143963722677426267e+04
2.144705788377999124e+04
2.145447854078571982e+04
2.146189919779144475e+04
2.146931985479716968e+04
2.147674051180289825e+04
2.148416116880861955e+04
2.149158182581434812e+04
2.149900248282007306e+04
2.150642313982579799e+04
2.151384379683152292e+04
2.152126445383725149e+04
2.152868511084297643e+04
2.153610576784870136e+04
2.154352642485442630e+04
2.155094708186015487e+04
2.155836773886653828e+04
2.156578839587536640e+04
2.157320905288427821e+04
2.158062970989327368e+04
2.158805036690235283e+04
2.159547102391150838e+04
2.160289168092075124e+04
2.161031233793007050e+04
2.161773299493947707e+04
2.162515365194896367e+04
2.163257430895853395e+04
2.163999496596818790e+04
2.164741562297791825e+04
2.165483627998772863e+04
2.166225693699762996e+04
2.166967759400761133e+04
2.167709825101766910e+04
2.168451890802781418e+04
2.169193956503803929e+04
2.169936022204834808e+04
2.170678087905874054e+04
2.171420153606920940e+04
2.172162219307976193e+04
2.172904285009040177e+04
2.173646350710111801e+04
2.174388416411192156e+04
2.175130482112280151e+04
2.175872547813376514e+04
2.176614613514481243e+04
2.177356679215594340e+04
2.178098744916715077e+04
2.178840810617844545e+04
2.179582876318982017e+04
2.180324942020127855e+04
2.181067007721281698e+04
2.181809073422443907e+04
2.182551139123614121e+04
2.183293204824792701e+04
2.184035270525979286e+04
2.184777336227174237e+04
2.185519401928377192e+04
2.186261467629588878e+04
2.187003533330808204e+04
2.187745599032036262e+04
2.188487664733271959e+04
2.189229730434516387e+04
2.189971796135768818e+04
2.190713861837029253e+04
2.191455927538298056e+04
2.192197993239575226e+04
2.192940058940860399e+04
2.193682124642153940e+04
2.194424190343455484e+04
2.195166256044765396e+04
2.195908321746083311e+04
2.196650387447409594e+04
2.197392453148744244e+04
2.198134518850086897e+04
2.198876584551437554e+04
2.199618650252796942e+04
2.200360715954164334e+04
2.201102781655539366e+04
2.201844847356923492e+04
2.202586913058315258e+04
2.203328978759715392e+04
2.204071044461123893e+04
2.204813110162540397e+04
2.205555175863965269e+04
2.206297241565397781e+04
2.207039307266839387e+04
2.207781372968288633e+04
2.208523438669746247e+04
2.209265504371212228e+04
2.210007570072686212e+04
2.210749635774168564e+04
2.211491701472512432e+04
2.212233767170714418e+04
2.212975832868916405e+04
2.213717898567784505e+04
2.214459964268951808e+04
2.215202029970118747e+04
2.215944095671286414e+04
2.216686161372454080e+04
2.217428227073621019e+04
2.218170292774788686e+04
2.218912358475955989e+04
2.219654424177123292e+04
2.220396489878290595e+04
2.221138555579458261e+04
2.221880621280625564e+04
2.222622686981792504e+04
2.223364752682960170e+04
2.224106818384127837e+04
2.224848884085295140e+04
2.225590949786462443e+04
2.226333015487629746e+04
2.227075081188797412e+04
2.227817146889964351e+04
2.228559212591132018e+04
2.229301278292299321e+04
2.230043343993466988e+04
2.230785409694634291e+04
2.231527475395801594e+04
2.232269541096968896e+04
2.233011606798136199e+04
2.233753672499137974e+04
2.234495738199945117e+04
2.235237803900742801e+04
2.235979869601530663e+04
2.236721935302308339e+04
2.237464001003076191e+04
2.238206066703834222e+04
2.238948132404582793e+04
2.239690198105321906e+04
2.240432263806050832e+04
2.241174329506769573e+04
2.241916395207478854e+04
2.242658460908177949e+04
2.243400526608867949e+04
2.244142592309547399e+04
2.244884658010217390e+04
2.245626723710877559e+04
2.246368789411527905e+04
2.247110855112168065e+04
2.247852920812799130e+04
2.248594986513420008e+04
2.249337052214031428e+04
2.250079117914632661e+04
2.250821183615224072e+04
2.251563249315805660e+04
2.252305315016377790e+04
2.253047380716940097e+04
2.253789446417491854e+04
2.254531512118034152e+04
2.255273577818566991e+04
2.256015643519089645e+04
2.256757709219602839e+04
2.257499774920105847e+04
2.258241840620599032e+04
2.258983906321082759e+04
2.259725972021556663e+04
2.260468037722020745e+04
2.261210103422475004e+04
2.261952169122919076e+04
2.262694234823353690e+04
2.263436300523778482e+04
2.264178366224193451e+04
2.264920431924598597e+04
2.265662497624993921e+04
2.266404563325379422e+04
2.267146629025755101e+04
2.267888694726120593e+04
2.268630760426476991e+04
2.269372826126823202e+04
2.270114891827159590e+04
2.270856957527485793e+04
2.271599023227803264e+04
2.272341088928110184e+04
2.273083154628407283e+04
2.273825220328694559e+04
2.274567286028972376e+04
2.275309351729240007e+04
2.276051417429497815e+04
2.276793483129746164e+04
2.277535548829984327e+04
2.278277614530213032e+04
2.279019680230431914e+04
2.279761745930640609e+04
2.280503811630839482e+04
2.281245877331028896e+04
2.281987943031208488e+04
2.282730008731378257e+04
2.283472074431538203e+04
2.284214140131687964e+04
2.284956205831828265e+04
2.285698271531958744e+04
2.286440337232079037e+04
2.287182402931280376e+04
2.287924468630111369e+04
2.288666534328943089e+04
2.289408600028155342e+04
2.290150665728684908e+04
2.290892731429214473e+04
2.291634797129744402e+04
2.292376862830273603e+04
2.293118928530802805e+04
2.293860994231332006e+04
2.294603059931862299e+04
2.295345125632391500e+04
2.296087191332921066e+04
2.296829257033450267e+04
2.297571322733980196e+04
2.298313388434509397e+04
2.299055454135038963e+04
2.299797519835568528e+04
2.300539585536097729e+04
2.301281651236627295e+04
2.302023716937156860e+04
2.302765782637686061e+04
2.303507848338215990e+04
2.304249914038745192e+04
2.304991979739274393e+04
2.305734045439804322e+04
2.306476111140333524e+04
2.307218176840863089e+04
2.307960242541392654e+04
2.308702308241922583e+04
2.309444373942451784e+04
2.310186439642980986e+04
2.310928505343510915e+04
2.311670571044238022e+04
2.312412636745319469e+04
2.313154702446510055e+04
2.313896768147807597e+04
2.314638833849213552e+04
2.315380899550727554e+04
2.316122965252348513e+04
2.316865030954078611e+04
2.317607096655916394e+04
