4.746900000000000728e+04
4.736499006150535570e+04
4.726245059200856485e+04
4.716122211597872956e+04
4.706137375244272698e+04
4.696289691814412072e+04
4.686572974882386916e+04
4.676983892275382095e+04
4.667526301652081020e+04
4.658197850416944129e+04
4.648982188430491078e+04
4.639889057210661122e+04
4.630918456757453532e+04
4.622055926256208477e+04
4.613302789210043557e+04
4.604662815215977025e+04
4.596130260096312850e+04
4.587692497559262847e+04
4.579356166679407761e+04
4.571120112003205577e+04
4.562983178077115736e+04
4.554944209447599133e+04
4.546996798157820012e+04
4.539136101648771728e+04
4.531364043480819237e+04
4.523678669842873933e+04
4.516078026923851576e+04
4.508560160912669380e+04
4.501122398108513153e+04
4.493762730819222634e+04
4.486479387221182697e+04
4.479270334720109531e+04
4.472133540721716417e+04
4.465066972631715907e+04
4.458071631597245869e+04
4.451144565912645339e+04
4.444283589170915366e+04
4.437486924017100682e+04
4.430752793096254754e+04
4.424079501849100052e+04
4.417469565757429518e+04
4.410918930504340096e+04
4.404426124976156279e+04
4.397989678059202561e+04
4.391608118639800523e+04
4.385280561084271176e+04
4.379008325080465147e+04
4.372788340392566170e+04
4.366619388929279376e+04
4.360500252599306987e+04
4.354429713311351952e+04
4.348407420215498132e+04
4.342433632133010542e+04
4.336506163208822545e+04
4.330623986664373660e+04
4.324786075721098314e+04
4.318991403600437479e+04
4.313239966980450845e+04
4.307531341088940826e+04
4.301863960966904415e+04
4.296236947460513329e+04
4.290649421415936376e+04
4.285100503679347457e+04
4.279590455337242747e+04
4.274118408508774883e+04
4.268683235308507574e+04
4.263284176379977725e+04
4.257920472366720060e+04
4.252591363912272209e+04
4.247297330048163712e+04
4.242037184149403038e+04
4.236810132048277592e+04
4.231615515120794589e+04
4.226452674742959061e+04
4.221321010852861218e+04
4.216221310802591324e+04
4.211152143329782848e+04
4.206112956850338378e+04
4.201103199922681961e+04
4.196122321247754007e+04
4.191169769669018569e+04
4.186244994172455336e+04
4.181347443886561086e+04
4.176476568082356243e+04
4.171632332515380403e+04
4.166815178930132242e+04
4.162023765646229003e+04
4.157257652018453518e+04
4.152516403644118691e+04
4.147799592363066040e+04
4.143106796257667156e+04
4.138437599652823701e+04
4.133791593115967407e+04
4.129168373457058624e+04
4.124567955076886574e+04
4.119990045939740958e+04
4.115434087096239091e+04
4.110899757488980686e+04
4.106386746321697137e+04
4.101894753059252253e+04
4.097423487427635700e+04
4.092972669413976837e+04
4.088542029266529426e+04
4.084142522514284792e+04
4.079761133250341663e+04
4.075392616968204675e+04
4.071043612272353494e+04
4.066711652486019739e+04
4.062396705711964023e+04
4.058099976140385843e+04
4.053820827302079124e+04
4.049558894464851619e+04
4.045313971439300803e+04
4.041086343708216737e+04
4.036876011271600146e+04
4.032682974129450304e+04
4.028503488736900908e+04
4.024340232022512646e+04
4.020193332872028986e+04
4.016062791285451385e+04
4.011948607262778387e+04
4.007850780804011447e+04
4.003769311909149110e+04
3.999701059043692658e+04
3.995646278484277718e+04
3.991606598618270073e+04
3.987582019445671904e+04
3.983572540966481029e+04
3.979578163180699630e+04
3.975598886088325526e+04
3.971633311490433698e+04
3.967678660939830297e+04
3.963737861279744538e+04
3.959810912510177877e+04
3.955897814631129586e+04
3.951998567642600392e+04
3.948113171544589568e+04
3.944241626337096386e+04
3.940379262402457243e+04
3.936529195315380639e+04
3.932691531051829952e+04
3.928866202619147953e+04
3.925053143024675956e+04
3.921252285275755276e+04
3.917463562379726500e+04
3.913686907343933126e+04
3.909922253175715014e+04
3.906169532882414205e+04
3.902428679471371288e+04
3.898699625949929759e+04
3.894981830666097085e+04
3.891273365931193985e+04
3.887575881914614001e+04
3.883889267336802004e+04
3.880213410918203590e+04
3.876548201379264356e+04
3.872893527440429898e+04
3.869249277822146541e+04
3.865615341244859155e+04
3.861991606429014064e+04
3.858377962095057592e+04
3.854774296963434608e+04
3.851180499754589982e+04
3.847596428145598475e+04
3.844021948074992542e+04
3.840456984010024462e+04
3.836901423397370672e+04
3.833355153683708340e+04
3.829818062315715360e+04
3.826290036740066716e+04
3.822770964403441030e+04
3.819260732752515469e+04
3.815759229233964288e+04
3.812266341294466838e+04
3.808781956380698830e+04
3.805305961939338158e+04
3.801838918663228105e+04
3.798380581346360850e+04
3.794930547513354395e+04
3.791488721986074233e+04
3.788055009586382948e+04
3.784629315136146033e+04
3.781211543457227526e+04
3.777801599371492921e+04
3.774399387700806255e+04
3.771004813267030113e+04
3.767617780892032897e+04
3.764238195397675736e+04
3.760865961605824850e+04
3.757501999611427891e+04
3.754145562555830111e+04
3.750796468034894497e+04
3.747454639720878913e+04
3.744120001286042680e+04
3.740792476402646571e+04
3.737471988742949179e+04
3.734158461979207641e+04
3.730851819783684914e+04
3.727551985828635225e+04
3.724258883786321530e+04
3.720972437329000968e+04
3.717692586445226334e+04
3.714419439707920537e+04
3.711152902937184263e+04
3.707892930466894177e+04
3.704643446817777294e+04
3.701400114349524665e+04
3.698161063600736088e+04
3.694928179256973090e+04
3.691701325734844431e+04
3.688480093232792569e+04
3.685265070487058256e+04
3.682056080228500650e+04
3.678853064904686471e+04
3.675655982812366710e+04
3.672464862532405823e+04
3.669279704224538727e+04
3.666100507888765424e+04
3.662927273525086639e+04
3.659759359169323579e+04
3.656596656380854984e+04
3.653439686082984554e+04
3.650288448275713017e+04
3.647142942959040374e+04
3.644003170132965897e+04
3.640869129797489586e+04
3.637740821952611441e+04
3.634618246598333644e+04
3.631501403734652558e+04
3.628389476812691282e+04
3.625282023073641176e+04
3.622179955123583204e+04
3.619083272962518095e+04
3.615991976590445120e+04
3.612906066007363552e+04
3.609825541213275574e+04
3.606750402208179003e+04
3.603680648992073839e+04
3.600616281564961537e+04
3.597556612054066500e+04
3.594500899028826097e+04
3.591450213400635403e+04
3.588404555169492960e+04
3.585363924335398769e+04
3.582328320898352831e+04
3.579297744858356600e+04
3.576272196215407166e+04
3.573251674969507440e+04
3.570236181120656693e+04
3.567225205491192901e+04
3.564217739509262901e+04
3.561214893194760953e+04
3.558216652053868165e+04
3.555223001592762012e+04
3.552233927317625785e+04
3.549249414734636957e+04
3.546269449349978822e+04
3.543294016669829580e+04
3.540323102200368885e+04
3.537356691447777121e+04
3.534394769918236125e+04
3.531437323117923370e+04
3.528484336553022149e+04
3.525535795729710662e+04
3.522591686154168565e+04
3.519651993332577695e+04
3.516716702771118435e+04
3.513784922805485257e+04
3.510857122412807075e+04
3.507933485523782292e+04
3.505013987520108640e+04
3.502098603783489671e+04
3.499187309695623844e+04
3.496280080638215441e+04
3.493376891992962919e+04
3.490477719141566922e+04
3.487582537465731730e+04
3.484691322347156529e+04
3.481804049167540506e+04
3.478920693308589398e+04
3.476041230152000207e+04
3.473165635079475760e+04
3.470293883472717425e+04
3.467425950713423663e+04
3.464561781408843672e+04
3.461701298969779600e+04
3.458844543191434059e+04
3.455991488480121916e+04
3.453142109242155857e+04
3.450296379883852205e+04
3.447454274811525829e+04
3.444615768431490869e+04
3.441780835150060011e+04
3.438949449373550306e+04
3.436121585508275894e+04
3.433297217960549460e+04
3.430476321136688057e+04
3.427658869443002914e+04
3.424844837285811809e+04
3.422034199071428156e+04
3.419226929206166824e+04
3.416423002096341952e+04
3.413622441164662450e+04
3.410825219956511864e+04
3.408031310055793438e+04
3.405240691120910924e+04
3.402453342810265895e+04
3.399671057419895078e+04
3.396891764154296834e+04
3.394114652165820007e+04
3.391340931391906634e+04
3.388570050212765636e+04
3.385802133167256397e+04
3.383037375748896739e+04
3.380275658005564765e+04
3.377517030909299501e+04
3.374761475127860467e+04
3.372008979008027381e+04
3.369259542549798789e+04
3.366513165753174690e+04
3.363769807549021789e+04
3.361029073079392401e+04
3.358291318000449974e+04
3.355556542312192323e+04
3.352824746014621633e+04
3.350095929107735719e+04
3.347370091591536766e+04
3.344647233466023317e+04
3.341927354731195373e+04
3.339210455387053662e+04
3.336496535433598183e+04
3.333785297788621392e+04
3.331076499888538092e+04
3.328370547445719421e+04
3.325667440460166836e+04
3.322967178931877424e+04
3.320269762860852643e+04
3.317575192247093219e+04
3.314883467090597696e+04
3.312194587391367531e+04
3.309508553149401996e+04
3.306825364364701090e+04
3.304144443791151571e+04
3.301466004498842813e+04
3.298790266986921779e+04
3.296117231255388469e+04
3.293446897304242157e+04
3.290779265133483568e+04
3.288114334743109794e+04
3.285452106133124471e+04
3.282792579303526873e+04
3.280135754254315543e+04
3.277481622896025510e+04
3.274829295093931432e+04
3.272179492737528926e+04
3.269532210725750338e+04
3.266887443957530559e+04
3.264245187331803754e+04
3.261605435747505180e+04
3.258968184103566455e+04
3.256333427298924653e+04
3.253701160232512484e+04
3.251071377803265204e+04
3.248444074910116979e+04
3.245819246452001607e+04
3.243196887327853256e+04
3.240576992436606815e+04
3.237959556677196088e+04
3.235344574948556328e+04
3.232732042149620247e+04
3.230121953179323464e+04
3.227514302936600143e+04
3.224909077641690237e+04
3.222305652311860831e+04
3.219704557260262663e+04
3.217105782952385198e+04
3.214509319853716079e+04
3.211915158429742951e+04
3.209323289145956733e+04
3.206733702467845796e+04
3.204146388860898151e+04
3.201561338790603986e+04
3.198978542722450584e+04
3.196397991121928135e+04
3.193819674454523556e+04
3.191243583185727402e+04
3.188669707781028774e+04
3.186098038705914951e+04
3.183528566425875033e+04
3.180961281406398484e+04
3.178396174112974404e+04
3.175833235011091892e+04
3.173272452598137170e+04
3.170713710742319745e+04
3.168157089149890089e+04
3.165602577085181474e+04
3.163050163812530081e+04
3.160499838596272821e+04
3.157951590700744055e+04
3.155405409390279965e+04
3.152861283929216370e+04
3.150319203581888723e+04
3.147779157612631752e+04
3.145241135285782730e+04
3.142705125865676746e+04
3.140171118616648891e+04
3.137639102803034984e+04
3.135109067689170843e+04
3.132581002539392648e+04
3.130055789267683940e+04
3.127532282058358032e+04
3.125010358584729329e+04
3.122490334075359715e+04
3.119972124357849680e+04
3.117455892569571370e+04
3.114941510167744491e+04
3.112428977152368680e+04
3.109918320253492857e+04
3.107409546331041565e+04
3.104902635677725266e+04
3.102397588293541412e+04
3.099894404178490367e+04
3.097393083332572132e+04
3.094893625755788162e+04
3.092395785399159286e+04
3.089899748090796129e+04
3.087405532091269924e+04
3.084913137400581036e+04
3.082422564018730918e+04
3.079933811945717753e+04
3.077446881181541903e+04
3.074961771726204461e+04
3.072478483579705426e+04
3.069997016742041887e+04
3.067517371213216757e+04
3.065039471785305068e+04
3.062563005201079068e+04
3.060088289155682651e+04
3.057615323649116181e+04
3.055144108681379294e+04
3.052674644252470534e+04
3.050206930362392450e+04
3.047740967011142857e+04
3.045276754198722847e+04
3.042814291925131693e+04
3.040353580190370485e+04
3.037894618994437769e+04
3.035437206923348640e+04
3.032981224594530067e+04
3.030526916061024167e+04
3.028074281322833122e+04
3.025623320379953657e+04
3.023174033232388683e+04
3.020726419880137109e+04
3.018280480323198572e+04
3.015836214561572706e+04
3.013393622595262059e+04
3.010952704424263720e+04
3.008513460048578781e+04
3.006075531828077146e+04
3.003639031769810026e+04
3.001204107939883397e+04
2.998770757839882208e+04
2.996338978971386678e+04
2.993908768835978117e+04
2.991480124935239655e+04
2.989053044770751876e+04
2.986627525844096817e+04
2.984203565656856154e+04
2.981781161710614469e+04
2.979360311506948710e+04
2.976941012547445280e+04
2.974523262333682578e+04
2.972107058367244827e+04
2.969692398149712972e+04
2.967279279182668688e+04
2.964867698967694014e+04
2.962457655006370624e+04
2.960049144800280919e+04
2.957642165851005848e+04
2.955236715660127811e+04
2.952832565938414700e+04
2.950429740793927340e+04
2.948028383208548985e+04
2.945628488416320397e+04
2.943230051651280155e+04
2.940833068147469385e+04
2.938437533138927029e+04
2.936043441859692393e+04
2.933650789543805513e+04
2.931259571425305330e+04
2.928869782738232607e+04
2.926481418716626649e+04
2.924094474594526037e+04
2.921708945605972622e+04
2.919324826985004620e+04
2.916942113965660610e+04
2.914560801781981354e+04
2.912180885668007613e+04
2.909802360857777967e+04
2.907425222585331358e+04
2.905049466084708547e+04
2.902675086589948114e+04
2.900302063483926031e+04
2.897930380915472779e+04
2.895560045643269768e+04
2.893191051456351124e+04
2.890823392143753517e+04
2.888457061494508525e+04
2.886092053297652092e+04
2.883728361342218341e+04
2.881366537649432939e+04
2.879005832374525198e+04
2.876646237703917359e+04
2.874287880560019767e+04
2.871930796420048136e+04
2.869575007109481157e+04
2.867220456514465332e+04
2.864867144634999568e+04
2.862515108132972091e+04
2.860164332684332112e+04
2.857814808495491889e+04
2.855466535566450329e+04
2.853119513897208526e+04
2.850773743487766478e+04
2.848429224338123822e+04
2.846085812377291586e+04
2.843743610960033038e+04
2.841402636909877765e+04
2.839062890226825766e+04
2.836724370910875950e+04
2.834387078962029773e+04
2.832051014380285778e+04
2.829716177165646513e+04
2.827382567318109432e+04
2.825050184837675988e+04
2.822719029724345091e+04
2.820389101978117469e+04
2.818060304050701234e+04
2.815732303023860004e+04
2.813405478341344133e+04
2.811079830003151437e+04
2.808755358009284100e+04
2.806432062359741030e+04
2.804109943054522591e+04
2.801789000093628783e+04
2.799469233477058515e+04
2.797150643204814332e+04
2.794833229276892962e+04
2.792516991693297678e+04
2.790201930454025569e+04
2.787888045559077727e+04
2.785575337008455244e+04
2.783263804802157392e+04
2.780953448940184171e+04
2.778644269422535217e+04
2.776336266249210530e+04
2.774029439420209746e+04
2.771723198826561566e+04
2.769418000381991078e+04
2.767113912695529871e+04
2.764810935767176488e+04
2.762509069596931658e+04
2.760208314184795381e+04
2.757908669530766565e+04
2.755610135634845938e+04
2.753312712497034227e+04
2.751016400117330704e+04
2.748721198495734643e+04
2.746427107632248226e+04
2.744134127526868906e+04
2.741842258179598502e+04
2.739551499590435924e+04
2.737261851759381534e+04
2.734973314686434969e+04
2.732685888371597684e+04
2.730399572814868588e+04
2.728113980748488393e+04
2.725829173080984037e+04
2.723545409716447102e+04
2.721262690654879043e+04
2.718981015896278404e+04
2.716700385440645914e+04
2.714420799287980844e+04
2.712142257438284287e+04
2.709864759891555150e+04
2.707588306647794525e+04
2.705312897707001321e+04
2.703038533069175173e+04
2.700765212734318266e+04
2.698492936702429142e+04
2.696221704973507076e+04
2.693951517547553522e+04
2.691682374424567752e+04
2.689414275604549766e+04
2.687147221087499929e+04
2.684881071839910146e+04
2.682615572648800662e+04
2.680351057984724685e+04
2.678087527847684032e+04
2.675824982237677614e+04
2.673563421154704702e+04
2.671302844598767115e+04
2.669043252569863762e+04
2.666784645067994279e+04
2.664527022093159394e+04
2.662270383645359834e+04
2.660014729724593781e+04
2.657760060330861961e+04
2.655506375464165831e+04
2.653253675124502843e+04
2.651001959311874089e+04
2.648751228026280660e+04
2.646501835312138428e+04
2.644253235310042874e+04
2.642005420320249323e+04
2.639758483443341174e+04
2.637512450670830367e+04
2.635267339954055933e+04
2.633023107660582900e+04
2.630779753790408722e+04
2.628537301004760593e+04
2.626295751078348621e+04
2.624055089535438310e+04
2.621815316376032206e+04
2.619576431600127398e+04
2.617338435207726798e+04
2.615101327198828949e+04
2.612865076582423717e+04
2.610629622752617433e+04
2.608395041540764214e+04
2.606161332946863331e+04
2.603928496970914057e+04
2.601696533612918938e+04
2.599465442872874701e+04
2.597235224750784619e+04
2.595005879246645418e+04
2.592777406360459645e+04
2.590549806092227300e+04
2.588323078441945836e+04
2.586097223409617800e+04
2.583872240995242100e+04
2.581648016602549615e+04
2.579424339348889043e+04
2.577201498513884508e+04
2.574979494097537827e+04
2.572758326099846454e+04
2.570537994520812208e+04
2.568318499360434726e+04
2.566099840618712915e+04
2.563882018295647867e+04
2.561665032391238856e+04
2.559448882905487699e+04
2.557233569838391850e+04
2.555019093189953128e+04
2.552805452960170078e+04
2.550592649149043427e+04
2.548380681756574631e+04
2.546169550782761507e+04
2.543959256227604783e+04
2.541749798091104458e+04
2.539541176373261260e+04
2.537333391074074825e+04
2.535126442193543335e+04
2.532920329731670063e+04
2.530714768528512286e+04
2.528509733961561869e+04
2.526305487805433950e+04
2.524102030060129982e+04
2.521899360725648148e+04
2.519697479801989539e+04
2.517496387289154882e+04
2.515296083187143086e+04
2.513096567495954150e+04
2.510897840215589531e+04
2.508699901346046681e+04
2.506502750887328148e+04
2.504306388839431747e+04
2.502110815202358572e+04
2.499916029976109712e+04
2.497722033160682986e+04
2.495528824756079848e+04
2.493336404762299935e+04
2.491144773179342155e+04
2.488953930007209419e+04
2.486763875245898089e+04
2.484574608895411075e+04
2.482386130955746557e+04
2.480198011340588710e+04
2.478010490893851238e+04
2.475823709814676113e+04
2.473637668103058604e+04
2.471452365759001623e+04
2.469267802782503713e+04
2.467083979173565604e+04
2.464900894932187657e+04
2.462718550058369874e+04
2.460536944552111891e+04
2.458356078413413343e+04
2.456175951642274595e+04
2.453996564238694555e+04
2.451817916202676133e+04
2.449640007534216420e+04
2.447462838233316870e+04
2.445286408299976756e+04
2.443110717734196805e+04
2.440935766535977018e+04
2.438761554705315939e+04
2.436588082242215751e+04
2.434415349146674635e+04
2.432243355418693682e+04
2.430072014835200753e+04
2.427901376934070140e+04
2.425731443004936227e+04
2.423562213047797923e+04
2.421394020451897813e+04
2.419226438491697263e+04
2.417059362706812681e+04
2.414892976298617577e+04
2.412727190231418354e+04
2.410562112493548193e+04
2.408397690871198574e+04
2.406233914627390186e+04
2.404070783762123756e+04
2.401908310537004218e+04
2.399746506071465410e+04
2.397585354238470609e+04
2.395424855038018359e+04
2.393265008470111934e+04
2.391105814534748788e+04
2.388947273231930012e+04
2.386789384561655243e+04
2.384632112146598229e+04
2.382475423981993663e+04
2.380319376569644373e+04
2.378163969909553271e+04
2.376009204001719627e+04
2.373855078846143078e+04
2.371701594442823261e+04
2.369548750791760540e+04
2.367396547892956005e+04
2.365244985746409293e+04
2.363094064352118585e+04
2.360943783710085336e+04
2.358794143820310273e+04
2.356645144682790851e+04
2.354496786297529252e+04
2.352349068664525475e+04
2.350201901672886743e+04
2.348055266532700625e+04
2.345909249872433429e+04
2.343763851692082972e+04
2.341619071991649980e+04
2.339474910771135546e+04
2.337331368030538215e+04
2.335188443769858713e+04
2.333046137989097042e+04
2.330904450688252837e+04
2.328763381867326098e+04
2.326622931526318280e+04
2.324483099665227201e+04
2.322343886284053588e+04
2.320205291382798532e+04
2.318067314961460579e+04
2.315929831856663077e+04
2.313792867734798347e+04
2.311656497276260416e+04
2.309520720481048193e+04
2.307385537349162041e+04
2.305250947880601962e+04
2.303116952075367590e+04
2.300983549933460381e+04
2.298850741454878880e+04
2.296718526639622723e+04
2.294586905487693730e+04
2.292455877999090444e+04
2.290325444173812866e+04
2.288195604011861724e+04
2.286066357513235926e+04
2.283937704677937290e+04
2.281809495692309065e+04
2.279681799670702094e+04
2.277554667733255337e+04
2.275428099166564061e+04
2.273302093257218075e+04
2.271176649291812646e+04
2.269051766556938674e+04
2.266927444339190333e+04
2.264803681925160345e+04
2.262680478601441428e+04
2.260557833654625938e+04
2.258435746371308051e+04
2.256314216038079394e+04
2.254193241941533779e+04
2.252072823368263198e+04
2.249952959604861826e+04
2.247833649937920563e+04
2.245714893654033949e+04
2.243596690039795067e+04
2.241479038381795544e+04
2.239361937966629921e+04
2.237245388080889097e+04
2.235129388011167975e+04
2.233013937044057093e+04
2.230899034466152079e+04
2.228784679564043472e+04
2.226670871624325446e+04
2.224557568521797657e+04
2.222444796384638175e+04
2.220332554731436176e+04
2.218220841784677759e+04
2.216109655766851211e+04
2.213998994900443722e+04
2.211888857407943215e+04
2.209779241511836881e+04
2.207670145434611550e+04
2.205561567398755142e+04
2.203454129383299005e+04
2.201347059948515380e+04
2.199240584088526521e+04
2.197134582418707578e+04
2.195029062829231407e+04
2.192924364496685303e+04
2.190820001514477190e+04
2.188715973882607068e+04
2.186612281601076029e+04
2.184508924669882254e+04
2.182406107972683458e+04
2.180303853038811940e+04
2.178202040645894886e+04
2.176100670793932295e+04
2.173999743482924532e+04
2.171899258712871961e+04
2.169799290601278699e+04
2.167699819190958078e+04
2.165600821151758282e+04
2.163502296483681130e+04
2.161404245186726621e+04
2.159306667260894028e+04
2.157209579815460893e+04
2.155112971862993436e+04
2.153016841017040861e+04
2.150921187277603167e+04
2.148826010644679991e+04
2.146731311118272424e+04
2.144637088698379011e+04
2.142543343385001208e+04
2.140450075178137922e+04
2.138357266641006572e+04
2.136264838206808781e+04
2.134172876136950799e+04
2.132081380431433718e+04
2.129990351090257172e+04
2.127899788113420072e+04
2.125809691500924237e+04
2.123720061252768937e+04
2.121630897368954538e+04
2.119542199849479584e+04
2.117453968694346258e+04
2.115366203903552378e+04
2.113278905477099761e+04
2.111192073414987681e+04
2.109105707717215410e+04
2.107019808383784402e+04
2.104934375414693568e+04
2.102849408809943270e+04
2.100764908569533145e+04
2.098680874693463920e+04
2.096597273182487334e+04
2.094513968394894619e+04
2.092431110884415102e+04
2.090348700651047693e+04
2.088266737694792027e+04
2.086185222015649197e+04
2.084104153613618109e+04
2.082023532488699129e+04
2.079943358640892257e+04
2.077863632070197491e+04
2.075784352776615196e+04
2.073705520760144645e+04
2.071627136020786565e+04
2.069549198558540229e+04
2.067471708373407455e+04
2.065394665465385333e+04
2.063318069834475682e+04
2.061241921480678138e+04
2.059166220403993066e+04
2.057090966604420464e+04
2.055016119327376146e+04
2.052941535575217131e+04
2.050867378087747056e+04
2.048793646864963375e+04
2.046720341906867179e+04
2.044647463213458104e+04
2.042575010784737242e+04
2.040502984620704228e+04
2.038431384721357972e+04
2.036360211086699201e+04
2.034289463716728642e+04
2.032219142611444840e+04
2.030149247770848888e+04
2.028079779194940056e+04
2.026010736883719801e+04
2.023942120837185212e+04
2.021873931055339926e+04
2.019806167538180671e+04
2.017738830285709992e+04
2.015671919297926070e+04
2.013605423954690195e+04
2.011539305229754245e+04
2.009473596545874898e+04
2.007408296472053917e+04
2.005343403577297795e+04
2.003278916430612298e+04
2.001214833601001374e+04
1.999151153657468967e+04
1.997087875169021572e+04
1.995024996704664954e+04
1.992962516833400878e+04
1.990900965485736378e+04
1.988839724848519472e+04
1.986778795602059108e+04
1.984718454845698216e+04
1.982658143078968351e+04
1.980598755802917731e+04
1.978539625395344046e+04
1.976480751856246570e+04
1.974422135185626394e+04
1.972363775383483153e+04
1.970305672449817212e+04
1.968248023115513206e+04
1.966190791290386551e+04
1.964133898323713220e+04
1.962077344215493213e+04
1.960021128965727257e+04
1.957965252574415717e+04
1.955909740813506869e+04
1.953854636081175704e+04
1.951799893660534144e+04
1.949745513551581826e+04
1.947691495754318385e+04
1.945637840268744185e+04
1.943584547094858863e+04
1.941531630954925640e+04
1.939479080045257433e+04
1.937426894030301992e+04
1.935375072910058952e+04
1.933323616684529043e+04
1.931272525353712626e+04
1.929221798917608248e+04
1.927171437376217000e+04
1.925121440729538153e+04
1.923071808977572800e+04
1.921022512929159711e+04
1.918973496214602346e+04
1.916924835211193204e+04
1.914876529918933375e+04
1.912828580337821404e+04
1.910780986467858020e+04
1.908733748309043585e+04
1.906686865861377737e+04
1.904640339124860475e+04
1.902594168099491799e+04
1.900548352785270981e+04
1.898502893182200205e+04
1.896457789290276560e+04
1.894413041109502228e+04
1.892368648639876483e+04
1.890324611881399323e+04
1.888280930834070750e+04
1.886237605497890036e+04
1.884194635872858635e+04
1.882152021958975820e+04
1.880109763756241591e+04
1.878067861264655949e+04
1.876026314484218165e+04
1.873985123414930422e+04
1.871944127333184588e+04
1.869903435277816970e+04
1.867863082645354734e+04
1.865823069435798243e+04
1.863783395649147860e+04
1.861744061285402859e+04
1.859705066344563966e+04
1.857666410826630454e+04
1.855628094731602323e+04
1.853590118059481028e+04
1.851552480810265115e+04
1.849515182983955310e+04
1.847478224580550159e+04
1.845441605600051116e+04
1.843405326042458546e+04
1.841369385907771357e+04
1.839333785195990276e+04
1.837298523907114577e+04
1.835263602041144622e+04
1.833229019598080413e+04
1.831194776577922312e+04
1.829160872980669228e+04
1.827127308806322617e+04
1.825094020793100935e+04
1.823060947397083146e+04
1.821028196385249612e+04
1.818995767757599970e+04
1.816963661514134947e+04
1.814931877654854179e+04
1.812900416179758395e+04
1.810869277088846502e+04
1.808838460382118865e+04
1.806807966059575847e+04
1.804777794121216721e+04
1.802747944567042941e+04
1.800718417397052690e+04
1.798689212611247785e+04
1.796660330209625681e+04
1.794631770192189288e+04
1.792603532558936786e+04
1.790575617309868903e+04
1.788548024444984912e+04
1.786520753964285541e+04
1.784493805867770789e+04
1.782467629549562844e+04
1.780441719160235880e+04
1.778415888586396613e+04
1.776390748075564625e+04
1.774365607564732272e+04
1.772340876203736843e+04
1.770316632899939577e+04
1.768292588378904475e+04
1.766268742640630808e+04
1.764245095685119304e+04
1.762221647512369236e+04
1.760198398122380604e+04
1.758175496821981142e+04
1.756152935384691591e+04
1.754130636026970751e+04
1.752108598748817894e+04
1.750086823550233385e+04
1.748065310431216858e+04
1.746044059391768678e+04
1.744023118230854016e+04
1.742002474968738898e+04
1.739982111722667469e+04
1.737962028492639365e+04
1.735942225278654951e+04
1.733922702080714225e+04
1.731903458898817189e+04
1.729884503873267386e+04
1.727865832727409725e+04
1.725847443262392699e+04
1.723829335478216672e+04
1.721811509374881280e+04
1.719793964952386523e+04
1.717776702210732401e+04
1.715759721149918914e+04
1.713743021769946063e+04
1.711726604070814210e+04
1.709710468052523356e+04
1.707694613715072774e+04
1.705678934536976158e+04
1.703663517264879192e+04
1.701648373489843289e+04
1.699633503211868447e+04
1.697618906430954667e+04
1.695604583147101948e+04
1.693590533360310656e+04
1.691576757070580061e+04
1.689563254277911255e+04
1.687550024982302784e+04
1.685537069183755739e+04
1.683524386882270119e+04
1.681511978077845561e+04
1.679499842770481337e+04
1.677487980960179266e+04
1.675476392646937529e+04
1.673465077830757218e+04
1.671454036511637969e+04
1.669443268689580145e+04
1.667432774364583020e+04
1.665422553536647320e+04
1.663412606205772317e+04
1.661402932371958741e+04
1.659393532035206590e+04
1.657384405195515137e+04
1.655375551852884382e+04
1.653366972007315417e+04
1.651358665658807513e+04
1.649350459142580803e+04
1.647342477589131886e+04
1.645334755071275868e+04
1.643327291589011293e+04
1.641320087142340344e+04
1.639313141731261203e+04
1.637306455355774415e+04
1.635300028015880343e+04
1.633293859711578625e+04
1.631287950442869806e+04
1.629282300209752975e+04
1.627276909012229044e+04
1.625271776850297465e+04
1.623266903723958239e+04
1.621262289633211367e+04
1.619257934578057029e+04
1.617253838558495227e+04
1.615250001574525959e+04
1.613246423626149408e+04
1.611243104713364664e+04
1.609240044836172819e+04
1.607237243994573691e+04
1.605234702188566916e+04
1.603232419418152131e+04
1.601230395683330426e+04
1.599228630984100528e+04
1.597227125320463892e+04
1.595225878692419610e+04
1.593224851568511076e+04
1.591224060525356253e+04
1.589223516373261555e+04
1.587223219112226980e+04
1.585223168742252528e+04
1.583223365263338019e+04
1.581223808675483087e+04
1.579224498978687916e+04
1.577225834250449043e+04
1.575227399356263049e+04
1.573228964462077238e+04
1.571231080278953777e+04
1.569233310423469993e+04
1.567235540567985663e+04
1.565238434589272947e+04
1.563241483802719085e+04
1.561244687878364675e+04
1.559248046816210808e+04
1.557251560616256393e+04
1.555255229278502338e+04
1.553259052802947917e+04
1.551263113811623771e+04
1.549267478553519504e+04
1.547272047308368383e+04
1.545276820076170225e+04
1.543281796856925030e+04
1.541286977650633162e+04
1.539292362457293711e+04
1.537297951276907588e+04
1.535303792800779411e+04
1.533309860192686392e+04
1.531316145347409292e+04
1.529322648264947929e+04
1.527329368945302122e+04
1.525336307388472051e+04
1.523343463594458808e+04
1.521350839251908837e+04
1.519358438033413950e+04
1.517366255534364973e+04
1.515374291754761362e+04
1.513382546694603661e+04
1.511391020353891508e+04
1.509399712732624903e+04
1.507408623830804208e+04
1.505417753648429243e+04
1.503427102185499825e+04
1.501436669442015955e+04
1.499446455417977631e+04
1.497456460113384674e+04
1.495466677371039805e+04
1.493476984155460013e+04
1.491487502085821870e+04
1.489498231162125558e+04
1.487509171384370347e+04
1.485520322752556967e+04
1.483531685266684326e+04
1.481543258926753697e+04
1.479555043732764352e+04
1.477567039684716292e+04
1.475579246782609880e+04
1.473591665026444753e+04
1.471604294416221273e+04
1.469617134951939624e+04
1.467630186633599260e+04
1.465643449461200726e+04
1.463656923434742930e+04
1.461670608554226965e+04
1.459684504819652284e+04
1.457698612231019251e+04
1.455712930788326958e+04
1.453727460491576858e+04
1.451742201340768588e+04
1.449757153335901603e+04
1.447772316476975357e+04
1.445787690763991668e+04
1.443803276196948354e+04
1.441819072775846689e+04
1.439835080500686854e+04
1.437851299371468667e+04
1.435867729388191401e+04
1.433884370550855965e+04
1.431901222859462177e+04
1.429918286314009674e+04
1.427935560914499183e+04
1.425953043608742701e+04
1.423970726847929473e+04
