9.140999999999999091e+02
9.289413139559031833e+02
9.437826279122585902e+02
9.586239418687364378e+02
9.734652558256286738e+02
9.883065697812619419e+02
1.003147883736904305e+03
1.017989197692928087e+03
1.032830511648902529e+03
1.047671825604959395e+03
1.062513139562016022e+03
1.077354453519525578e+03
1.092195767477488289e+03
1.107037081434975335e+03
1.121878395392071297e+03
1.136719709349018558e+03
1.151561023305711842e+03
1.166402337261919001e+03
1.181243651217762363e+03
1.196084965173220098e+03
1.210926279128271744e+03
1.225767593082895473e+03
1.240608907037720655e+03
1.255450220993182938e+03
1.270291534948879644e+03
1.285132848904888760e+03
1.299974162861287823e+03
1.314815476818153911e+03
1.329656790774586398e+03
1.344498104730589148e+03
1.359339418686487761e+03
1.374180732642252224e+03
1.389022046597853432e+03
1.403863360553262055e+03
1.418704674509171127e+03
1.433545988465332130e+03
1.448387302421679124e+03
1.463228616378243260e+03
1.478069930335055915e+03
1.492911244292135507e+03
1.507752558248839932e+03
1.522593872205557545e+03
1.537435186162271293e+03
1.552276500118964805e+03
1.567117814075621482e+03
1.581959128032260196e+03
1.596800441989034198e+03
1.611641755945829573e+03
1.626483069902644729e+03
1.641324383859478758e+03
1.656165697816329612e+03
1.671007011773269141e+03
1.685848325730417855e+03
1.700689639687693898e+03
1.715530953645112504e+03
1.730372267602687771e+03
1.745213581560434704e+03
1.760054895518219610e+03
1.774896209475970409e+03
1.789737523433779643e+03
1.804578837391639809e+03
1.819420151349544767e+03
1.834261465307487470e+03
1.849102779265475647e+03
1.863944093223501568e+03
1.878785407181556366e+03
1.893626721139634355e+03
1.908468035097730080e+03
1.923309349055838538e+03
1.938150663013819894e+03
1.952991976971715303e+03
1.967833290929522718e+03
1.982674604887226451e+03
1.997515918844810585e+03
2.012357232802268300e+03
2.027198546759844930e+03
2.042039860717384272e+03
2.056881174674890644e+03
2.071722488632365184e+03
2.086563802589812440e+03
2.101405116547235139e+03
2.116246430504636464e+03
2.131087744462019600e+03
2.145929058419387729e+03
2.160770372376852720e+03
2.175611686334626484e+03
2.190453000292545767e+03
2.205294314250636489e+03
2.220135628208927301e+03
2.234976942167446850e+03
2.249818256126225151e+03
2.264659570085294035e+03
2.279500884044686245e+03
2.294342198004435431e+03
2.309183511963996352e+03
2.324024825923266690e+03
2.338866139882530661e+03
2.353707453841746428e+03
2.368548767800869427e+03
2.383390081759848727e+03
2.398231395718629756e+03
2.413072709677154762e+03
2.427914023635358717e+03
2.442755337592851902e+03
2.457596651550294155e+03
2.472437965507700028e+03
2.487279279464310548e+03
2.502120593420406294e+03
2.516961907376213730e+03
2.531803221332558223e+03
2.546644535289004125e+03
2.561485849246110320e+03
2.576327163204193312e+03
2.591168477162814725e+03
2.606009791121975013e+03
2.620851105081674632e+03
2.635692419038964999e+03
2.650533732995955233e+03
2.665375046952745834e+03
2.680216360909336800e+03
2.695057674865728131e+03
2.709898988821920284e+03
2.724740302777913257e+03
2.739581616734829367e+03
2.754422930692577665e+03
2.769264244650575620e+03
2.784105558608824140e+03
2.798946872567321861e+03
2.813788186526069694e+03
2.828629500485067183e+03
2.843470814444191092e+03
2.858312128403194492e+03
2.873153442362337046e+03
2.887994756321618752e+03
2.902836070281039611e+03
2.917677384240599167e+03
2.932518698200297877e+03
2.947360012160136648e+03
2.962201326118672114e+03
2.977042640076868338e+03
2.991883954034757153e+03
3.006725267992316731e+03
3.021566581949527063e+03
3.036407895906368140e+03
3.051249209862818589e+03
3.066090523818858401e+03
3.080931837774466658e+03
3.095773151729621532e+03
3.110614465684303923e+03
3.125455779638492459e+03
3.140297093592583224e+03
3.155138407548187843e+03
3.169979721503779274e+03
3.184821035459375707e+03
3.199662349414995333e+03
3.214503663370656341e+03
3.229344977326376011e+03
3.244186291282173443e+03
3.259027605238067736e+03
3.273868919194075261e+03
3.288710233150215572e+03
3.303551547106505495e+03
3.318392861062964130e+03
3.333234175019284521e+03
3.348075488975245662e+03
3.362916802931240454e+03
3.377758116887273900e+03
3.392599430843350092e+03
3.407440744799474942e+03
3.422282058755653452e+03
3.437123372711888351e+03
3.451964686668186914e+03
3.466806000624552780e+03
3.481647314580991861e+03
3.496488628537506884e+03
3.511329942494104216e+03
3.526171256450354122e+03
3.541012570406345276e+03
3.555853884362271401e+03
3.570695198318125676e+03
3.585536512273901280e+03
3.600377826229592301e+03
3.615219140185192373e+03
3.630060454140694674e+03
3.644901768096094202e+03
3.659743082051382771e+03
3.674584396006554471e+03
3.689425709961602479e+03
3.704267023916521794e+03
3.719108337871463391e+03
3.733949651826318131e+03
3.748790965781067825e+03
3.763632279735707925e+03
3.778473593690235248e+03
3.793314907644647064e+03
3.808156221598938373e+03
3.822997535553106900e+03
3.837838849507149007e+03
3.852680163461061056e+03
3.867521477414839865e+03
3.882362791368480430e+03
3.897204105322092801e+03
3.912045419276926623e+03
3.926886733232857296e+03
3.941728047190090365e+03
3.956569361152982310e+03
3.971410675115094818e+03
3.986251989076665268e+03
4.001093303038289832e+03
4.015934616999924856e+03
4.030775930961441190e+03
4.045617244921286328e+03
4.060458558879927295e+03
4.075299872837515977e+03
4.090141186797196497e+03
4.104982500756815170e+03
4.119823814716357447e+03
4.134665128675826054e+03
4.149506442635220083e+03
4.164347756594394014e+03
4.179189070553321471e+03
4.194030384512123419e+03
4.208871698470798037e+03
4.223713012429345326e+03
4.238554326387766196e+03
4.253395640346059736e+03
4.268236954304227766e+03
4.283078268262267557e+03
4.297919582220181837e+03
4.312760896178282565e+03
4.327602210136743452e+03
4.342443524095209796e+03
4.357284838053685235e+03
4.372126152012166131e+03
4.386967465970654303e+03
4.401808779929148841e+03
4.416650093887650655e+03
4.431491407846158836e+03
4.446332721804674293e+03
4.461174035762964195e+03
4.476015349720776612e+03
4.490856663678473524e+03
4.505697977636055839e+03
4.520539291593524467e+03
4.535380605550877590e+03
4.550221919508116116e+03
4.565063233465240046e+03
4.579904547422250289e+03
4.594745861379145026e+03
4.609587175336342625e+03
4.624428489294663450e+03
4.639269803253203463e+03
4.654111117211973578e+03
4.668952431170986529e+03
4.683793745130252319e+03
4.698635059089784590e+03
4.713476373049594258e+03
4.728317687009694055e+03
4.743159000970093985e+03
4.758000314930807690e+03
4.772841628891846995e+03
4.787682942853220993e+03
4.802524256814946057e+03
4.817365570777030371e+03
4.832206884739486668e+03
4.847048198702327682e+03
4.861889512665565235e+03
4.876730826628343493e+03
4.891572140591151765e+03
4.906413454554198324e+03
4.921254768517484990e+03
4.936096082481013582e+03
4.950937396444786827e+03
4.965778710408805637e+03
4.980620024373071828e+03
4.995461338337587222e+03
5.010302652302354545e+03
5.025143966267374708e+03
5.039985280232649529e+03
5.054826594198181738e+03
5.069667908163971333e+03
5.084509222130022863e+03
5.099350536096335418e+03
5.114191850062912636e+03
5.129033164029357977e+03
5.143874477995005691e+03
5.158715791960686147e+03
5.173557105926389340e+03
5.188398419892104357e+03
5.203239733857819374e+03
5.218081047823524386e+03
5.232922361789210299e+03
5.247763675754863471e+03
5.262604989720475714e+03
5.277446303686035208e+03
5.292287617651531036e+03
5.307128931616951377e+03
5.321970245582288044e+03
5.336811559547528304e+03
5.351652873512663064e+03
5.366494187477679588e+03
5.381335501442568784e+03
5.396176815405833622e+03
5.411018129367488655e+03
5.425859443327609370e+03
5.440700757286027510e+03
5.455542071242571183e+03
5.470383385205582272e+03
5.485224699167238214e+03
5.500066013127963743e+03
5.514907327089505088e+03
5.529748641051066443e+03
5.544589955010877020e+03
5.559431268966158314e+03
5.574272582918612898e+03
5.589113896873092017e+03
5.603955210827754854e+03
5.618796524781493645e+03
5.633637838734309298e+03
5.648479152686200905e+03
5.663320466637722348e+03
5.678161780594211450e+03
5.693003094550862443e+03
5.707844408507673506e+03
5.722685722464644641e+03
5.737527036421776756e+03
5.752368350379071671e+03
5.767209664336525748e+03
5.782050978294140805e+03
5.796892292251916842e+03
5.811733606209853860e+03
5.826574920167332493e+03
5.841416234123846152e+03
5.856257548080242486e+03
5.871098862036520586e+03
5.885940175992681361e+03
5.900781489948722083e+03
5.915622803904645480e+03
5.930464117860448823e+03
5.945305431816135751e+03
5.960146745771703536e+03
5.974988059727153086e+03
5.989829373684381608e+03
6.004670687642690609e+03
6.019512001601354314e+03
6.034353315560370902e+03
6.049194629519743103e+03
6.064035943479468187e+03
6.078877257439547066e+03
6.093718571399980647e+03
6.108559885360768931e+03
6.123401199321910099e+03
6.138242513283385961e+03
6.153083827242951884e+03
6.167925141202425948e+03
6.182766455161796330e+03
6.197607769121051206e+03
6.212449083080176933e+03
6.227290397039159870e+03
6.242131710997988193e+03
6.256973024956650988e+03
6.271814338915130065e+03
6.286655652873417239e+03
6.301496966831497957e+03
6.316338280789359487e+03
6.331179594746989096e+03
6.346020908704374051e+03
6.360862222661500709e+03
6.375703536618357248e+03
6.390544850574930024e+03
6.405386164531206305e+03
6.420227478487173357e+03
6.435068792442875747e+03
6.449910106402386191e+03
6.464751420362163117e+03
6.479592734322222896e+03
6.494434048282580989e+03
6.509275362243252857e+03
6.524116676204257601e+03
6.538957990165612500e+03
6.553799304127328469e+03
6.568640618089425516e+03
6.583481932051920012e+03
6.598323246014829238e+03
6.613164559978165926e+03
6.628005873941951904e+03
6.642847187906197178e+03
6.657688501870922664e+03
6.672529815836142916e+03
6.687371129801876123e+03
6.702212443768135927e+03
6.717053757734938699e+03
6.731895071702232599e+03
6.746736385666156821e+03
6.761577699629972813e+03
6.776419013593652380e+03
6.791260327557167329e+03
6.806101641520494013e+03
6.820942955483600599e+03
6.835784269446461622e+03
6.850625583409050705e+03
6.865466897371339655e+03
6.880308211333301188e+03
6.895149525294908017e+03
6.909990839256133768e+03
6.924832153216948427e+03
6.939673467177328348e+03
6.954514781137244427e+03
6.969356095096668469e+03
6.984197409053372212e+03
6.999038723010521608e+03
7.013880036967379056e+03
7.028721350923240607e+03
7.043562664878953001e+03
7.058403978835346607e+03
7.073245292791767497e+03
7.088086606748218401e+03
7.102927920705848010e+03
7.117769234664952819e+03
7.132610548624685180e+03
7.147451862585042363e+03
7.162293176546026189e+03
7.177134490507636656e+03
7.191975804469872855e+03
7.206817118427807145e+03
7.221658432385160268e+03
7.236499746342297840e+03
7.251341060299222590e+03
7.266182374255932700e+03
7.281023688212428169e+03
7.295865002168708997e+03
7.310706316124775185e+03
7.325547630080627641e+03
7.340388944036263638e+03
7.355230257991687722e+03
7.370071571947637494e+03
7.384912885907189775e+03
7.399754199867224088e+03
7.414595513827740433e+03
7.429436827788736082e+03
7.444278141750214672e+03
7.459119455712173476e+03
7.473960769674615221e+03
7.488802083637538090e+03
7.503643397600941171e+03
7.518484711564825375e+03
7.533326025529191611e+03
7.548167339491712482e+03
7.563008653451003738e+03
7.577849967409891178e+03
7.592691281368372074e+03
7.607532595326445517e+03
7.622373909284115143e+03
7.637215223241379135e+03
7.652056537198235674e+03
7.666897851154687487e+03
7.681739165110731847e+03
7.696580479066373300e+03
7.711421793021607300e+03
7.726263106977143252e+03
7.741104420932762878e+03
7.755945734888168772e+03
7.770787048843369121e+03
7.785628362798364833e+03
7.800469676753164094e+03
7.815310990707768724e+03
7.830152304662187817e+03
7.844993618616424101e+03
7.859834932570482124e+03
7.874676246524368253e+03
7.889517560478085215e+03
7.904358874431641198e+03
7.919200188385038928e+03
7.934041502338282953e+03
7.948882816291379640e+03
7.963724130244333537e+03
7.978565444197149191e+03
7.993406758149831148e+03
8.008248072102384867e+03
8.023089386054816714e+03
8.037930700007128507e+03
8.052772013961112862e+03
8.067613327916560593e+03
8.082454641872328466e+03
8.097295955828440128e+03
8.112137269784921955e+03
8.126978583741789407e+03
8.141819897699069770e+03
8.156661211656786691e+03
8.171502525614960177e+03
8.186343839573617515e+03
8.201185153532775075e+03
8.216026467492460142e+03
8.230867781452696363e+03
8.245709095413505565e+03
8.260550409374905939e+03
8.275391723336926589e+03
8.290233037299589341e+03
8.305074351262914206e+03
8.319915665226926649e+03
8.334756979191648497e+03
8.349598293157103399e+03
8.364439607123313181e+03
8.379280921089020921e+03
8.394122235053353506e+03
8.408963549017265905e+03
8.423804862980663529e+03
8.438646176943453611e+03
8.453487490905539744e+03
8.468328804866830978e+03
8.483170118827230908e+03
8.498011432787876402e+03
8.512852746747843412e+03
8.527694060706789969e+03
8.542535374664450501e+03
8.557376688624131930e+03
8.572218002586392686e+03
8.587059316549777577e+03
8.601900630514286604e+03
8.616741944481134851e+03
8.631583258449851201e+03
8.646424572420106415e+03
8.661265886391902313e+03
8.676107200365237077e+03
8.690948514340114343e+03
8.705789828316530475e+03
8.720631142281674329e+03
8.735472456244737259e+03
8.750313770207216294e+03
8.765155084169109614e+03
8.779996398130419038e+03
8.794837712091144567e+03
8.809679026051284382e+03
8.824520340010840300e+03
8.839361653969810504e+03
8.854202967928196813e+03
8.869044281885999226e+03
8.883885595843217743e+03
8.898726909800767316e+03
8.913568223761787522e+03
8.928409537722704044e+03
8.943250851683515066e+03
8.958092165644224224e+03
8.972933479604829699e+03
8.987774793565327855e+03
9.002616107525725965e+03
9.017457421486018575e+03
9.032298735446205683e+03
9.047140049406289108e+03
9.061981363366268852e+03
9.076822677326144913e+03
9.091663991285917291e+03
9.106505305245584168e+03
9.121346619205147363e+03
9.136187933164606875e+03
9.151029247123962705e+03
9.165870561083214852e+03
9.180711875042359679e+03
9.195553189001129795e+03
9.210394502959734382e+03
9.225235816918204364e+03
9.240077130876539741e+03
9.254918444834740512e+03
9.269759758792804860e+03
9.284601072750738240e+03
9.299442386708535196e+03
9.314283700666197547e+03
9.329125014623727111e+03
9.343966328581120251e+03
9.358807642538380605e+03
9.373648956495506354e+03
9.388490270452495679e+03
9.403331584409352217e+03
9.418172898366075970e+03
9.433014212322663298e+03
9.447855526279116020e+03
9.462696840235434138e+03
9.477538154196541655e+03
9.492379468161667319e+03
9.507220782127502389e+03
9.522062096094046865e+03
9.536903410061302566e+03
9.551744724029269491e+03
9.566586037997944004e+03
9.581427351967333379e+03
9.596268665937430342e+03
9.611109979908238529e+03
9.625951293879756122e+03
9.640792607851984940e+03
9.655633921824926801e+03
9.670475235798578069e+03
9.685316549772938743e+03
9.700157863748010641e+03
9.714999177723791945e+03
9.729840491700284474e+03
9.744681805677490047e+03
9.759523119652480091e+03
9.774364433619897682e+03
9.789205747586765938e+03
9.804047061553090316e+03
9.818888375518867178e+03
9.833729689484100163e+03
9.848571003448785632e+03
9.863412317412927223e+03
9.878253631376519479e+03
9.893094945339569676e+03
9.907936259302070539e+03
9.922777573264029343e+03
9.937618887225440631e+03
9.952460201186302584e+03
9.967301515146622478e+03
9.982142829106396675e+03
9.996984143065623357e+03
1.001182545701301933e+04
1.002666677097497995e+04
1.004150808493557270e+04
1.005634939888784356e+04
1.007119071284339407e+04
1.008603202680366667e+04
1.010087334076515072e+04
1.011571465472783893e+04
1.013055596868777502e+04
1.014539728264464429e+04
1.016023859660097878e+04
1.017507991055678212e+04
1.018992122451204887e+04
1.020476253846678264e+04
1.021960385242098164e+04
1.023444516637661218e+04
1.024928648033751597e+04
1.026412779429888178e+04
1.027896910826071507e+04
1.029381042222301403e+04
1.030865173618577865e+04
1.032349305014900892e+04
1.033833436411270304e+04
1.035317567807686282e+04
1.036801699204149008e+04
1.038285830600657937e+04
1.039769961997213613e+04
1.041254093393815856e+04
1.042738224790464665e+04
1.044222356187079640e+04
1.045706487583513263e+04
1.047190618979968167e+04
1.048674750376444172e+04
1.050158881772941459e+04
1.051643013169460028e+04
1.053127144565999515e+04
1.054611275962560467e+04
1.056095407359142519e+04
1.057579538755745489e+04
1.059063670152370105e+04
1.060547801549015639e+04
1.062031932945682456e+04
1.063516064342370373e+04
1.065000195739079572e+04
1.066484327135810054e+04
1.067968458532561635e+04
1.069452589929334317e+04
1.070936721326128281e+04
1.072420852722943528e+04
1.073904984119779692e+04
1.075389115516637321e+04
1.076873246913516050e+04
1.078357378310049171e+04
1.079841509706205579e+04
1.081325641102321424e+04
1.082809772498396705e+04
1.084293903894431423e+04
1.085778035290425578e+04
1.087262166686379351e+04
1.088746298082292560e+04
1.090230429478165024e+04
1.091714560873997289e+04
1.093198692269788808e+04
1.094682823665539945e+04
1.096166955061250519e+04
1.097651086456920530e+04
1.099135217852550159e+04
1.100619349248139042e+04
1.102103480643687544e+04
1.103587612039195483e+04
1.105071743434662858e+04
1.106555874830089670e+04
1.108040006225476100e+04
1.109524137620821784e+04
1.111008269016127269e+04
1.112492400411942253e+04
1.113976531807958963e+04
1.115460663203997683e+04
1.116944794600058594e+04
1.118428925996141697e+04
1.119913057392247174e+04
1.121397188788374842e+04
1.122881320184524702e+04
1.124365451580696754e+04
1.125849582976890815e+04
1.127333714373107432e+04
1.128817845769346059e+04
1.130301977165607059e+04
1.131786108561890069e+04
1.133270239958195452e+04
1.134754371354523028e+04
1.136238502750872431e+04
1.137722634147244389e+04
1.139206765543638903e+04
1.140690896940055245e+04
1.142175028336493779e+04
1.143659159732954686e+04
1.145143291129437785e+04
1.146627422526230112e+04
1.148111553923167230e+04
1.149595685320244593e+04
1.151079816717462199e+04
1.152563948113045444e+04
1.154048079509081799e+04
1.155532210905325701e+04
1.157016342301344230e+04
1.158500473697347843e+04
1.159984605093395658e+04
1.161468736489459116e+04
1.162952867885532396e+04
1.164436999281615317e+04
1.165921130677782276e+04
1.167405262074100756e+04
1.168889393470473260e+04
1.170373524866899243e+04
1.171857656263379249e+04
1.173341787659912734e+04
1.174825919056500061e+04
1.176310050453141230e+04
1.177794181849651795e+04
1.179278313245870777e+04
1.180762444642083392e+04
1.182246576038289641e+04
1.183730707434489523e+04
1.185214838830682856e+04
1.186698970226870188e+04
1.188183101623050970e+04
1.189667233019225387e+04
1.191151364415393800e+04
1.192635495811555666e+04
1.194119627207711164e+04
1.195603758603860479e+04
1.197087890000003426e+04
1.198572021396139826e+04
1.200056152792270223e+04
1.201540284188545775e+04
1.203024415584998496e+04
1.204508546981482505e+04
1.205992678377997436e+04
1.207476809774543653e+04
1.208960941171121158e+04
1.210445072567729767e+04
1.211929203964369663e+04
1.213413335361040663e+04
1.214897466757742768e+04
1.216381598154475978e+04
1.217865729551240656e+04
1.219349860948036257e+04
1.220833992344863145e+04
1.222318123741721138e+04
1.223802255138610417e+04
1.225286386535317433e+04
1.226770517931886206e+04
1.228254649328443338e+04
1.229738780724989738e+04
1.231222912121524860e+04
1.232707043518048704e+04
1.234191174914561816e+04
1.235675306311063468e+04
1.237159437707553843e+04
1.238643569104033304e+04
1.240127700500501669e+04
1.241611831896958756e+04
1.243095963293404930e+04
1.244580094689839825e+04
1.246064226086263625e+04
1.247548357482676147e+04
1.249032488878860931e+04
1.250516620274917659e+04
1.252000751670920727e+04
1.253484883066868861e+04
1.254969014462760970e+04
1.256453145858595599e+04
1.257937277254372748e+04
1.259421408650090780e+04
1.260905540045748421e+04
1.262389671441345126e+04
1.263873802836879440e+04
1.265357934232350817e+04
1.266842065627757802e+04
1.268326197023099485e+04
1.269810328418374775e+04
1.271294459813582944e+04
1.272778591208722537e+04
1.274262722603792827e+04
1.275746853998792903e+04
1.277230985393721130e+04
1.278715116788577143e+04
1.280199248183359305e+04
1.281683379578067252e+04
1.283167510972699529e+04
1.284651642367255226e+04
1.286135773761732889e+04
1.287619905156132154e+04
1.289104036551105310e+04
1.290588167946227804e+04
1.292072299341494363e+04
1.293556430736921538e+04
1.295040562132524610e+04
1.296524693528319222e+04
1.298008824924321743e+04
1.299492956320547455e+04
1.300977087717012182e+04
1.302461219113731931e+04
1.303945350511215474e+04
1.305429481908425441e+04
1.306913613304753744e+04
1.308397744700377734e+04
1.309881876096069209e+04
1.311366007491875826e+04
1.312850138887729918e+04
1.314334270283630576e+04
1.315818401679578528e+04
1.317302533075573592e+04
1.318786664471642689e+04
1.320270795867789093e+04
1.321754927263996433e+04
1.323239058660265255e+04
1.324723190056595013e+04
1.326207321452986434e+04
1.327691452849527195e+04
1.329175584246193284e+04
1.330659715642957235e+04
1.332143847039818866e+04
1.333627978436778722e+04
1.335112109833836075e+04
1.336596241229840962e+04
1.338080372625532254e+04
1.339564504021070024e+04
1.341048635416454636e+04
1.342532766811685906e+04
1.344016898206763835e+04
1.345501029601688424e+04
1.346985160996460036e+04
1.348469292391077761e+04
1.349953423785716041e+04
1.351437555181165226e+04
1.352921686576568027e+04
1.354405817971924080e+04
1.355889949367233930e+04
1.357374080762497215e+04
1.358858212157713933e+04
1.360342343552884267e+04
1.361826474948007854e+04
1.363310606343085237e+04
1.364794737738115873e+04
1.366278869133099943e+04
1.367763000528037810e+04
1.369247131922929293e+04
1.370731263317773846e+04
1.372215394712572015e+04
1.373699526107323618e+04
1.375183657502028836e+04
1.376667788896687671e+04
1.378151920291299757e+04
1.379636051686036080e+04
1.381120183081576397e+04
1.382604314477165826e+04
1.384088445872804368e+04
1.385572577268492387e+04
1.387056708664229336e+04
1.388540840060015580e+04
1.390024971455851119e+04
1.391509102851735770e+04
1.392993234247669716e+04
1.394477365643652956e+04
1.395961497039685128e+04
1.397445628435766594e+04
1.398929759831897172e+04
1.400413891228077046e+04
1.401898022624306213e+04
1.403382154020584494e+04
1.404866285416912069e+04
1.406350416813288575e+04
1.407834548209714558e+04
1.409318679606147089e+04
1.410802811002435919e+04
1.412286942398752399e+04
1.413771073795095799e+04
1.415255205191466302e+04
1.416739336587864091e+04
1.418223467984288800e+04
1.419707599380741158e+04
1.421191730777220437e+04
1.422675862173727182e+04
1.424159993570260849e+04
1.425644124966821619e+04
1.427128256363409673e+04
1.428612387760025013e+04
1.430096519156667637e+04
1.431580650553337000e+04
1.433064781950033830e+04
1.434548913346758127e+04
1.436033044743508981e+04
1.437517176140287302e+04
1.439001307537053799e+04
1.440485438933663863e+04
1.441969570330241004e+04
1.443453701726780128e+04
1.444937833123275595e+04
1.446421964519722678e+04
1.447906095916115737e+04
1.449390227312449497e+04
1.450874358708718864e+04
1.452358490104918383e+04
1.453842621501042777e+04
1.455326752897660663e+04
1.456810884295236974e+04
1.458295015692837296e+04
1.459779147090482729e+04
1.461263278488091782e+04
1.462747409884548506e+04
1.464231541280685087e+04
1.465715672676501526e+04
1.467199804071997460e+04
1.468683935467173433e+04
1.470168066862028900e+04
1.471652198257217970e+04
1.473136329652620043e+04
1.474620461047974095e+04
1.476104592443280126e+04
1.477588723838538135e+04
1.479072855233748669e+04
1.480556986629175117e+04
1.482041118025252763e+04
1.483525249421522676e+04
1.485009380817985220e+04
1.486493512214640396e+04
1.487977643611487838e+04
1.489461775008527911e+04
1.490945906404807465e+04
1.492430037801090293e+04
1.493914169197398405e+04
1.495398300593731983e+04
1.496882431990090481e+04
1.498366563386474263e+04
1.499850694782883511e+04
1.501334826179318043e+04
1.502818957575777677e+04
1.504303088972262412e+04
1.505787220368863927e+04
1.507271351765756663e+04
1.508755483162703604e+04
1.510239614559704205e+04
1.511723745956759012e+04
1.513207877353867298e+04
1.514692008751029789e+04
1.516176140148245941e+04
1.517660271545515934e+04
1.519144402942839952e+04
1.520628534340217811e+04
1.522112665737649513e+04
1.523596797135135421e+04
1.525080928532674625e+04
1.526565059930267671e+04
1.528049191327915105e+04
1.529533322725616199e+04
1.531017454123371135e+04
1.532501585521179732e+04
1.533985716919042534e+04
1.535469848316959178e+04
1.536953979714929301e+04
1.538438111112953629e+04
1.539922242511031800e+04
1.541406373908467503e+04
1.542890505305732768e+04
1.544374636702981661e+04
1.545858768100213638e+04
1.547342899497428880e+04
1.548827030894627751e+04
1.550311162291809342e+04
1.551795293688974562e+04
1.553279425086123047e+04
1.554763556483254797e+04
1.556247687880369631e+04
1.557731819277468094e+04
1.559215950674549458e+04
1.560700082071614452e+04
1.562184213468662529e+04
1.563668344865694235e+04
1.565152476262709024e+04
1.566636607659706715e+04
1.568120739056688399e+04
1.569604870453652620e+04
1.571089001850600835e+04
1.572573133247531769e+04
1.574057264644446332e+04
1.575541396041340340e+04
1.577025527438210338e+04
1.578509658835062874e+04
1.579993790231897583e+04
1.581477921628714284e+04
1.582962053025513524e+04
1.584446184422295119e+04
1.585930315819058887e+04
1.587414447215804830e+04
1.588898578612533311e+04
1.590382710009243965e+04
1.591866841405936793e+04
1.593350972802611977e+04
1.594835104199269517e+04
1.596319235595909413e+04
1.597803366992531664e+04
1.599287498389136090e+04
1.600771629785722689e+04
1.602255761182291826e+04
1.603739892578843137e+04
1.605224023975376440e+04
1.606708155371331122e+04
1.608192286767623045e+04
1.609676418163978451e+04
1.611160549560882464e+04
1.612644680957786477e+04
1.614128812354349793e+04
1.615612943750506383e+04
1.617097075146497991e+04
1.618581206542323707e+04
1.620065337937983895e+04
1.621549469333478555e+04
1.623033600728807505e+04
1.624517732124181930e+04
1.626001863519589097e+04
1.627485994914920229e+04
1.628970126310174601e+04
1.630454257705352939e+04
1.631938389100454879e+04
1.633422520495480421e+04
1.634906651891427828e+04
1.636390783288046805e+04
1.637874914684963551e+04
1.639359046082178975e+04
1.640843177479692167e+04
1.642327308877503674e+04
1.643811440275613131e+04
1.645295571672600636e+04
1.646779703069211973e+04
1.648263834465831314e+04
1.649747965862457932e+04
1.651232097259092188e+04
1.652716228655734449e+04
1.654200360052384349e+04
1.655684491449041525e+04
1.657168622845707068e+04
1.658652754242379888e+04
1.660136885639060347e+04
1.661621017035748446e+04
1.663105148432313581e+04
1.664589279828862345e+04
1.666073411225408927e+04
1.667557542621952598e+04
1.669041674018494450e+04
1.670525805415034120e+04
1.672009936811570515e+04
1.673494068208105455e+04
1.674978199604637848e+04
1.676462331001167695e+04
1.677946462397694995e+04
1.679430593794220476e+04
1.680914725190743047e+04
1.682398856587263435e+04
1.683882987983781641e+04
1.685367119380297663e+04
1.686851250776810775e+04
1.688335382173322068e+04
1.689819513569830451e+04
1.691303644966337015e+04
1.692787776362841032e+04
1.694271907759342866e+04
1.695756039155841790e+04
1.697240170552338896e+04
1.698724301948833454e+04
1.700208433345325466e+04
1.701692564741815295e+04
1.703176696138302941e+04
1.704660827534725831e+04
1.706144958931129077e+04
1.707629090327524318e+04
1.709113221723912284e+04
1.710597353120292973e+04
1.712081484516666023e+04
1.713565615913031070e+04
1.715049747309389204e+04
1.716533878705739335e+04
1.718018010102082189e+04
1.719502141498417404e+04
1.720986272894744980e+04
1.722470404291064915e+04
1.723954535687377575e+04
1.725438667083682958e+04
1.726922798479980338e+04
1.728406929876270078e+04
1.729891061272552543e+04
1.731375192668827731e+04
1.732859324065094916e+04
1.734343455461354461e+04
1.735827586857607093e+04
1.737311718253851723e+04
1.738795849650089076e+04
1.740279981046318426e+04
1.741764112442540500e+04
1.743248243838754934e+04
1.744732375234962092e+04
1.746216506631004449e+04
1.747700638026948218e+04
1.749184769422835961e+04
1.750668900818668044e+04
1.752153032214444102e+04
1.753637163610164134e+04
1.755121295005828870e+04
1.756605426401437580e+04
1.758089557798707392e+04
1.759573689194805411e+04
1.761057820590903430e+04
1.762541951984288971e+04
1.764026083377111354e+04
1.765510214769933737e+04
1.766994346164644230e+04
1.768478477559796738e+04
1.769962608955389442e+04
1.771446740351422704e+04
1.772930871747896526e+04
1.774415003144811635e+04
1.775899134542166212e+04
1.777383265939453122e+04
1.778867397336263093e+04
1.780351528733210944e+04
1.781835660130296310e+04
1.783319791527519556e+04
1.784803922924880317e+04
1.786288054322378957e+04
1.787772185720015477e+04
1.789256317117345316e+04
1.790740448514612945e+04
1.792224579911892943e+04
1.793708711309184946e+04
1.795192842706489319e+04
1.796676974103805333e+04
1.798161105501134080e+04
1.799645236898614894e+04
1.801129368296553730e+04
1.802613499694584607e+04
1.804097631092706797e+04
1.805581762490920664e+04
1.807065893889226572e+04
1.808550025287623794e+04
1.810034156686112692e+04
1.811518288084693268e+04
1.813002419483365520e+04
1.814486550882129814e+04
1.815970682280985056e+04
1.817454813679932704e+04
1.818938945078851248e+04
1.820423076475330527e+04
1.821907207871753053e+04
1.823391339268119191e+04
1.824875470664428576e+04
1.826359602060680481e+04
1.827843733456876726e+04
1.829327864853016217e+04
1.830811996249098229e+04
1.832296127645124216e+04
1.833780259041093450e+04
1.835264390437005932e+04
1.836748521832862025e+04
1.838232653228661002e+04
1.839716784624403226e+04
1.841200916020089062e+04
1.842685047415718145e+04
1.844169178811290476e+04
1.845653310206806054e+04
1.847137441602265608e+04
1.848621572997667681e+04
1.850105704393013366e+04
1.851589835788302298e+04
1.853073967183534478e+04
1.854558098578710269e+04
1.856042229973828944e+04
1.857526361368891594e+04
1.859010492763897491e+04
1.860494624158846273e+04
1.861978755553738665e+04
1.863462886948573941e+04
1.864947018343352829e+04
1.866431149738074964e+04
1.867915281132740711e+04
1.869399412527349705e+04
1.870883543922126410e+04
1.872367675317627436e+04
