4.746899999999999272e+04
4.743101981116988463e+04
4.739303962233978382e+04
4.735505943350968300e+04
4.731707924467956764e+04
4.727909905584946682e+04
4.724111886701935146e+04
4.720313867818925064e+04
4.716515848935913527e+04
4.712717830052902718e+04
4.708919811169893364e+04
4.705121792286882555e+04
4.701323773403871019e+04
4.697525754520860210e+04
4.693727735637850128e+04
4.689929716754838591e+04
4.686131697871828510e+04
4.682333678988818428e+04
4.678535660105805437e+04
4.674737641222796083e+04
4.670939622339784546e+04
4.667141603456774465e+04
4.663343584573763655e+04
4.659545565690752846e+04
4.655747546807742037e+04
4.651949527924731228e+04
4.648151509041721147e+04
4.644353490158709610e+04
4.640555471275699529e+04
4.636757452392688720e+04
4.632959433509677910e+04
4.629161414626667101e+04
4.625363395743656292e+04
4.621565376860645483e+04
4.617767357977634674e+04
4.613969339094623865e+04
4.610171320211613056e+04
4.606373301328602247e+04
4.602575282445592165e+04
4.598777263562582084e+04
4.594979244679570547e+04
4.591181225796559738e+04
4.587383206913548929e+04
4.583585188030538848e+04
4.579787169147528039e+04
4.575989150264517230e+04
4.572191131381506420e+04
4.568393112498495611e+04
4.564595093615484802e+04
4.560797074732474721e+04
4.556999055849463912e+04
4.553201036966453103e+04
4.549403018083442294e+04
4.545604999200431484e+04
4.541806980317420675e+04
4.538008961434409866e+04
4.534210942551399057e+04
4.530412923668388976e+04
4.526614904785377439e+04
4.522816885902366630e+04
4.519018867019356549e+04
4.515220848136345739e+04
4.511422829253334203e+04
4.507624810370324121e+04
4.503826791487312585e+04
4.500028772604302503e+04
4.496230753721292422e+04
4.492432734838280885e+04
4.488634715955270804e+04
4.484836697072259267e+04
4.481038678189248458e+04
4.477240659306237649e+04
4.473442640423227567e+04
4.469644621540216031e+04
4.465846602657205949e+04
4.462048583774195868e+04
4.458250564891184331e+04
4.454452546008174249e+04
4.450654527125162713e+04
4.446856508242152631e+04
4.443058489359141095e+04
4.439260470476130286e+04
4.435462451593119476e+04
4.431664432710109395e+04
4.427866413827099313e+04
4.424068394944087777e+04
4.420270376061076968e+04
4.416472357178066886e+04
4.412674338295056077e+04
4.408876319412045268e+04
4.405078300529033731e+04
4.401280281646023650e+04
4.397482262763012841e+04
4.393684243880001304e+04
4.389886224996991223e+04
4.386088206113980414e+04
4.382290187230970332e+04
4.378492168347958795e+04
4.374694149464947986e+04
4.370896130581937905e+04
4.367098111698927096e+04
4.363300092815916287e+04
4.359502073932905478e+04
4.355704055049894669e+04
4.351906036166883132e+04
4.348108017283873050e+04
4.344309998400862969e+04
4.340511979517851432e+04
4.336713960634841351e+04
4.332915941751830542e+04
4.329117922868819005e+04
4.325319903985808196e+04
4.321521885102798115e+04
4.317723866219786578e+04
4.313925847336776496e+04
4.310127828453766415e+04
4.306329809570754878e+04
4.302531790687744797e+04
4.298733771804733260e+04
4.294935752921722451e+04
4.291137734038712370e+04
4.287339715155701560e+04
4.283541696272690751e+04
4.279743677389679942e+04
4.275945658506669133e+04
4.272147639623658324e+04
4.268349620740648243e+04
4.264551601857636706e+04
4.260753582974626624e+04
4.256955564091615815e+04
4.253157545208604279e+04
4.249359526325593470e+04
4.245561507442583388e+04
4.241763488559572579e+04
4.237965469676561770e+04
4.234167450793551689e+04
4.230369431910540152e+04
4.226571413027530070e+04
4.222773394144519261e+04
4.218975375261507725e+04
4.215177356378497643e+04
4.211379337495486834e+04
4.207581318612476753e+04
4.203783299729465216e+04
4.199985280846454407e+04
4.196187261963443598e+04
4.192389243080433516e+04
4.188591224197421980e+04
4.184793205314411171e+04
4.180995186431400361e+04
4.177197167548390280e+04
4.173399148665379471e+04
4.169601129782368662e+04
4.165803110899357853e+04
4.162005092016347044e+04
4.158207073133335507e+04
4.154409054250325426e+04
4.150611035367315344e+04
4.146813016484304535e+04
4.143014997601293726e+04
4.139216978718282917e+04
4.135418959835271380e+04
4.131620940952260571e+04
4.127822922069249762e+04
4.124024903186240408e+04
4.120226884303228871e+04
4.116428865420218062e+04
4.112630846537207981e+04
4.108832827654196444e+04
4.105034808771186363e+04
4.101236789888175554e+04
4.097438771005164745e+04
4.093640752122153935e+04
4.089842733239142399e+04
4.086044714356132317e+04
4.082246695473122236e+04
4.078448676590110699e+04
4.074650657707100618e+04
4.070852638824089081e+04
4.067054619941079000e+04
4.063256601058068190e+04
4.059458582175057381e+04
4.055660563292045845e+04
4.051862544409035763e+04
4.048064525526024227e+04
4.044266506643014145e+04
4.040468487760003336e+04
4.036670468876993255e+04
4.032872449993981718e+04
4.029074431110971636e+04
4.025276412227960827e+04
4.021478393344949291e+04
4.017680374461939209e+04
4.013882355578928400e+04
4.010084336695917591e+04
4.006286317812906782e+04
4.002488298929895973e+04
3.998690280046885164e+04
3.994892261163874355e+04
3.991094242280864273e+04
3.987296223397852737e+04
3.983498204514842655e+04
3.979700185631831846e+04
3.975902166748821037e+04
3.972104147865810228e+04
3.968306128982799419e+04
3.964508110099789337e+04
3.960710091216778528e+04
3.956912072333766992e+04
3.953114053450756910e+04
3.949316034567746101e+04
3.945518015684735292e+04
3.941719996801724483e+04
3.937921977918713674e+04
3.934123959035702865e+04
3.930325940152692056e+04
3.926527921269681246e+04
3.922729902386671165e+04
3.918931883503659628e+04
3.915133864620648819e+04
3.911335845737638738e+04
3.907537826854627929e+04
3.903739807971617847e+04
3.899941789088606311e+04
3.896143770205595501e+04
3.892345751322584692e+04
3.888547732439574611e+04
3.884749713556563802e+04
3.880951694673552993e+04
3.877153675790541456e+04
3.873355656907531375e+04
3.869557638024520566e+04
3.865759619141510484e+04
3.861961600258498947e+04
3.858163581375488138e+04
3.854365562492478057e+04
3.850567543609467248e+04
3.846769524726456439e+04
3.842971505843445630e+04
3.839173486960434821e+04
3.835375468077424011e+04
3.831577449194413202e+04
3.827779430311402393e+04
3.823981411428391584e+04
3.820183392545380775e+04
3.816385373662369966e+04
3.812587354779359885e+04
3.808789335896349075e+04
3.804991317013338266e+04
3.801193298130327457e+04
3.797395279247316648e+04
3.793597260364305839e+04
3.789799241481295030e+04
3.786001222598284221e+04
3.782203203715273412e+04
3.778405184832263330e+04
3.774607165949251794e+04
3.770809147066240985e+04
3.767011128183230176e+04
3.763213109300220094e+04
3.759415090417209285e+04
3.755617071534198476e+04
3.751819052651187667e+04
3.748021033768176858e+04
3.744223014885166049e+04
3.740424996002155967e+04
3.736626977119145158e+04
3.732828958236133622e+04
3.729030939353123540e+04
3.725232920470112731e+04
3.721434901587101922e+04
3.717636882704091113e+04
3.713838863821080304e+04
3.710040844938069495e+04
3.706242826055058686e+04
3.702444807172047877e+04
3.698646788289037795e+04
3.694848769406026258e+04
3.691050750523015449e+04
3.687252731640005368e+04
3.683454712756994559e+04
3.679656693873983750e+04
3.675858674990973668e+04
3.672060656107962132e+04
3.668262637224952050e+04
3.664464618341941241e+04
3.660666599458930432e+04
3.656868580575919623e+04
3.653070561692908814e+04
3.649272542809898732e+04
3.645474523926887196e+04
3.641676505043876386e+04
3.637878486160865577e+04
3.634080467277855496e+04
3.630282448394843959e+04
3.626484429511833878e+04
3.622686410628822341e+04
3.618888391745812260e+04
3.615090372862801451e+04
3.611292353979790641e+04
3.607494335096779832e+04
3.603696316213769023e+04
3.599898297330758942e+04
3.596100278447748133e+04
3.592302259564737324e+04
3.588504240681725787e+04
3.584706221798715706e+04
3.580908202915704896e+04
3.577110184032694087e+04
3.573312165149684006e+04
3.569514146266672469e+04
3.565716127383661660e+04
3.561918108500650851e+04
3.558120089617640042e+04
3.554322070734629233e+04
3.550524051851619151e+04
3.546726032968607615e+04
3.542928014085596806e+04
3.539129995202585997e+04
3.535331976319575188e+04
3.531533957436564378e+04
3.527735938553553569e+04
3.523937919670543488e+04
3.520139900787532679e+04
3.516341881904522597e+04
3.512543863021511061e+04
3.508745844138500979e+04
3.504947825255490170e+04
3.501149806372479361e+04
3.497351787489468552e+04
3.493553768606457743e+04
3.489755749723446934e+04
3.485957730840436125e+04
3.482159711957426043e+04
3.478361693074414507e+04
3.474563674191403697e+04
3.470765655308393616e+04
3.466967636425382807e+04
3.463169617542371998e+04
3.459371598659361189e+04
3.455573579776350380e+04
3.451775560893339571e+04
3.447977542010329489e+04
3.444179523127317952e+04
3.440381504244307143e+04
3.436583485361296334e+04
3.432785466478286253e+04
3.428987447595274716e+04
3.425189428712263907e+04
3.421391409829253826e+04
3.417593390946243017e+04
3.413795372063232207e+04
3.409997353180221398e+04
3.406199334297210589e+04
3.402401315414199780e+04
3.398603296531188971e+04
3.394805277648178162e+04
3.391007258765167353e+04
3.387209239882156544e+04
3.383411220999146462e+04
3.379613202116135653e+04
3.375815183233124844e+04
3.372017164350114035e+04
3.368219145467102499e+04
3.364421126584092417e+04
3.360623107701082336e+04
3.356825088818070799e+04
3.353027069935059990e+04
3.349229051052049181e+04
3.345431032169039099e+04
3.341633013286028290e+04
3.337834994403016753e+04
3.334036975520006672e+04
3.330238956636995863e+04
3.326440937753985054e+04
3.322642918870974245e+04
3.318844899987963436e+04
3.315046881104952627e+04
3.311248862221941818e+04
3.307450843338931736e+04
3.303652824455920927e+04
3.299854805572910118e+04
3.296056786689899309e+04
3.292258767806888500e+04
3.288460748923877691e+04
3.284662730040866882e+04
3.280864711157856800e+04
3.277066692274845991e+04
3.273268673391834454e+04
3.269470654508824373e+04
3.265672635625812836e+04
3.261874616742802755e+04
3.258076597859792309e+04
3.254278578976781137e+04
3.250480560093770328e+04
3.246682541210760246e+04
3.242884522327748709e+04
3.239086503444737900e+04
3.235288484561727455e+04
3.231490465678716282e+04
3.227692446795705837e+04
3.223894427912695392e+04
3.220096409029684582e+04
3.216298390146673773e+04
3.212500371263662964e+04
3.208702352380651791e+04
3.204904333497641346e+04
3.201106314614630537e+04
3.197308295731620092e+04
3.193510276848609283e+04
3.189712257965598110e+04
3.185914239082587301e+04
3.182116220199576856e+04
3.178318201316566410e+04
3.174520182433555965e+04
3.170722163550544428e+04
3.166924144667533983e+04
3.163126125784523174e+04
3.159328106901512365e+04
3.155530088018501920e+04
3.151732069135490747e+04
3.147934050252480301e+04
3.144136031369469856e+04
3.140338012486459047e+04
3.136539993603448238e+04
3.132741974720437429e+04
3.128943955837426620e+04
3.125145936954415811e+04
3.121347918071405002e+04
3.117549899188394193e+04
3.113751880305383384e+04
3.109953861422372938e+04
3.106155842539362493e+04
3.102357823656351320e+04
3.098559804773340511e+04
3.094761785890330066e+04
3.090963767007319620e+04
3.087165748124308448e+04
3.083367729241297639e+04
3.079569710358286829e+04
3.075771691475276384e+04
