9.140999999999999091e+02 9.140999999999999091e+02 9.140999999999999091e+02 9.141000000000000227e+02 9.141000000000000227e+02 9.141000000000002501e+02
9.437826279105170215e+02 9.437826279112582597e+02 9.437826279114149202e+02 9.437826279117746253e+02 9.437826278971060674e+02 9.437826278924404733e+02
9.734652558211704445e+02 9.734652558222450125e+02 9.734652558218800777e+02 9.734652558299413840e+02 9.734652557948312506e+02 9.734652557887233115e+02
1.003147883732038053e+03 1.003147883733551225e+03 1.003147883733116942e+03 1.003147883744233127e+03 1.003147883692814958e+03 1.003147883680481300e+03
1.032830511642756619e+03 1.032830511645570823e+03 1.032830511644286162e+03 1.032830511664444884e+03 1.032830511587491628e+03 1.032830511575711398e+03
1.062513139553471319e+03 1.062513139557003115e+03 1.062513139557180921e+03 1.062513139581905307e+03 1.062513139487478838e+03 1.062513139476802735e+03
1.092195767464250594e+03 1.092195767468457916e+03 1.092195767466994766e+03 1.092195767491363085e+03 1.092195767381811947e+03 1.092195767352691746e+03
1.121878395375398895e+03 1.121878395379821768e+03 1.121878395375531909e+03 1.121878395402043452e+03 1.121878395279587949e+03 1.121878395227318151e+03
1.151561023286768432e+03 1.151561023291017364e+03 1.151561023284801422e+03 1.151561023315409102e+03 1.151561023167132362e+03 1.151561023099138993e+03
1.181243651198046337e+03 1.181243651202109049e+03 1.181243651194521135e+03 1.181243651226303882e+03 1.181243651037955260e+03 1.181243650978759888e+03
1.210926279108901554e+03 1.210926279113729834e+03 1.210926279105168760e+03 1.210926279141230225e+03 1.210926278912654425e+03 1.210926278896144140e+03
1.240608907019705384e+03 1.240608907025755343e+03 1.240608907016269541e+03 1.240608907063935703e+03 1.240608906802192678e+03 1.240608906818033347e+03
1.270291534930458511e+03 1.270291534938028235e+03 1.270291534928297096e+03 1.270291534981309042e+03 1.270291534679176266e+03 1.270291534702541867e+03
1.299974162841160705e+03 1.299974162849942559e+03 1.299974162842400574e+03 1.299974162900948158e+03 1.299974162547798869e+03 1.299974162576527760e+03
1.329656790751858580e+03 1.329656790761798675e+03 1.329656790758704574e+03 1.329656790807470998e+03 1.329656790410276699e+03 1.329656790436988103e+03
1.359339418662748585e+03 1.359339418674098397e+03 1.359339418677256162e+03 1.359339418716430373e+03 1.359339418271744080e+03 1.359339418295249061e+03
1.389022046573675425e+03 1.389022046587555678e+03 1.389022046595482152e+03 1.389022046629761235e+03 1.389022046146466892e+03 1.389022046122685424e+03
1.418704674484638872e+03 1.418704674501708496e+03 1.418704674510806399e+03 1.418704674533843445e+03 1.418704674041301587e+03 1.418704673951614495e+03
1.448387302395638926e+03 1.448387302415472277e+03 1.448387302425406460e+03 1.448387302432734941e+03 1.448387301936632639e+03 1.448387301808017583e+03
1.478069930306675815e+03 1.478069930328743339e+03 1.478069930338701397e+03 1.478069930328592363e+03 1.478069929855643068e+03 1.478069929670499278e+03
1.507752558217779779e+03 1.507752558241822271e+03 1.507752558249914500e+03 1.507752558233491982e+03 1.507752557787230444e+03 1.507752557543578178e+03
1.537435186128931036e+03 1.537435186154039229e+03 1.537435186159845671e+03 1.537435186146219394e+03 1.537435185724566509e+03 1.537435185427170836e+03
1.567117814040128906e+03 1.567117814065704124e+03 1.567117814071742487e+03 1.567117814047749562e+03 1.567117813649585287e+03 1.567117813298222700e+03
1.596800441951373614e+03 1.596800441976612547e+03 1.596800441984258896e+03 1.596800441945427110e+03 1.596800441554757526e+03 1.596800441130373656e+03
1.626483069862664934e+03 1.626483069886195153e+03 1.626483069895294875e+03 1.626483069836168170e+03 1.626483069453181315e+03 1.626483068978615165e+03
1.656165697773974671e+03 1.656165697794771859e+03 1.656165697804680349e+03 1.656165697720911339e+03 1.656165697333222852e+03 1.656165696826672274e+03
1.685848325685309646e+03 1.685848325704140279e+03 1.685848325714245902e+03 1.685848325607385732e+03 1.685848325198587645e+03 1.685848324675309868e+03
1.715530953596675090e+03 1.715530953615216731e+03 1.715530953625449229e+03 1.715530953496303709e+03 1.715530953049893014e+03 1.715530952553907809e+03
1.745213581508070547e+03 1.745213581527132646e+03 1.745213581539017468e+03 1.745213581396403242e+03 1.745213580903786578e+03 1.745213580448060611e+03
1.774896209419493971e+03 1.774896209439227732e+03 1.774896209452705079e+03 1.774896209313084910e+03 1.774896208773637227e+03 1.774896208347307720e+03
1.804578837330944680e+03 1.804578837351557240e+03 1.804578837366420657e+03 1.804578837224300969e+03 1.804578836656379963e+03 1.804578836233082711e+03
1.834261465242421536e+03 1.834261465264095023e+03 1.834261465280120774e+03 1.834261465133844013e+03 1.834261464539960798e+03 1.834261464087300283e+03
1.863944093153923404e+03 1.863944093176755587e+03 1.863944093193540084e+03 1.863944093039890959e+03 1.863944092430566116e+03 1.863944091936094310e+03
1.893626721065390711e+03 1.893626721089388411e+03 1.893626721106033528e+03 1.893626720947044078e+03 1.893626720339400663e+03 1.893626719794907103e+03
1.923309348976715455e+03 1.923309349001903684e+03 1.923309349017071781e+03 1.923309348850210199e+03 1.923309348258594810e+03 1.923309347662573600e+03
1.952991976887991768e+03 1.952991976914217503e+03 1.952991976928936310e+03 1.952991976750745380e+03 1.952991976182642475e+03 1.952991975516104048e+03
1.982674604799210783e+03 1.982674604826232553e+03 1.982674604840461598e+03 1.982674604650545234e+03 1.982674604117881017e+03 1.982674603358403374e+03
2.012357232710364769e+03 2.012357232738411540e+03 2.012357232751447555e+03 2.012357232549764149e+03 2.012357232065490507e+03 2.012357231189464983e+03
2.042039860621445314e+03 2.042039860650857008e+03 2.042039860661607463e+03 2.042039860448989657e+03 2.042039860015983550e+03 2.042039859036813141e+03
2.071722488532443094e+03 2.071722488563395927e+03 2.071722488571819667e+03 2.071722488350152162e+03 2.071722487963200365e+03 2.071722486902532182e+03
2.101405116443351289e+03 2.101405116476049898e+03 2.101405116482222184e+03 2.101405116255572921e+03 2.101405115904696686e+03 2.101405114781417524e+03
2.131087744354161259e+03 2.131087744388458759e+03 2.131087744392411878e+03 2.131087744167980873e+03 2.131087743831516036e+03 2.131087742634367260e+03
2.160770372265264086e+03 2.160770372300451527e+03 2.160770372302325086e+03 2.160770372082963149e+03 2.160770371734943183e+03 2.160770370480963720e+03
2.190453000176459682e+03 2.190453000212240113e+03 2.190453000212201914e+03 2.190452999995576647e+03 2.190452999613359680e+03 2.190452998323648899e+03
2.220135628087703481e+03 2.220135628123812239e+03 2.220135628122974140e+03 2.220135627910083713e+03 2.220135627492610638e+03 2.220135626167032569e+03
2.249818255999005942e+03 2.249818256035155628e+03 2.249818256034351180e+03 2.249818255826374752e+03 2.249818255360661169e+03 2.249818254009639986e+03
2.279500883910373886e+03 2.279500883946256181e+03 2.279500883946545400e+03 2.279500883743953182e+03 2.279500883220365722e+03 2.279500881860253230e+03
2.309183511821815500e+03 2.309183511857102530e+03 2.309183511859789633e+03 2.309183511660260592e+03 2.309183511070230452e+03 2.309183509728366516e+03
2.338866139733339878e+03 2.338866139768242647e+03 2.338866139771734652e+03 2.338866139575475700e+03 2.338866138908719222e+03 2.338866137624521798e+03
2.368548767644955205e+03 2.368548767679506454e+03 2.368548767682815196e+03 2.368548767488598969e+03 2.368548766740507745e+03 2.368548765539676424e+03
2.398231395556412281e+03 2.398231395590809370e+03 2.398231395592731587e+03 2.398231395398502173e+03 2.398231394568147152e+03 2.398231393443162688e+03
2.427914023467452353e+03 2.427914023502177770e+03 2.427914023500947678e+03 2.427914023307014304e+03 2.427914022404131629e+03 2.427914021357298680e+03
2.457596651378366914e+03 2.457596651413637119e+03 2.457596651408049638e+03 2.457596651213222231e+03 2.457596650253755797e+03 2.457596649282126236e+03
2.487279279289139595e+03 2.487279279325214247e+03 2.487279279314721862e+03 2.487279279116178714e+03 2.487279278124031407e+03 2.487279277217477102e+03
2.516961907199755387e+03 2.516961907236931893e+03 2.516961907220159446e+03 2.516961907015423549e+03 2.516961906014352735e+03 2.516961905129819570e+03
2.546644535110197012e+03 2.546644535148744581e+03 2.546644535124275990e+03 2.546644534915102213e+03 2.546644533868180133e+03 2.546644533020919425e+03
2.576327163020449916e+03 2.576327163060721432e+03 2.576327163027120150e+03 2.576327162822208720e+03 2.576327161714222257e+03 2.576327160882875887e+03
2.606009790930495910e+03 2.606009790972884275e+03 2.606009790929685551e+03 2.606009790735715342e+03 2.606009789551692847e+03 2.606009788704243419e+03
2.635692418840320897e+03 2.635692418885255393e+03 2.635692418831733903e+03 2.635692418658649331e+03 2.635692417380569623e+03 2.635692416509024952e+03
2.665375046751208174e+03 2.665375046797857067e+03 2.665375046733541694e+03 2.665375046592835133e+03 2.665375045201597004e+03 2.665375044346777031e+03
2.695057674662250065e+03 2.695057674710710671e+03 2.695057674635435433e+03 2.695057674518815020e+03 2.695057673017335674e+03 2.695057672194515817e+03
2.724740302573395638e+03 2.724740302623639309e+03 2.724740302538742526e+03 2.724740302445175075e+03 2.724740300832174853e+03 2.724740300063017003e+03
2.754422930484649441e+03 2.754422930536161402e+03 2.754422930443989571e+03 2.754422930369961250e+03 2.754422928648338711e+03 2.754422927964899827e+03
2.784105558396013294e+03 2.784105558448655302e+03 2.784105558351604486e+03 2.784105558290813860e+03 2.784105556470196461e+03 2.784105555852894668e+03
2.813788186307489923e+03 2.813788186361098724e+03 2.813788186262295767e+03 2.813788186216641407e+03 2.813788184302928130e+03 2.813788183752140867e+03
2.843470814219082968e+03 2.843470814273470751e+03 2.843470814176827844e+03 2.843470814146082830e+03 2.843470812152530470e+03 2.843470811666460122e+03
2.873153442130796066e+03 2.873153442185750464e+03 2.873153442096020171e+03 2.873153442074750274e+03 2.873153440000259252e+03 2.873153439597437682e+03
2.902836070042631036e+03 2.902836070097917400e+03 2.902836070020230636e+03 2.902836070000970722e+03 2.902836067836184611e+03 2.902836067528895910e+03
2.932518697954591516e+03 2.932518698010164826e+03 2.932518697941824939e+03 2.932518697922725096e+03 2.932518695675778417e+03 2.932518695441699492e+03
2.962201325866680236e+03 2.962201325922589149e+03 2.962201325865784383e+03 2.962201325837647346e+03 2.962201323519811012e+03 2.962201323345540914e+03
2.991883953778900832e+03 2.991883953835036664e+03 2.991883953792028024e+03 2.991883953744583778e+03 2.991883951369071838e+03 2.991883951235975019e+03
3.021566581691256033e+03 3.021566581747509190e+03 3.021566581720436261e+03 3.021566581665153080e+03 3.021566579224381712e+03 3.021566579108284714e+03
3.051249209603362033e+03 3.051249209660012184e+03 3.051249209650860394e+03 3.051249209584479104e+03 3.051249207083815691e+03 3.051249206957468687e+03
3.080931837515482584e+03 3.080931837572546101e+03 3.080931837583111246e+03 3.080931837502078906e+03 3.080931834948086816e+03 3.080931834778248685e+03
3.110614465427646792e+03 3.110614465485115034e+03 3.110614465515973734e+03 3.110614465417384054e+03 3.110614462818163702e+03 3.110614462600056413e+03
3.140297093339849653e+03 3.140297093398097786e+03 3.140297093447648876e+03 3.140297093329748805e+03 3.140297090694311919e+03 3.140297090437706174e+03
3.169979721252088439e+03 3.169979721311418871e+03 3.169979721378671002e+03 3.169979721238443744e+03 3.169979718576767482e+03 3.169979718270884860e+03
3.199662349164359057e+03 3.199662349225016897e+03 3.199662349308347530e+03 3.199662349144783093e+03 3.199662346465732298e+03 3.199662346101531057e+03
3.229344977076657415e+03 3.229344977138922332e+03 3.229344977235921306e+03 3.229344977050784564e+03 3.229344974347073730e+03 3.229344973931938966e+03
3.259027604988980784e+03 3.259027605053164734e+03 3.259027605160568328e+03 3.259027604953891569e+03 3.259027602225453847e+03 3.259027601764737938e+03
3.288710232901324616e+03 3.288710232967775482e+03 3.288710233081396836e+03 3.288710232853784873e+03 3.288710230099177352e+03 3.288710229602915661e+03
3.318392860813685729e+03 3.318392860882778677e+03 3.318392861003398139e+03 3.318392860750126147e+03 3.318392857965725852e+03 3.318392857445915524e+03
3.348075488726060030e+03 3.348075488797213438e+03 3.348075488925893751e+03 3.348075488642553410e+03 3.348075485822310384e+03 3.348075485296270926e+03
3.377758116638444335e+03 3.377758116711694129e+03 3.377758116847019210e+03 3.377758116530687403e+03 3.377758113668320675e+03 3.377758113159061850e+03
3.407440744550834097e+03 3.407440744626195738e+03 3.407440744766753596e+03 3.407440744424917284e+03 3.407440741518993491e+03 3.407440741037858515e+03
3.437123372463012856e+03 3.437123372540697346e+03 3.437123372685102368e+03 3.437123372324313550e+03 3.437123369363467646e+03 3.437123368936512634e+03
3.466806000375108852e+03 3.466806000455175308e+03 3.466806000602095537e+03 3.466806000227589720e+03 3.466805997201308855e+03 3.466805996859161951e+03
3.496488628287141182e+03 3.496488628369607341e+03 3.496488628517779034e+03 3.496488628136217812e+03 3.496488625032146956e+03 3.496488624810226611e+03
3.526171256199102572e+03 3.526171256283827461e+03 3.526171256431837719e+03 3.526171256051806722e+03 3.526171252855674538e+03 3.526171252738281964e+03
3.555853884110985746e+03 3.555853884197366824e+03 3.555853884344570815e+03 3.555853883976103134e+03 3.555853880674229913e+03 3.555853880644429410e+03
3.585536512022782517e+03 3.585536512110505100e+03 3.585536512256065180e+03 3.585536511908720968e+03 3.585536508492776193e+03 3.585536508543036234e+03
3.615219139934485611e+03 3.615219140023184991e+03 3.615219140166431771e+03 3.615219139826591800e+03 3.615219136308079214e+03 3.615219136429503124e+03
3.644901767846086841e+03 3.644901767935349199e+03 3.644901768075802465e+03 3.644901767743808705e+03 3.644901764120796997e+03 3.644901764298710532e+03
3.674584395757579841e+03 3.674584395846938150e+03 3.674584395984332787e+03 3.674584395659256188e+03 3.674584391931667597e+03 3.674584392145015499e+03
3.704267023668955517e+03 3.704267023757894094e+03 3.704267023892894940e+03 3.704267023571654136e+03 3.704267019741506374e+03 3.704267019962247559e+03
3.733949651580207501e+03 3.733949651668997376e+03 3.733949651802987319e+03 3.733949651479572367e+03 3.733949647551209182e+03 3.733949647798668593e+03
3.763632279491327154e+03 3.763632279580787781e+03 3.763632279714148808e+03 3.763632279381419721e+03 3.763632275361749635e+03 3.763632275640941316e+03
3.793314907402307654e+03 3.793314907492606835e+03 3.793314907626904187e+03 3.793314907283514003e+03 3.793314903174181836e+03 3.793314903477295957e+03
3.822997535313037133e+03 3.822997535404496375e+03 3.822997535541823709e+03 3.822997535194808734e+03 3.822997530988809103e+03 3.822997531308326870e+03
3.852680163223521049e+03 3.852680163316499602e+03 3.852680163459524010e+03 3.852680163109445402e+03 3.852680158805922474e+03 3.852680159134799851e+03
3.882362791133755309e+03 3.882362791228661081e+03 3.882362791380668114e+03 3.882362791029127038e+03 3.882362786626874822e+03 3.882362786957665321e+03
3.912045419043720358e+03 3.912045419141021739e+03 3.912045419303874496e+03 3.912045418955808600e+03 3.912045414452544719e+03 3.912045414778036957e+03
3.941728046953396642e+03 3.941728047051814428e+03 3.941728047224578859e+03 3.941728046891698796e+03 3.941728042283844388e+03 3.941728042593833834e+03
3.971410674864747307e+03 3.971410674965570252e+03 3.971410675139876730e+03 3.971410674800782544e+03 3.971410670085561833e+03 3.971410670460242727e+03
4.001093302775825578e+03 4.001093302878716713e+03 4.001093303061185907e+03 4.001093302740599484e+03 4.001093297895923570e+03 4.001093298280627096e+03
4.030775930686938864e+03 4.030775930791428436e+03 4.030775930982158570e+03 4.030775930682593298e+03 4.030775925749216185e+03 4.030775926096467629e+03
4.060458558598111722e+03 4.060458558702522168e+03 4.060458558902990262e+03 4.060458558613262994e+03 4.060458553604179997e+03 4.060458553914192635e+03
4.090141186509785712e+03 4.090141186612473575e+03 4.090141186822967029e+03 4.090141186504959478e+03 4.090141181429704375e+03 4.090141181709490411e+03
4.119823814421833958e+03 4.119823814522222165e+03 4.119823814743424919e+03 4.119823814374455651e+03 4.119823809248219732e+03 4.119823809526039440e+03
4.149506442333821724e+03 4.149506442434775636e+03 4.149506442666748626e+03 4.149506442264706493e+03 4.149506437063775593e+03 4.149506437386292419e+03
4.179189070245984112e+03 4.179189070348498717e+03 4.179189070591473865e+03 4.179189070173599248e+03 4.179189064874169162e+03 4.179189065269672028e+03
4.208871698158322033e+03 4.208871698264065344e+03 4.208871698513647061e+03 4.208871698082601142e+03 4.208871692679033004e+03 4.208871693169637183e+03
4.238554326069869603e+03 4.238554326181872966e+03 4.238554326428351487e+03 4.238554325991712176e+03 4.238554320478370755e+03 4.238554321088392498e+03
4.268236953980856924e+03 4.268236954101570518e+03 4.268236954340844022e+03 4.268236953900932349e+03 4.268236948272177870e+03 4.268236949027482297e+03
4.297919581891641428e+03 4.297919582018073015e+03 4.297919582251126485e+03 4.297919581806392671e+03 4.297919576082946151e+03 4.297919576986909306e+03
4.327602209802224934e+03 4.327602209934004350e+03 4.327602210159196147e+03 4.327602209705270070e+03 4.327602203905177703e+03 4.327602204966669888e+03
4.357284837712605622e+03 4.357284837849951145e+03 4.357284838065741496e+03 4.357284837601288928e+03 4.357284831732216844e+03 4.357284832910573641e+03
4.386967465622785312e+03 4.386967465765912493e+03 4.386967465985470881e+03 4.386967465494450153e+03 4.386967459564064484e+03 4.386967460799649416e+03
4.416650093532882238e+03 4.416650093681890212e+03 4.416650093907988776e+03 4.416650093384754655e+03 4.416650087400721532e+03 4.416650088673173741e+03
4.446332721444479830e+03 4.446332721597034833e+03 4.446332721833295182e+03 4.446332721275708536e+03 4.446332715267711137e+03 4.446332716531149345e+03
4.476015349356343904e+03 4.476015349511215391e+03 4.476015349761390098e+03 4.476015349176620475e+03 4.476015343170781307e+03 4.476015344373576227e+03
4.505697977268475370e+03 4.505697977424921191e+03 4.505697977692271706e+03 4.505697977079527845e+03 4.505697971094202330e+03 4.505697972196516275e+03
4.535380605180873317e+03 4.535380605338153146e+03 4.535380605619235212e+03 4.535380604984431557e+03 4.535380599037971479e+03 4.535380599991884083e+03
4.565063233093538656e+03 4.565063233250910343e+03 4.565063233543719434e+03 4.565063232891330699e+03 4.565063227002088752e+03 4.565063227767044737e+03
4.594745861006469568e+03 4.594745861164103189e+03 4.594745861467909890e+03 4.594745860799935144e+03 4.594745854959364806e+03 4.594745855521992780e+03
4.624428488919007577e+03 4.624428489079684368e+03 4.624428489391804760e+03 4.624428488705517339e+03 4.624428482877312490e+03 4.624428483256728214e+03
4.654111116830714309e+03 4.654111116995885823e+03 4.654111117315407682e+03 4.654111116611060424e+03 4.654111110785158417e+03 4.654111110974178700e+03
4.683793744742276431e+03 4.683793744912709371e+03 4.683793745237138864e+03 4.683793744516414336e+03 4.683793738680724346e+03 4.683793738722046328e+03
4.713476372653693033e+03 4.713476372830153196e+03 4.713476373154904650e+03 4.713476372421431734e+03 4.713476366561831128e+03 4.713476366470037647e+03
4.743159000564965027e+03 4.743159000748209110e+03 4.743159001070586783e+03 4.743159000325966190e+03 4.743158994426295976e+03 4.743158994219596025e+03
4.772841628476089681e+03 4.772841628665047210e+03 4.772841628984063391e+03 4.772841628229864909e+03 4.772841622271944289e+03 4.772841621972165740e+03
4.802524256387070636e+03 4.802524256581813461e+03 4.802524256895211693e+03 4.802524256132985101e+03 4.802524250096592368e+03 4.802524249729194707e+03
4.832206884298070690e+03 4.832206884498464206e+03 4.832206884803915273e+03 4.832206884035175790e+03 4.832206877898063794e+03 4.832206877492129024e+03
4.861889512209016175e+03 4.861889512414954879e+03 4.861889512710050440e+03 4.861889511944031256e+03 4.861889505755812934e+03 4.861889505262412058e+03
4.891572140119882533e+03 4.891572140331243645e+03 4.891572140613498050e+03 4.891572139866952057e+03 4.891572133634319471e+03 4.891572133041488087e+03
4.921254768030674313e+03 4.921254768247285028e+03 4.921254768514134412e+03 4.921254767795455336e+03 4.921254761519824569e+03 4.921254760828343024e+03
4.950937395941393333e+03 4.950937396163035373e+03 4.950937396414270552e+03 4.950937395730081334e+03 4.950937389413676101e+03 4.950937388618430305e+03
4.980620023852045051e+03 4.980620024078450115e+03 4.980620024316990566e+03 4.980620023671371200e+03 4.980620017317221027e+03 4.980620016418309206e+03
5.010302651762631285e+03 5.010302651993486506e+03 5.010302652218905678e+03 5.010302651619871540e+03 5.010302645231807219e+03 5.010302644229095677e+03
5.039985279673157493e+03 5.039985279908110897e+03 5.039985280120126845e+03 5.039985279576120774e+03 5.039985273158784366e+03 5.039985272051902939e+03
5.069667907583627311e+03 5.069667907822278721e+03 5.069667908020755931e+03 5.069667907540665510e+03 5.069667901099500341e+03 5.069667899887848762e+03
5.099350535494042560e+03 5.099350535735943595e+03 5.099350535920904804e+03 5.099350535514045077e+03 5.099350529035721593e+03 5.099350527738037272e+03
5.129033163404405968e+03 5.129033163649060043e+03 5.129033163820677146e+03 5.129033163481312840e+03 5.129033156905314172e+03 5.129033155603592604e+03
5.158715791315119532e+03 5.158715791561584410e+03 5.158715791720183915e+03 5.158715791447889387e+03 5.158715784760362112e+03 5.158715783485625252e+03
5.188398419226175974e+03 5.188398419473475769e+03 5.188398419619528795e+03 5.188398419417530022e+03 5.188398412598923642e+03 5.188398411346467583e+03
5.218081047137376117e+03 5.218081047384689555e+03 5.218081047520994616e+03 5.218081047390070125e+03 5.218081040419054261e+03 5.218081039164280810e+03
5.247763675048736332e+03 5.247763675295180292e+03 5.247763675427889211e+03 5.247763675365340532e+03 5.247763668218812199e+03 5.247763666972348801e+03
5.277446302960276626e+03 5.277446303204908872e+03 5.277446303337170320e+03 5.277446303343174804e+03 5.277446295996252957e+03 5.277446294768905318e+03
5.307128930872011551e+03 5.307128931114106308e+03 5.307128931249158995e+03 5.307128931323404686e+03 5.307128923749432943e+03 5.307128922552187760e+03
5.336811558783961118e+03 5.336811559023712107e+03 5.336811559164174469e+03 5.336811559305861920e+03 5.336811551476408567e+03 5.336811550320437163e+03
5.366494186696141696e+03 5.366494186932872253e+03 5.366494187082541430e+03 5.366494187291450544e+03 5.366494179234377043e+03 5.366494178071884562e+03
5.396176814608572386e+03 5.396176814841583109e+03 5.396176815004580021e+03 5.396176815288582475e+03 5.396176807020569868e+03 5.396176805804767355e+03
5.425859442521270466e+03 5.425859442749845584e+03 5.425859442930612204e+03 5.425859443290866693e+03 5.425859434808959122e+03 5.425859433517322941e+03
5.455542070434252309e+03 5.455542070657656950e+03 5.455542070860959029e+03 5.455542071298490555e+03 5.455542062600943609e+03 5.455542061272058163e+03
5.485224698347028607e+03 5.485224698565016297e+03 5.485224698791183073e+03 5.485224699311638688e+03 5.485224690397930317e+03 5.485224689057930846e+03
5.514907326259091860e+03 5.514907326471924534e+03 5.514907326713781003e+03 5.514907327330492080e+03 5.514907318201317139e+03 5.514907316851989890e+03
5.544589954171121462e+03 5.544589954378378025e+03 5.544589954636533548e+03 5.544589955355234451e+03 5.544589946012507426e+03 5.544589944655696854e+03
5.574272582083107409e+03 5.574272582284377677e+03 5.574272582559266084e+03 5.574272583386050428e+03 5.574272573832902708e+03 5.574272572470514206e+03
5.603955209995037876e+03 5.603955210192613777e+03 5.603955210481807626e+03 5.603955211423123728e+03 5.603955201663495245e+03 5.603955200297903502e+03
5.633637837906899222e+03 5.633637838101897614e+03 5.633637838403982641e+03 5.633637839452049775e+03 5.633637829497988605e+03 5.633637828139323574e+03
5.663320465818682351e+03 5.663320466011822646e+03 5.663320466325616508e+03 5.663320467463317982e+03 5.663320457343113048e+03 5.663320455996237797e+03
5.693003093730374530e+03 5.693003093922489825e+03 5.693003094246537330e+03 5.693003095469767686e+03 5.693003085199979978e+03 5.693003083870106821e+03
5.722685721641963028e+03 5.722685721833992829e+03 5.722685722166572305e+03 5.722685723470440280e+03 5.722685713069708072e+03 5.722685711732393429e+03
5.752368349553436929e+03 5.752368349746429885e+03 5.752368350087312137e+03 5.752368351464365333e+03 5.752368340953406914e+03 5.752368339600803665e+03
5.782050977464785319e+03 5.782050977659898308e+03 5.782050978011821826e+03 5.782050979450579689e+03 5.782050968852192455e+03 5.782050967478581697e+03
5.811733605376133710e+03 5.811733605574494504e+03 5.811733605936929052e+03 5.811733607428117466e+03 5.811733596767177914e+03 5.811733595366071313e+03
5.841416233288113290e+03 5.841416233490315790e+03 5.841416233862656554e+03 5.841416235396015509e+03 5.841416224699478335e+03 5.841416223263613574e+03
5.871098861200161991e+03 5.871098861405897878e+03 5.871098861789025250e+03 5.871098863353307934e+03 5.871098852635854200e+03 5.871098851171546812e+03
5.900781489112284362e+03 5.900781489319965658e+03 5.900781489716055148e+03 5.900781491318592089e+03 5.900781480567763538e+03 5.900781479090217545e+03
5.930464117024488587e+03 5.930464117234290825e+03 5.930464117643767167e+03 5.930464119282842148e+03 5.930464108508781464e+03 5.930464107019965923e+03
5.960146744936781033e+03 5.960146745148851551e+03 5.960146745572181317e+03 5.960146747242318270e+03 5.960146736458875239e+03 5.960146734956964792e+03
5.989829372849169886e+03 5.989829373063629646e+03 5.989829373501318514e+03 5.989829375196887668e+03 5.989829364418012119e+03 5.989829362862502421e+03
6.019512000761658783e+03 6.019512000978606920e+03 6.019512001429740849e+03 6.019512003146421193e+03 6.019511992386159363e+03 6.019511990765166956e+03
6.049194628674256819e+03 6.049194628893761546e+03 6.049194629354487006e+03 6.049194631090783332e+03 6.049194620363275135e+03 6.049194618663781512e+03
6.078877256586971271e+03 6.078877256809075334e+03 6.078877257278264551e+03 6.078877259029844936e+03 6.078877248349333058e+03 6.078877246557174658e+03
6.108559884499807595e+03 6.108559884724530093e+03 6.108559885200922508e+03 6.108559886963472309e+03 6.108559876344297663e+03 6.108559874444177694e+03
6.138242512412773067e+03 6.138242512640116729e+03 6.138242513122312630e+03 6.138242514893379848e+03 6.138242504320707667e+03 6.138242502323618282e+03
6.167925140325020948e+03 6.167925140556271799e+03 6.167925141042285759e+03 6.167925142828794378e+03 6.167925132292225499e+03 6.167925130194321355e+03
6.197607768237197888e+03 6.197607768472655152e+03 6.197607768960690919e+03 6.197607770762640030e+03 6.197607760260679242e+03 6.197607758055120939e+03
6.227290396149335720e+03 6.227290396389258603e+03 6.227290396877378953e+03 6.227290398695260592e+03 6.227290388224796516e+03 6.227290385906556367e+03
6.256973024061433534e+03 6.256973024306078514e+03 6.256973024792203432e+03 6.256973026627008949e+03 6.256973016183270374e+03 6.256973013750790415e+03
6.286655651973491331e+03 6.286655652223109428e+03 6.286655652706453111e+03 6.286655654558239803e+03 6.286655644134792965e+03 6.286655641583726720e+03
6.316338279885510019e+03 6.316338280140344068e+03 6.316338280623260289e+03 6.316338282489322410e+03 6.316338272078014597e+03 6.316338269404415769e+03
6.346020907797485961e+03 6.346020908057776069e+03 6.346020908539594529e+03 6.346020910420631481e+03 6.346020900011590129e+03 6.346020897211927149e+03
6.375703535709419157e+03 6.375703535975403611e+03 6.375703536455484027e+03 6.375703538352542637e+03 6.375703527934142585e+03 6.375703525005325901e+03
6.405386163621310516e+03 6.405386163893218509e+03 6.405386164370958795e+03 6.405386166285445142e+03 6.405386155844288623e+03 6.405386152783681609e+03
6.435068791533156400e+03 6.435068791810825132e+03 6.435068792286044300e+03 6.435068794219734627e+03 6.435068783740615800e+03 6.435068780546068410e+03
6.464751419444957719e+03 6.464751419728220753e+03 6.464751420200773282e+03 6.464751422155812179e+03 6.464751411621695297e+03 6.464751408291564076e+03
6.494434047356711744e+03 6.494434047645574537e+03 6.494434048115173027e+03 6.494434050094085251e+03 6.494434039486087386e+03 6.494434036019247287e+03
6.524116675268420295e+03 6.524116675562858291e+03 6.524116676029273549e+03 6.524116678032704840e+03 6.524116667372401935e+03 6.524116663728204003e+03
6.553799303180081552e+03 6.553799303480045637e+03 6.553799303943795167e+03 6.553799305956678836e+03 6.553799295255190373e+03 6.553799291417524728e+03
6.583481931091693696e+03 6.583481931397110202e+03 6.583481931860522309e+03 6.583481933878616474e+03 6.583481923130867472e+03 6.583481919086298149e+03
6.613164559003256727e+03 6.613164559314025610e+03 6.613164559777975228e+03 6.613164561798308569e+03 6.613164550999495987e+03 6.613164546742959828e+03
6.642847186914769736e+03 6.642847187230763666e+03 6.642847187696277615e+03 6.642847189715515924e+03 6.642847178861192333e+03 6.642847174467161494e+03
6.672529814825667927e+03 6.672529815147295267e+03 6.672529815615545886e+03 6.672529817629982062e+03 6.672529806716112944e+03 6.672529802196787386e+03
6.702212442736366029e+03 6.702212443063595856e+03 6.702212443535905550e+03 6.702212445541427769e+03 6.702212434564475188e+03 6.702212429934639658e+03
6.731895070646854947e+03 6.731895070979635420e+03 6.731895071457473023e+03 6.731895073449552001e+03 6.731895062406536454e+03 6.731895057683704181e+03
6.761577698557122858e+03 6.761577698895385765e+03 6.761577699380368358e+03 6.761577701354036435e+03 6.761577690242605058e+03 6.761577685447165095e+03
6.791260326467154300e+03 6.791260326810822335e+03 6.791260327304716157e+03 6.791260329254532735e+03 6.791260318073043891e+03 6.791260313228405721e+03
6.820942954376936541e+03 6.820942954725913296e+03 6.820942955231633277e+03 6.820942957150681650e+03 6.820942945898262224e+03 6.820942941030992188e+03
6.850625582286455028e+03 6.850625582640702305e+03 6.850625583165114222e+03 6.850625585042091188e+03 6.850625573718715714e+03 6.850625568858687984e+03
6.880308210195697029e+03 6.880308210557059283e+03 6.880308211104065776e+03 6.880308212928354806e+03 6.880308201534916407e+03 6.880308196715444865e+03
6.909990838104649811e+03 6.909990838475081546e+03 6.909990839049592068e+03 6.909990840809877227e+03 6.909990829350627791e+03 6.909990824605417401e+03
6.939673466013297002e+03 6.939673466395269315e+03 6.939673467002892721e+03 6.939673468721429344e+03 6.939673457168645655e+03 6.939673452532946612e+03
6.969356093921629508e+03 6.969356094318174655e+03 6.969356094965265584e+03 6.969356096689108199e+03 6.969356084991037278e+03 6.969356080502563600e+03
6.999038721833778254e+03 6.999038722231413885e+03 6.999038722908917407e+03 6.999038724643130081e+03 6.999038712913695235e+03 6.999038708433806278e+03
7.028721349745337648e+03 7.028721350142617666e+03 7.028721350834195619e+03 7.028721352580124403e+03 7.028721340828284156e+03 7.028721336148160844e+03
7.058403977656500501e+03 7.058403978053472201e+03 7.058403978752626244e+03 7.058403980495572796e+03 7.058403968731320674e+03 7.058403963729083443e+03
7.088086605567454171e+03 7.088086605969912853e+03 7.088086606666064654e+03 7.088086608375348078e+03 7.088086596614304653e+03 7.088086591472668260e+03
7.117769233478386013e+03 7.117769233889121097e+03 7.117769234583633988e+03 7.117769236263184212e+03 7.117769224476322051e+03 7.117769219384606913e+03
7.147451861389141413e+03 7.147451861808594913e+03 7.147451862504602104e+03 7.147451864175365699e+03 7.147451852329440044e+03 7.147451847320337947e+03
7.177134489299827692e+03 7.177134489728165136e+03 7.177134490428700701e+03 7.177134492090241110e+03 7.177134480193128184e+03 7.177134475157406996e+03
7.206817117210764991e+03 7.206817117648107342e+03 7.206817118355334060e+03 7.206817120007813173e+03 7.206817108057215592e+03 7.206817102974287991e+03
7.236499745121752312e+03 7.236499745567682112e+03 7.236499746285173387e+03 7.236499747913237115e+03 7.236499735930037787e+03 7.236499730855057351e+03
7.266182373032956093e+03 7.266182373487455152e+03 7.266182374219400117e+03 7.266182375817155844e+03 7.266182363806586181e+03 7.266182358746379577e+03
7.295865000946454529e+03 7.295865001407423733e+03 7.295865002156764604e+03 7.295865003719887682e+03 7.295864991686868052e+03 7.295864986648251033e+03
7.325547628861103476e+03 7.325547629327043069e+03 7.325547630097263209e+03 7.325547631621435357e+03 7.325547619564112210e+03 7.325547614534722015e+03
7.355230256776904753e+03 7.355230257244903441e+03 7.355230258040899571e+03 7.355230259521797052e+03 7.355230247379528009e+03 7.355230242319600620e+03
7.384912884689235398e+03 7.384912885162391831e+03 7.384912885987672780e+03 7.384912887420974585e+03 7.384912875181304116e+03 7.384912870082662266e+03
7.414595512601023074e+03 7.414595513079510965e+03 7.414595513937581927e+03 7.414595515319748301e+03 7.414595502969434165e+03 7.414595497823909682e+03
7.444278140512687969e+03 7.444278140996259026e+03 7.444278141879951363e+03 7.444278143224720225e+03 7.444278130743920883e+03 7.444278125543340138e+03
7.473960768424234629e+03 7.473960768912635103e+03 7.473960769812922990e+03 7.473960771130521607e+03 7.473960758504763362e+03 7.473960753240955455e+03
7.503643396335661237e+03 7.503643396828640107e+03 7.503643397743802780e+03 7.503643399037159725e+03 7.503643386251966149e+03 7.503643380916752903e+03
7.533326024246965972e+03 7.533326024744276765e+03 7.533326025672585274e+03 7.533326026944629120e+03 7.533326013985518330e+03 7.533326008590788661e+03
7.563008652158151563e+03 7.563008652659061227e+03 7.563008653599274112e+03 7.563008654852934342e+03 7.563008641728297334e+03 7.563008636408463644e+03
7.592691280069753702e+03 7.592691280573329095e+03 7.592691281523870202e+03 7.592691282762070841e+03 7.592691269463133722e+03 7.592691264248785956e+03
7.622373907981536831e+03 7.622373908487104927e+03 7.622373909446370817e+03 7.622373910677343702e+03 7.622373897189979289e+03 7.622373892111758323e+03
7.652056535893371802e+03 7.652056536400387813e+03 7.652056537378723078e+03 7.652056538613453085e+03 7.652056524908837673e+03 7.652056519997374380e+03
7.681739163805259523e+03 7.681739164313175934e+03 7.681739165315538230e+03 7.681739166556452801e+03 7.681739152619702509e+03 7.681739147905641403e+03
7.711421791717200904e+03 7.711421792225472018e+03 7.711421793254212389e+03 7.711421794506342849e+03 7.711421780322582890e+03 7.711421775836552115e+03
7.741104419629193217e+03 7.741104420137275156e+03 7.741104421194746465e+03 7.741104422463124138e+03 7.741104408017469723e+03 7.741104403785282557e+03
7.770787047541241009e+03 7.770787048051667625e+03 7.770787049137141366e+03 7.770787050426793030e+03 7.770787035775189906e+03 7.770787031580825897e+03
7.800469675454244680e+03 7.800469675968283809e+03 7.800469677081397094e+03 7.800469678397354073e+03 7.800469663552757083e+03 7.800469659354712348e+03
7.830152303368042340e+03 7.830152303885617584e+03 7.830152305027217153e+03 7.830152306363927892e+03 7.830152291342297758e+03 7.830152287106941912e+03
7.859834931282241087e+03 7.859834931803667132e+03 7.859834932966661654e+03 7.859834934313395024e+03 7.859834919143811021e+03 7.859834914837514589e+03
7.889517559196840011e+03 7.889517559722432452e+03 7.889517560905404025e+03 7.889517562260170052e+03 7.889517546957296872e+03 7.889517542546432196e+03
7.919200187111840933e+03 7.919200187641912635e+03 7.919200188843318756e+03 7.919200190203766397e+03 7.919200174782751674e+03 7.919200170233689278e+03
7.948882815027243851e+03 7.948882815562114047e+03 7.948882816780269422e+03 7.948882818143702025e+03 7.948882802620182702e+03 7.948882797899293109e+03
7.978565442943046946e+03 7.978565443482802948e+03 7.978565444716131424e+03 7.978565446079493086e+03 7.978565430449471023e+03 7.978565425610522652e+03
8.008248070858533538e+03 8.008248071403622816e+03 8.008248072650766517e+03 8.008248074010655728e+03 8.008248058278102690e+03 8.008248053325091860e+03
8.037930698773527183e+03 8.037930699324944726e+03 8.037930700584051920e+03 8.037930701936706100e+03 8.037930686110632450e+03 8.037930681040123090e+03
8.067613326688517191e+03 8.067613327246761401e+03 8.067613328515853937e+03 8.067613329857163080e+03 8.067613313946666494e+03 8.067613308756673177e+03
8.097295954603485370e+03 8.097295955169061017e+03 8.097295956446037962e+03 8.097295957771540088e+03 8.097295941785824652e+03 8.097295936475799863e+03
8.126978582518414441e+03 8.126978583091833571e+03 8.126978584374478487e+03 8.126978585679352364e+03 8.126978569627716752e+03 8.126978564198565437e+03
8.156661210433288943e+03 8.156661211015068147e+03 8.156661212301042724e+03 8.156661213580123331e+03 8.156661197471951709e+03 8.156661191926028550e+03
8.186343838348089776e+03 8.186343838938757472e+03 8.186343840227034889e+03 8.186343841489460829e+03 8.186343825318140262e+03 8.186343819659242399e+03
8.216026466262801478e+03 8.216026466862887901e+03 8.216026468160604054e+03 8.216026469419766727e+03 8.216026453165897692e+03 8.216026447399264725e+03
8.245709094177405859e+03 8.245709094787451249e+03 8.245709096094540655e+03 8.245709097351775199e+03 8.245709081014829280e+03 8.245709075147160547e+03
8.275391722091884731e+03 8.275391722712436604e+03 8.275391724028919270e+03 8.275391725285759094e+03 8.275391708864552129e+03 8.275391702903982150e+03
8.305074350006223540e+03 8.305074350637836687e+03 8.305074351963812660e+03 8.305074353222000354e+03 8.305074336714680612e+03 8.305074330670791824e+03
8.334756977920405916e+03 8.334756978563638768e+03 8.334756979899289945e+03 8.334756981160773648e+03 8.334756964542935748e+03 8.334756958404737816e+03
8.364439605834410031e+03 8.364439606486801495e+03 8.364439607835422066e+03 8.364439609102362738e+03 8.364439592330933010e+03 8.364439586107777359e+03
8.394122233748435974e+03 8.394122234406602729e+03 8.394122235772285421e+03 8.394122237047045928e+03 8.394122220104596636e+03 8.394122213805332649e+03
8.423804861662873009e+03 8.423804862325358044e+03 8.423804863709947313e+03 8.423804864995096068e+03 8.423804847862553288e+03 8.423804841497116286e+03
8.453487489577257293e+03 8.453487490242956483e+03 8.453487491648480500e+03 8.453487492946795101e+03 8.453487475603433268e+03 8.453487469182853602e+03
8.483170117491587007e+03 8.483170118159287085e+03 8.483170119587957743e+03 8.483170120902421331e+03 8.483170103325855962e+03 8.483170096862264472e+03
8.512852745405853057e+03 8.512852746074246170e+03 8.512852747528448162e+03 8.512852748862254884e+03 8.512852731028455310e+03 8.512852724535068774e+03
8.542535373320051804e+03 8.542535373987720959e+03 8.542535375467763515e+03 8.542535376818223085e+03 8.542535358709852517e+03 8.542535352200984562e+03
8.572218001234177791e+03 8.572218001899602314e+03 8.572218003400197631e+03 8.572218004765840305e+03 8.572217986368677884e+03 8.572217979859731713e+03
8.601900629148225562e+03 8.601900629809781094e+03 8.601900631331460318e+03 8.601900632713673986e+03 8.601900614003552619e+03 8.601900607511033741e+03
8.631583257062193297e+03 8.631583257718151799e+03 8.631583259261444255e+03 8.631583260661636814e+03 8.631583241613108839e+03 8.631583235154608701e+03
8.661265884976073721e+03 8.661265885624599832e+03 8.661265887190036665e+03 8.661265888609652393e+03 8.661265869195973210e+03 8.661265862790176470e+03
8.690948512889859558e+03 8.690948513529019692e+03 8.690948515117124771e+03 8.690948516557637049e+03 8.690948496758843248e+03 8.690948490436136126e+03
8.720631140803547169e+03 8.720631141431300421e+03 8.720631143042599433e+03 8.720631144505510747e+03 8.720631124456005637e+03 8.720631118135310317e+03
8.750313768717132916e+03 8.750313769338947168e+03 8.750313770966351512e+03 8.750313772453195270e+03 8.750313752162111996e+03 8.750313745843723154e+03
8.779996396630627714e+03 8.779996397249306028e+03 8.779996398888266413e+03 8.779996400400601487e+03 8.779996379878759399e+03 8.779996373562420558e+03
8.809679024544486310e+03 8.809679025159792218e+03 8.809679026808236813e+03 8.809679028347656640e+03 8.809679007607524909e+03 8.809679001292461180e+03
8.839361652458335811e+03 8.839361653070474858e+03 8.839361654726148117e+03 8.839361656294271597e+03 8.839361635350003780e+03 8.839361629034880025e+03
8.869044280372176217e+03 8.869044280981419433e+03 8.869044282641894824e+03 8.869044284240375418e+03 8.869044263107791267e+03 8.869044256790732106e+03
8.898726908286009348e+03 8.898726908892702340e+03 8.898726910559122189e+03 8.898726912196052581e+03 8.898726890882475345e+03 8.898726884561074257e+03
8.928409536199840659e+03 8.928409536804385425e+03 8.928409538482403150e+03 8.928409540165068393e+03 8.928409518675640356e+03 8.928409512346950578e+03
8.958092164113668332e+03 8.958092164716545085e+03 8.958092166405980606e+03 8.958092168138733541e+03 8.958092146488885192e+03 8.958092140149408806e+03
8.987774792027499643e+03 8.987774792629244985e+03 8.987774794329958240e+03 8.987774796117369988e+03 8.987774774323796009e+03 8.987774767969502136e+03
9.017457419941332773e+03 9.017457420542557884e+03 9.017457422254434277e+03 9.017457424101299694e+03 9.017457402181962607e+03 9.017457395808276488e+03
9.047140047855173179e+03 9.047140048456552904e+03 9.047140050179506943e+03 9.047140052090840982e+03 9.047140030064976600e+03 9.047140023666786874e+03
9.076822675769020861e+03 9.076822676371295529e+03 9.076822678105281739e+03 9.076822680086315813e+03 9.076822657865128349e+03 9.076822651491162105e+03
9.106505303682879457e+03 9.106505304286860337e+03 9.106505306031853252e+03 9.106505308088047968e+03 9.106505285612678563e+03 9.106505279320161208e+03
9.136187931596752605e+03 9.136187932203596574e+03 9.136187933959325164e+03 9.136187936096352132e+03 9.136187913349656810e+03 9.136187907157231166e+03
9.165870559510638486e+03 9.165870560121384187e+03 9.165870561887795702e+03 9.165870564111552085e+03 9.165870541074789799e+03 9.165870535002377437e+03
9.195553187423618510e+03 9.195553188040272289e+03 9.195553189817368548e+03 9.195553192133973425e+03 9.195553168786816968e+03 9.195553162855612754e+03
9.225235815336127416e+03 9.225235815960339096e+03 9.225235817748140107e+03 9.225235820163927201e+03 9.225235796484466846e+03 9.225235790716953488e+03
9.254918443248381664e+03 9.254918443881655548e+03 9.254918445684787002e+03 9.254918448187347167e+03 9.254918424166464320e+03 9.254918418586403277e+03
9.284601071160361244e+03 9.284601071804299863e+03 9.284601073629841267e+03 9.284601076201492106e+03 9.284601051831547011e+03 9.284601046463983948e+03
9.314283699072053423e+03 9.314283699728344800e+03 9.314283701579008266e+03 9.314283704217054037e+03 9.314283679478443446e+03 9.314283674349695502e+03
9.343966326983441832e+03 9.343966327653863118e+03 9.343966329532588134e+03 9.343966332233825597e+03 9.343966307105885789e+03 9.343966302243557948e+03
9.373648954894506460e+03 9.373648955580933034e+03 9.373648957490875546e+03 9.373648960251608514e+03 9.373648934712597111e+03 9.373648930145576742e+03
9.403331582805240032e+03 9.403331583509625489e+03 9.403331585454165179e+03 9.403331588270195425e+03 9.403331562297318669e+03 9.403331558055766436e+03
9.433014210715617082e+03 9.433014211440016879e+03 9.433014213422757166e+03 9.433014216289380784e+03 9.433014189893889125e+03 9.433014185933476256e+03
9.462696838625626697e+03 9.462696839372179966e+03 9.462696841396944365e+03 9.462696844308964501e+03 9.462696817554709924e+03 9.462696813779281001e+03
9.492379466535248866e+03 9.492379467305285289e+03 9.492379469377019632e+03 9.492379472328737393e+03 9.492379445217276952e+03 9.492379441615959877e+03
9.522062094444470858e+03 9.522062095231247440e+03 9.522062097363286739e+03 9.522062100348497552e+03 9.522062072882332359e+03 9.522062069442275970e+03
9.551744722353276302e+03 9.551744723156991313e+03 9.551744725356034905e+03 9.551744728368044889e+03 9.551744700550620109e+03 9.551744697257005100e+03
9.581427350262983964e+03 9.581427351082431414e+03 9.581427353355560626e+03 9.581427356387172040e+03 9.581427328222878714e+03 9.581427325058906717e+03
9.611109978173859417e+03 9.611109979007482252e+03 9.611109981348723522e+03 9.611109984406619333e+03 9.611109955899853958e+03 9.611109952846749366e+03
9.640792606084829458e+03 9.640792606932061972e+03 9.640792609334723238e+03 9.640792612426241249e+03 9.640792583582289808e+03 9.640792580619305227e+03
9.670475233995915914e+03 9.670475234856083262e+03 9.670475237322170869e+03 9.670475240445266536e+03 9.670475211270926593e+03 9.670475208375335569e+03
9.700157861907136976e+03 9.700157862779462448e+03 9.700157865310895431e+03 9.700157868463516934e+03 9.700157838966508280e+03 9.700157836113612575e+03
9.729840489818509013e+03 9.729840490702110401e+03 9.729840493300736853e+03 9.729840496480825095e+03 9.729840466669775196e+03 9.729840463832899331e+03
9.759523117730048398e+03 9.759523118623950722e+03 9.759523121291525968e+03 9.759523124497014578e+03 9.759523094381474948e+03 9.759523091531971659e+03
9.789205745641775138e+03 9.789205746544894282e+03 9.789205749283093610e+03 9.789205752511916216e+03 9.789205722102346044e+03 9.789205719226634756e+03
9.818888373553705605e+03 9.818888374464853769e+03 9.818888377275276071e+03 9.818888380525357206e+03 9.818888349840801311e+03 9.818888346962121432e+03
9.848571001465857989e+03 9.848571002383749146e+03 9.848571005267911460e+03 9.848571008537166563e+03 9.848570977593260977e+03 9.848570974702384774e+03
9.878253629378248661e+03 9.878253630302837337e+03 9.878253633260830611e+03 9.878253636547169663e+03 9.878253605360667279e+03 9.878253602449698519e+03
9.907936257290897629e+03 9.907936258226265636e+03 9.907936261253864359e+03 9.907936264555195521e+03 9.907936233144166181e+03 9.907936230206336404e+03
9.937618885203817626e+03 9.937618886152462437e+03 9.937618889246850813e+03 9.937618892561071334e+03 9.937618860944918197e+03 9.937618857974563070e+03
9.967301513117032300e+03 9.967301514081967980e+03 9.967301517229205274e+03 9.967301520583208912e+03 9.967301488764067471e+03 9.967301485756657712e+03
9.996984141030556202e+03 9.996984142015317047e+03 9.996984145170419652e+03 9.996984148689272843e+03 9.996984116602765425e+03 9.996984113554883152e+03
1.002666676893938711e+04 1.002666676992332395e+04 1.002666677313716900e+04 1.002666677660496316e+04 1.002666674451288964e+04 1.002666674182949828e+04
1.005634939684920028e+04 1.005634939783632581e+04 1.005634940107175862e+04 1.005634940454222306e+04 1.005634937243342210e+04 1.005634936987183937e+04
1.008603202475967919e+04 1.008603202574963143e+04 1.008603202901104851e+04 1.008603203248904356e+04 1.008603200035567534e+04 1.008603199776934161e+04
1.011571465267041458e+04 1.011571465366232951e+04 1.011571465695821280e+04 1.011571466045109446e+04 1.011571462826367133e+04 1.011571462552570665e+04
1.014539728058108085e+04 1.014539728158611433e+04 1.014539728490911511e+04 1.014539728849312633e+04 1.014539725604355408e+04 1.014539725313838971e+04
1.017507990849196722e+04 1.017507990952152977e+04 1.017507991284907439e+04 1.017507991658218998e+04 1.017507988375414971e+04 1.017507988060884963e+04
1.020476253640333016e+04 1.020476253744509449e+04 1.020476254077397971e+04 1.020476254468076695e+04 1.020476251142497676e+04 1.020476250830090794e+04
1.023444516431565171e+04 1.023444516536642550e+04 1.023444516869210565e+04 1.023444517267319679e+04 1.023444513911825561e+04 1.023444513623813509e+04
1.026412779222860445e+04 1.026412779328771649e+04 1.026412779660345586e+04 1.026412780062577804e+04 1.026412776679614944e+04 1.026412776425308948e+04
1.029381042014208288e+04 1.029381042120896564e+04 1.029381042450779933e+04 1.029381042857359171e+04 1.029381039448386218e+04 1.029381039168531061e+04
1.032349304805565407e+04 1.032349304912982552e+04 1.032349305240487047e+04 1.032349305654873751e+04 1.032349302219150741e+04 1.032349301898295016e+04
1.035317567596965091e+04 1.035317567705050351e+04 1.035317568029501126e+04 1.035317568451586885e+04 1.035317564990210121e+04 1.035317564614600269e+04
1.038285830388407339e+04 1.038285830497104871e+04 1.038285830817821625e+04 1.038285831247498754e+04 1.038285827761563451e+04 1.038285827317446638e+04
1.041254093179892516e+04 1.041254093289145567e+04 1.041254093605448907e+04 1.041254094042609358e+04 1.041254090533312410e+04 1.041254090050330706e+04
1.044222355971362049e+04 1.044222356081172984e+04 1.044222356392382790e+04 1.044222356839681561e+04 1.044222353309722166e+04 1.044222352800294721e+04
1.047190618762704253e+04 1.047190618873186759e+04 1.047190619178623820e+04 1.047190619636921474e+04 1.047190616087442686e+04 1.047190615551490373e+04
1.050158881554043546e+04 1.050158881665186891e+04 1.050158881964171087e+04 1.050158882434066800e+04 1.050158878866474333e+04 1.050158878303915481e+04
1.053127144345380293e+04 1.053127144456959286e+04 1.053127144753197172e+04 1.053127145231117538e+04 1.053127141646817654e+04 1.053127141057571316e+04
1.056095407136714130e+04 1.056095407248233096e+04 1.056095407543875444e+04 1.056095408028073507e+04 1.056095404428472284e+04 1.056095403812457516e+04
1.059063669928045238e+04 1.059063670039341741e+04 1.059063670335145434e+04 1.059063670824935070e+04 1.059063667211437860e+04 1.059063666568574263e+04
1.062031932719373799e+04 1.062031932830285405e+04 1.062031933127007687e+04 1.062031933621701864e+04 1.062031929995714745e+04 1.062031929326039062e+04
1.065000195510699450e+04 1.065000195621063904e+04 1.065000195919461657e+04 1.065000196418274209e+04 1.065000192777249322e+04 1.065000192087844152e+04
1.067968458302022373e+04 1.067968458411677784e+04 1.067968458712507709e+04 1.067968459214068571e+04 1.067968455547951817e+04 1.067968454851616843e+04
1.070936721093327287e+04 1.070936721202126319e+04 1.070936721506145477e+04 1.070936722009595360e+04 1.070936718316488259e+04 1.070936717617358408e+04
1.073904983884622925e+04 1.073904983992410052e+04 1.073904984299619537e+04 1.073904984804854575e+04 1.073904981082858831e+04 1.073904980385067574e+04
1.076873246675911832e+04 1.076873246783965442e+04 1.076873247089752840e+04 1.076873247599846036e+04 1.076873243847064077e+04 1.076873243154745614e+04
1.079841509467193828e+04 1.079841509576009230e+04 1.079841509879431578e+04 1.079841510394569923e+04 1.079841506609102726e+04 1.079841505926391255e+04
1.082809772258469457e+04 1.082809772368298036e+04 1.082809772668656115e+04 1.082809773189026055e+04 1.082809769368976049e+04 1.082809768700005043e+04
1.085778035049738173e+04 1.085778035160831860e+04 1.085778035457426267e+04 1.085778035983213886e+04 1.085778032126682774e+04 1.085778031470182577e+04
1.088746297841000342e+04 1.088746297953610338e+04 1.088746298245741855e+04 1.088746298777201991e+04 1.088746294892361038e+04 1.088746294230889544e+04
1.091714560632255962e+04 1.091714560746634015e+04 1.091714561033603059e+04 1.091714561571057675e+04 1.091714557667413101e+04 1.091714556989987614e+04
1.094682823423537411e+04 1.094682823539902529e+04 1.094682823821009879e+04 1.094682824364688349e+04 1.094682820444702702e+04 1.094682819747476424e+04
1.097651086214885254e+04 1.097651086333252351e+04 1.097651086609139384e+04 1.097651087158093651e+04 1.097651083224229660e+04 1.097651082503356884e+04
1.100619349006246921e+04 1.100619349126398629e+04 1.100619349398053237e+04 1.100619349951273216e+04 1.100619346005993975e+04 1.100619345257627720e+04
1.103587611797622958e+04 1.103587611919636583e+04 1.103587612187082777e+04 1.103587612744228318e+04 1.103587608789995465e+04 1.103587608010290387e+04
1.106555874589012637e+04 1.106555874712960212e+04 1.106555874976250198e+04 1.106555875536958047e+04 1.106555871576234495e+04 1.106555870761343613e+04
1.109524137380416687e+04 1.109524137506363331e+04 1.109524137765577325e+04 1.109524138329462767e+04 1.109524134364710699e+04 1.109524133518790040e+04
1.112492400171834743e+04 1.112492400299840483e+04 1.112492400555087079e+04 1.112492401121031071e+04 1.112492397149412136e+04 1.112492396280523462e+04
1.115460662963266805e+04 1.115460663093385301e+04 1.115460663344801105e+04 1.115460663911711708e+04 1.115460659933251009e+04 1.115460659043829219e+04
1.118428925754713055e+04 1.118428925886992329e+04 1.118428926134742142e+04 1.118428926701851560e+04 1.118428922717296336e+04 1.118428921808830819e+04
1.121397188546159305e+04 1.121397188680655017e+04 1.121397188924931652e+04 1.121397189491437894e+04 1.121397185501471176e+04 1.121397184575649226e+04
1.124365451337614468e+04 1.124365451474367728e+04 1.124365451715392192e+04 1.124365452280459067e+04 1.124365448285699495e+04 1.124365447344406311e+04
1.127333714129079453e+04 1.127333714268124822e+04 1.127333714506146134e+04 1.127333715068902711e+04 1.127333711069903802e+04 1.127333710115224312e+04
1.130301976920554807e+04 1.130301977061919752e+04 1.130301977297215490e+04 1.130301977856757185e+04 1.130301973854007156e+04 1.130301972888225100e+04
1.133270239712039802e+04 1.133270239855746877e+04 1.133270240088622268e+04 1.133270240644010119e+04 1.133270236637933522e+04 1.133270235663529456e+04
1.136238502503534619e+04 1.136238502649600377e+04 1.136238502880389024e+04 1.136238503430649689e+04 1.136238499421604865e+04 1.136238498441260708e+04
1.139206765295038713e+04 1.139206765443458607e+04 1.139206765672596339e+04 1.139206766216663891e+04 1.139206762204944425e+04 1.139206761221540000e+04
1.142175028086552629e+04 1.142175028236841172e+04 1.142175028465348987e+04 1.142175029002040537e+04 1.142175024987876714e+04 1.142175024004489387e+04
1.145143290878075641e+04 1.145143291030130058e+04 1.145143291258567479e+04 1.145143291786767986e+04 1.145143287770323695e+04 1.145143286790230013e+04
1.148111553669607747e+04 1.148111553823312715e+04 1.148111554052275460e+04 1.148111554570834051e+04 1.148111550552208610e+04 1.148111549578885206e+04
1.151079816461149130e+04 1.151079816616376411e+04 1.151079816846498215e+04 1.151079817354226361e+04 1.151079813333454877e+04 1.151079812364991449e+04
1.154048079252699245e+04 1.154048079409308775e+04 1.154048079641260665e+04 1.154048080137138641e+04 1.154048076115978074e+04 1.154048075137684827e+04
1.157016342044258090e+04 1.157016342202096712e+04 1.157016342436587001e+04 1.157016342924205310e+04 1.157016338903985525e+04 1.157016337909363756e+04
1.159984604835825667e+04 1.159984604994728033e+04 1.159984605232502145e+04 1.159984605711562108e+04 1.159984601692716569e+04 1.159984600679874893e+04
1.162952867627401429e+04 1.162952867787189825e+04 1.162952868029031015e+04 1.162952868499261422e+04 1.162952864482195218e+04 1.162952863449067809e+04
1.165921130418985922e+04 1.165921130579469718e+04 1.165921130826197805e+04 1.165921131287354365e+04 1.165921127272445119e+04 1.165921126216790435e+04
1.168889393210573689e+04 1.168889393371554979e+04 1.168889393624027434e+04 1.168889394075893688e+04 1.168889390063490100e+04 1.168889388982891614e+04
1.171857656002169097e+04 1.171857656163433239e+04 1.171857656422544642e+04 1.171857656864930505e+04 1.171857652855353808e+04 1.171857651747220007e+04
1.174825918793771416e+04 1.174825918955091583e+04 1.174825919221774348e+04 1.174825919654517929e+04 1.174825915648060800e+04 1.174825914509623544e+04
1.177794181585380647e+04 1.177794181746517279e+04 1.177794182021741108e+04 1.177794182444706894e+04 1.177794178441634176e+04 1.177794177269951433e+04
1.180762444376996427e+04 1.180762444537698138e+04 1.180762444822119687e+04 1.180762445235549603e+04 1.180762441236097584e+04 1.180762440028051060e+04
1.183730707168618756e+04 1.183730707329227880e+04 1.183730707618301312e+04 1.183730708027098262e+04 1.183730704031475761e+04 1.183730702783771630e+04
1.186698969960247632e+04 1.186698970120835475e+04 1.186698970414220457e+04 1.186698970819404531e+04 1.186698966827791992e+04 1.186698965536961987e+04
1.189667232751882329e+04 1.189667232912336840e+04 1.189667233209831829e+04 1.189667233612520613e+04 1.189667229625069558e+04 1.189667228287469879e+04
1.192635495543523029e+04 1.192635495703730157e+04 1.192635496005089954e+04 1.192635496406497987e+04 1.192635492423333744e+04 1.192635491035143605e+04
1.195603758335169732e+04 1.195603758495014154e+04 1.195603758799949901e+04 1.195603759201389039e+04 1.195603755222607106e+04 1.195603753794849217e+04
1.198572021126821710e+04 1.198572021286187191e+04 1.198572021594365833e+04 1.198572021995638897e+04 1.198572018019385359e+04 1.198572016557108873e+04
1.201540283918479145e+04 1.201540284077247452e+04 1.201540284388292639e+04 1.201540284788477584e+04 1.201540280815035294e+04 1.201540279319829460e+04
1.204508546710141854e+04 1.204508546868193116e+04 1.204508547181685208e+04 1.204508547581627136e+04 1.204508543610723609e+04 1.204508542083088287e+04
1.207476809501809657e+04 1.207476809659023456e+04 1.207476809974498428e+04 1.207476810375092828e+04 1.207476806406410105e+04 1.207476804846965388e+04
1.210445072293482008e+04 1.210445072449736108e+04 1.210445072766685917e+04 1.210445073168879389e+04 1.210445069202053855e+04 1.210445067611538434e+04
1.213413335085146173e+04 1.213413335240329616e+04 1.213413335558203289e+04 1.213413335962990823e+04 1.213413331997615569e+04 1.213413330376886552e+04
1.216381597876719388e+04 1.216381598030802525e+04 1.216381598349005071e+04 1.216381598757432403e+04 1.216381594793054319e+04 1.216381593143087957e+04
1.219349860668277324e+04 1.219349860821153197e+04 1.219349861139045970e+04 1.219349861552208677e+04 1.219349857588329905e+04 1.219349855910221777e+04
1.222318123459819071e+04 1.222318123611379815e+04 1.222318123928280329e+04 1.222318124347324010e+04 1.222318120383402493e+04 1.222318118678366591e+04
1.225286386251342446e+04 1.225286386401929485e+04 1.225286386720357405e+04 1.225286387142783315e+04 1.225286383178231517e+04 1.225286381447600979e+04
1.228254649042846904e+04 1.228254649193014484e+04 1.228254649513240111e+04 1.228254649938591501e+04 1.228254645972776598e+04 1.228254644218004069e+04
1.231222911834330444e+04 1.231222911984183884e+04 1.231222912306172475e+04 1.231222912734753118e+04 1.231222908766997534e+04 1.231222906989653347e+04
1.234191174625792337e+04 1.234191174775448599e+04 1.234191175099171596e+04 1.234191175531272711e+04 1.234191171560854309e+04 1.234191169762627942e+04
1.237159437417230947e+04 1.237159437566821362e+04 1.237159437892253663e+04 1.237159438328155011e+04 1.237159434354306541e+04 1.237159432534978077e+04
1.240127700208644819e+04 1.240127700358313814e+04 1.240127700685435229e+04 1.240127701125404928e+04 1.240127697146281935e+04 1.240127695305511952e+04
1.243095963000033043e+04 1.243095963149937597e+04 1.243095963478732483e+04 1.243095963921818475e+04 1.243095959932295045e+04 1.243095958076594798e+04
1.246064225791393801e+04 1.246064225941704717e+04 1.246064226272161977e+04 1.246064226718169448e+04 1.246064222716512813e+04 1.246064220848239165e+04
1.249032488582726000e+04 1.249032488733627360e+04 1.249032489065740083e+04 1.249032489514605913e+04 1.249032485498815913e+04 1.249032483620461062e+04
1.252000751374028187e+04 1.252000751525717351e+04 1.252000751859483535e+04 1.252000752311115866e+04 1.252000748279083018e+04 1.252000746393275404e+04
1.254969014165299086e+04 1.254969014317986148e+04 1.254969014653408340e+04 1.254969015107685482e+04 1.254969011057193165e+04 1.254969009166696378e+04
1.257937276956537789e+04 1.257937277110445939e+04 1.257937277447530869e+04 1.257937277904301664e+04 1.257937273833025392e+04 1.257937271940738901e+04
1.260905539747759758e+04 1.260905539903109093e+04 1.260905540241868039e+04 1.260905540700951133e+04 1.260905536606458554e+04 1.260905534715417707e+04
1.263873802539007193e+04 1.263873802695986706e+04 1.263873803036436038e+04 1.263873803497620975e+04 1.263873799377371506e+04 1.263873797490746983e+04
1.266842065330232981e+04 1.266842065488958360e+04 1.266842065830672072e+04 1.266842066294297001e+04 1.266842062145644559e+04 1.266842060266742374e+04
1.269810328121436760e+04 1.269810328281463444e+04 1.269810328624511567e+04 1.269810329090967389e+04 1.269810324911155112e+04 1.269810323043418430e+04
1.272778590912618529e+04 1.272778591074031283e+04 1.272778591418372525e+04 1.272778591887617586e+04 1.272778587673783477e+04 1.272778585820789340e+04
1.275746853703777742e+04 1.275746853866658421e+04 1.275746854212252219e+04 1.275746854684234677e+04 1.275746850433407781e+04 1.275746848598870201e+04
1.278715116494914037e+04 1.278715116659343039e+04 1.278715117006148284e+04 1.278715117480806111e+04 1.278715113189907606e+04 1.278715111377551148e+04
1.281683379286027048e+04 1.281683379452081135e+04 1.281683379800057992e+04 1.281683380277317883e+04 1.281683375943161809e+04 1.281683374146355527e+04
1.284651642077116776e+04 1.284651642244870709e+04 1.284651642593978613e+04 1.284651643073856394e+04 1.284651638696784539e+04 1.284651636912202230e+04
1.287619904868182857e+04 1.287619905037708668e+04 1.287619905387907784e+04 1.287619905870676121e+04 1.287619901451269106e+04 1.287619899674681437e+04
1.290588167659224382e+04 1.290588167830592283e+04 1.290588168181842775e+04 1.290588168667592618e+04 1.290588164205101202e+04 1.290588162433385332e+04
1.293556430450241533e+04 1.293556430623518645e+04 1.293556430975780859e+04 1.293556431464617526e+04 1.293556426958507109e+04 1.293556425187904460e+04
1.296524693241233763e+04 1.296524693416484661e+04 1.296524693769719670e+04 1.296524694261761215e+04 1.296524689711713290e+04 1.296524687937829549e+04
1.299492956032200891e+04 1.299492956209487966e+04 1.299492956563656116e+04 1.299492957059035325e+04 1.299492952464946029e+04 1.299492950682751325e+04
1.302461218823142735e+04 1.302461219002525468e+04 1.302461219357588197e+04 1.302461219856451862e+04 1.302461215218430334e+04 1.302461213422261790e+04
1.305429481614031829e+04 1.305429481794397725e+04 1.305429482156918311e+04 1.305429482659039968e+04 1.305429478004338853e+04 1.305429476159285150e+04
1.308397744405061167e+04 1.308397744586535919e+04 1.308397744953705114e+04 1.308397745458629288e+04 1.308397740795835671e+04 1.308397738896459487e+04
1.311366007196187456e+04 1.311366007378917129e+04 1.311366007750251083e+04 1.311366008256359055e+04 1.311366003590644686e+04 1.311366001634632448e+04
1.314334269987460721e+04 1.314334270171633943e+04 1.314334270547118467e+04 1.314334271052525037e+04 1.314334266388275137e+04 1.314334264373671249e+04
1.317302532778887689e+04 1.317302532964603233e+04 1.317302533343950927e+04 1.317302533850380496e+04 1.317302529176348799e+04 1.317302527115993325e+04
1.320270795570451446e+04 1.320270795757234919e+04 1.320270796139843333e+04 1.320270796649893236e+04 1.320270791956706125e+04 1.320270789860486548e+04
1.323239058361973730e+04 1.323239058549770198e+04 1.323239058933853266e+04 1.323239059450153763e+04 1.323239054731804936e+04 1.323239052608422753e+04
1.326207321153449084e+04 1.326207321342362229e+04 1.326207321726939881e+04 1.326207322249853496e+04 1.326207317505324500e+04 1.326207315383002606e+04
1.329175583944927348e+04 1.329175584134964083e+04 1.329175584519103904e+04 1.329175585048384710e+04 1.329175580277571680e+04 1.329175578172469068e+04
1.332143846736446721e+04 1.332143846927543927e+04 1.332143847310345154e+04 1.332143847846447534e+04 1.332143843047355040e+04 1.332143840970578822e+04
1.335112109527996654e+04 1.335112109720101580e+04 1.335112110103827581e+04 1.335112110645088069e+04 1.335112105825512845e+04 1.335112103740970088e+04
1.338080372319567323e+04 1.338080372512568647e+04 1.338080372897257621e+04 1.338080373445314763e+04 1.338080368613722021e+04 1.338080366510121712e+04
1.341048635111158364e+04 1.341048635304858362e+04 1.341048635690506126e+04 1.341048636245992748e+04 1.341048631406095410e+04 1.341048629278034423e+04
1.344016897902769779e+04 1.344016898097079684e+04 1.344016898483573095e+04 1.344016899047122570e+04 1.344016894202633011e+04 1.344016892044706765e+04
1.346985160694221850e+04 1.346985160889233521e+04 1.346985161276458894e+04 1.346985161848704956e+04 1.346985157003335735e+04 1.346985154812207111e+04
1.349953423485587155e+04 1.349953423681319146e+04 1.349953424069162975e+04 1.349953424648031250e+04 1.349953419786429367e+04 1.349953417582196016e+04
1.352921686276922446e+04 1.352921686473337104e+04 1.352921686861685885e+04 1.352921687444706185e+04 1.352921682560960107e+04 1.352921680352110343e+04
1.355889949068227361e+04 1.355889949265286486e+04 1.355889949654027077e+04 1.355889950240706821e+04 1.355889945333207106e+04 1.355889943121949364e+04
1.358858211859502626e+04 1.358858212057168384e+04 1.358858212446091784e+04 1.358858213036033339e+04 1.358858208103170546e+04 1.358858205891714533e+04
1.361826474650747514e+04 1.361826474849055921e+04 1.361826475237952036e+04 1.361826475830685922e+04 1.361826470870849698e+04 1.361826468661405124e+04
1.364794737441962570e+04 1.364794737641095890e+04 1.364794738029609471e+04 1.364794738624664387e+04 1.364794733636245110e+04 1.364794731431021319e+04
1.367763000233147250e+04 1.367763000433128946e+04 1.367763000821063542e+04 1.367763001417968189e+04 1.367762996399357144e+04 1.367762994200563116e+04
1.370731263024301734e+04 1.370731263225154908e+04 1.370731263612314615e+04 1.370731264210598056e+04 1.370731259160184709e+04 1.370731256967988884e+04
1.373699525815635207e+04 1.373699526017173775e+04 1.373699526403362688e+04 1.373699527000993658e+04 1.373699521926220768e+04 1.373699519729487110e+04
1.376667788607015427e+04 1.376667788809185913e+04 1.376667789194207762e+04 1.376667789786718458e+04 1.376667784698136711e+04 1.376667782489286219e+04
1.379636051398414929e+04 1.379636051601190957e+04 1.379636051984858204e+04 1.379636052570643915e+04 1.379636047470802805e+04 1.379636045247385300e+04
1.382604314189833531e+04 1.382604314393189270e+04 1.382604314776051979e+04 1.382604315352768754e+04 1.382604310244219232e+04 1.382604308003785081e+04
1.385572576981271050e+04 1.385572577185350565e+04 1.385572577567256667e+04 1.385572578133093521e+04 1.385572573018385629e+04 1.385572570758484653e+04
1.388540839772727668e+04 1.388540839978306758e+04 1.388540840358473361e+04 1.388540840911619125e+04 1.388540835793303631e+04 1.388540833511485471e+04
1.391509102564203567e+04 1.391509102771598555e+04 1.391509103149701332e+04 1.391509103688344476e+04 1.391509098568971785e+04 1.391509096262785897e+04
1.394477365355698566e+04 1.394477365565226319e+04 1.394477365940940581e+04 1.394477366463269573e+04 1.394477361345390091e+04 1.394477359008675558e+04
1.397445628147212483e+04 1.397445628359189504e+04 1.397445628732191108e+04 1.397445629239632217e+04 1.397445624123110247e+04 1.397445621718360053e+04
