2.693894749117287990e+00 2.693894749117287990e+00 2.693894749117287990e+00 2.693894749117287990e+00 2.693894749117287990e+00 2.693894749117287990e+00
2.717273681554162934e+00 2.718314807680962453e+00 2.720369472035073954e+00 2.723985759904773207e+00 2.726662581091274351e+00 2.728410114360995564e+00
2.739805253015061837e+00 2.741895333970093329e+00 2.745900125740070585e+00 2.752105158239031457e+00 2.755643657994982121e+00 2.757429445557360026e+00
2.761529261233906851e+00 2.764668362352667330e+00 2.770498738574536102e+00 2.778503973733485122e+00 2.782222256018793693e+00 2.783855555565932338e+00
2.782475702576789889e+00 2.786660330509781680e+00 2.794184823815611729e+00 2.803428656336315772e+00 2.807083346548000957e+00 2.808592396570699368e+00
2.802674215132598956e+00 2.807898317119494447e+00 2.816986218807164821e+00 2.827067346599965170e+00 2.830593772692271859e+00 2.831990244576121363e+00
2.822153088969750367e+00 2.828406745564531199e+00 2.838933369135935969e+00 2.849565876546609644e+00 2.852952651859786304e+00 2.854251696403725447e+00
2.840939765753243584e+00 2.848211903191649075e+00 2.860054001620410347e+00 2.871041580345266020e+00 2.874288433526933861e+00 2.875509144045339749e+00
2.859060794765782010e+00 2.867339008780485088e+00 2.880381767872997045e+00 2.891585867737438420e+00 2.894696862706509499e+00 2.895853607414904385e+00
2.876541801203869486e+00 2.885810569040379470e+00 2.899948310602132207e+00 2.911269265878089652e+00 2.914253490841338223e+00 2.915353155428129117e+00
2.893407502098281903e+00 2.903652466951701872e+00 2.918786787608223854e+00 2.930149594763218790e+00 2.933018681398690930e+00 2.934064897602132849e+00
2.909681574007644489e+00 2.920886290672547236e+00 2.936926622179030666e+00 2.948276725698859568e+00 2.951041067620160607e+00 2.952039103763247851e+00
2.925386921735497303e+00 2.937533519757943079e+00 2.954399418311967285e+00 2.965694738423951371e+00 2.968364392844992317e+00 2.969319361958327796e+00
2.940545626051238148e+00 2.953618310165705196e+00 2.971231998545501796e+00 2.982443036153142213e+00 2.985024848651727236e+00 2.985943498350172920e+00
2.955179043119341653e+00 2.969159260824555613e+00 2.987452718955143194e+00 2.998557057250101909e+00 3.001056944715257302e+00 3.001945520325087546e+00
2.969307986459484905e+00 2.984177241100652189e+00 3.003086845051063936e+00 3.014068546856094599e+00 3.016493360709211924e+00 3.017355208648020426e+00
2.982952010906734230e+00 2.998693065655158918e+00 3.018159416769985892e+00 3.029008138660173266e+00 3.031363321648091080e+00 3.032200615863973159e+00
2.996130189600147542e+00 3.012723872596525521e+00 3.032694480596564102e+00 3.043403091641733393e+00 3.045693988605216784e+00 3.046508389676213291e+00
3.008860911770540714e+00 3.026289650066372960e+00 3.046714177165047666e+00 3.057279365441706087e+00 3.059510353267181237e+00 3.060302403917105174e+00
3.021161908866757617e+00 3.039407775207951357e+00 3.060241151389828218e+00 3.070660618464920333e+00 3.072836436284861694e+00 3.073606815778869183e+00
3.033050751079148011e+00 3.052094208975328016e+00 3.073295634063916371e+00 3.083569383882344361e+00 3.085693153261465316e+00 3.086443326749740645e+00
3.044543621951704804e+00 3.064368157048796615e+00 3.085898264440056771e+00 3.096026759154468344e+00 3.098102152309342827e+00 3.098832993593452656e+00
3.055656426682430205e+00 3.076243651284507052e+00 3.098067859772813737e+00 3.108053536951713269e+00 3.110082518958519504e+00 3.110795504733279593e+00
3.066404514655814317e+00 3.087736388705518920e+00 3.109822998210995060e+00 3.119667344775675755e+00 3.121652517295419926e+00 3.122349482401972409e+00
3.076802697635892869e+00 3.098862873727451728e+00 3.121181045847397417e+00 3.130887265774296324e+00 3.132830978976080427e+00 3.133513147126917531e+00
3.086865635068932967e+00 3.109635970248042280e+00 3.132159603760871214e+00 3.141730646190480591e+00 3.143634012927774890e+00 3.144303015728868722e+00
3.096607041637573055e+00 3.120070672488945540e+00 3.142774629484739179e+00 3.152212165078631223e+00 3.154078854862113257e+00 3.154735081295047205e+00
3.106040179216966735e+00 3.130180819826133387e+00 3.153041752084087879e+00 3.162349735904971482e+00 3.164180756206794509e+00 3.164825729437934498e+00
3.115177939270378005e+00 3.139978359215748860e+00 3.162976420444111980e+00 3.172157400585431830e+00 3.173954953396913581e+00 3.174588856553587579e+00
3.124032779149156891e+00 3.149477630690031837e+00 3.172592843787908734e+00 3.181649211790265497e+00 3.183415810875669827e+00 3.184038868600941985e+00
3.132616740834787805e+00 3.158690310941008939e+00 3.181904926294458757e+00 3.190840236945996278e+00 3.192577151954466341e+00 3.193190072697943194e+00
3.140941469054546520e+00 3.167627953729457602e+00 3.190926011277742447e+00 3.199743345203024170e+00 3.201452233204538977e+00 3.202055003977557046e+00
3.149018228777479056e+00 3.176301936670700599e+00 3.199669125841190009e+00 3.208371471453972834e+00 3.210053801945904617e+00 3.210646706943015793e+00
3.156858011987790924e+00 3.184724107854712383e+00 3.208146508228363558e+00 3.216737243321412532e+00 3.218394380185332082e+00 3.218977548743429562e+00
3.164471539940359790e+00 3.192905220720139603e+00 3.216369996845060086e+00 3.224852513028392043e+00 3.226485534924115939e+00 3.227059150021883482e+00
3.171868891941957536e+00 3.200855631802750345e+00 3.224351848945222088e+00 3.232728820383628410e+00 3.234338414927178107e+00 3.234903109294966939e+00
3.179059988535993142e+00 3.208585560522331903e+00 3.232102790620623445e+00 3.240377256121230953e+00 3.241964424359984775e+00 3.242520383259683392e+00
3.186054448890683677e+00 3.216105015297469283e+00 3.239633408707931927e+00 3.247808428876696407e+00 3.249374321758908390e+00 3.249921583852773299e+00
3.192861604625401917e+00 3.223423675624824014e+00 3.246953833566293746e+00 3.255033015259105600e+00 3.256577932749293414e+00 3.257117066935551364e+00
3.199490513016450599e+00 3.230550916083584578e+00 3.254074893767590737e+00 3.262060872994117400e+00 3.263584917281938669e+00 3.264116716810661956e+00
3.205949969572783331e+00 3.237495885497634340e+00 3.261006390830829993e+00 3.268901506758288722e+00 3.270405814929111088e+00 3.270930192187246455e+00
3.212248519969588934e+00 3.244267170213610552e+00 3.267757287804418542e+00 3.275564069194445871e+00 3.277049502605207998e+00 3.277566990996399809e+00
3.218394542306948658e+00 3.250873282306657508e+00 3.274336525654645058e+00 3.282057986598802657e+00 3.283524890308702204e+00 3.284036015954032273e+00
3.224396081952920490e+00 3.257322833903573134e+00 3.280753086638539262e+00 3.288392409237548275e+00 3.289840754223145591e+00 3.290345948738553350e+00
3.230260993981095119e+00 3.263624037337166328e+00 3.287016469768174520e+00 3.294575388073545774e+00 3.296006049918336789e+00 3.296505166637164752e+00
3.235996933781648099e+00 3.269784901873596716e+00 3.293134426755476518e+00 3.300615040634251152e+00 3.302028831790133623e+00 3.302522480409961325e+00
3.241611356333393701e+00 3.275813241821480482e+00 3.299115015778824933e+00 3.306519367530014630e+00 3.307917140300772996e+00 3.308405701097226981e+00
3.247111523867126870e+00 3.281716683902907050e+00 3.304966035262448809e+00 3.312297128589190010e+00 3.313678885917493933e+00 3.314162488748069180e+00
3.252504512722275365e+00 3.287501681593376190e+00 3.310695827795497870e+00 3.317955372669000091e+00 3.319321770559795493e+00 3.319800328974992443e+00
3.257797219363042451e+00 3.293175780233433603e+00 3.316311643664567654e+00 3.323501461598423745e+00 3.324853168682679438e+00 3.325326746694432067e+00
3.262996353012560746e+00 3.298746205303514589e+00 3.321820721270614563e+00 3.328942534103316753e+00 3.330280298252782156e+00 3.330749339617576688e+00
3.268108451795428415e+00 3.304219819904210986e+00 3.327230139179658597e+00 3.334286053358361368e+00 3.335610255983412209e+00 3.336074802820898633e+00
3.273139913423349867e+00 3.309603323766215688e+00 3.332546917172936496e+00 3.339538807731509795e+00 3.340849872217566130e+00 3.341309918588744488e+00
3.278096955712489713e+00 3.314903255424356932e+00 3.337777892867446194e+00 3.344707389797799024e+00 3.346005790231157739e+00 3.346461269494150681e+00
3.282985632812793764e+00 3.320125948699750751e+00 3.342929526564465181e+00 3.349798287438811251e+00 3.351084498507284515e+00 3.351535694124489595e+00
3.287811835426943219e+00 3.325276451379577836e+00 3.348008173786689134e+00 3.354817872662148481e+00 3.356092465648115475e+00 3.356539347815870489e+00
3.292581289946168166e+00 3.330361518038298385e+00 3.353020013539718125e+00 3.359772373538275403e+00 3.361035715212431718e+00 3.361478316398352817e+00
3.297299556478755722e+00 3.335386975613539917e+00 3.357971162396315989e+00 3.364667701450655635e+00 3.365920168215508657e+00 3.366358530880763311e+00
3.301972025753838302e+00 3.340358484781074555e+00 3.362867362962805196e+00 3.369509637487257514e+00 3.370751549192626761e+00 3.371185799456409171e+00
3.306603805776104466e+00 3.345281535709752063e+00 3.367714226559009205e+00 3.374303776199791383e+00 3.375535381931128232e+00 3.375965786310367811e+00
3.311200009180610859e+00 3.350161442698238901e+00 3.372517162125868495e+00 3.379055582945785119e+00 3.380277161048877765e+00 3.380703832587165003e+00
3.315765491413063870e+00 3.355003097338482565e+00 3.377281593137116289e+00 3.383770233943631744e+00 3.384982348341050606e+00 3.385405137942883780e+00
3.320304910422072542e+00 3.359810833588667389e+00 3.382012527759509446e+00 3.388452728776389478e+00 3.389655694200129243e+00 3.390074696690459799e+00
3.324822722507490003e+00 3.364589821033725059e+00 3.386714713320679415e+00 3.393107850323781260e+00 3.394301951718770027e+00 3.394717365722175195e+00
3.329323172717852053e+00 3.369344541430089102e+00 3.391392717235065302e+00 3.397740305433483599e+00 3.398925644502188703e+00 3.399337691616246993e+00
3.333810284347288544e+00 3.374079257794408981e+00 3.396050863008903242e+00 3.402354438177497276e+00 3.403531056174974978e+00 3.403940015915315698e+00
3.338287847637413819e+00 3.378798003172694742e+00 3.400693218913715565e+00 3.406954311102530664e+00 3.408122518495803721e+00 3.408528440441939811e+00
3.342759407813121086e+00 3.383504568755284048e+00 3.405323628234276701e+00 3.411543767228019775e+00 3.412704008602232442e+00 3.413106879337670652e+00
3.347228252606023968e+00 3.388202136909195250e+00 3.409946315946267514e+00 3.416126378365015537e+00 3.417278940552606947e+00 3.417678991443562797e+00
3.351697399444390157e+00 3.392893786118321042e+00 3.414564186199516627e+00 3.420705432354924191e+00 3.421850622300588007e+00 3.422248047243837910e+00
3.356169582513614635e+00 3.397582721720409982e+00 3.419180257123999311e+00 3.425283951986219932e+00 3.426422070640995798e+00 3.426817078065211852e+00
3.360647239915726114e+00 3.402271600328945489e+00 3.423797236674366751e+00 3.429865125836316864e+00 3.430995998469373198e+00 3.431388811180625886e+00
3.365132338410047552e+00 3.406962773436472691e+00 3.428417510166825721e+00 3.434451080728019523e+00 3.435575053231199938e+00 3.435965657420847919e+00
3.369626796119121082e+00 3.411658275679456676e+00 3.433043128420643075e+00 3.439043911631416428e+00 3.440161319816852803e+00 3.440549699391034277e+00
3.374132101483438007e+00 3.416359814024794606e+00 3.437676060840888503e+00 3.443645374822093430e+00 3.444756523895731615e+00 3.445142885066939442e+00
3.378649388066535586e+00 3.421068332258407452e+00 3.442318070742842906e+00 3.448256878207933251e+00 3.449362108721272691e+00 3.449746732094199686e+00
3.383179440042906716e+00 3.425784940875325368e+00 3.446969928655654325e+00 3.452879473151433842e+00 3.453979167060011513e+00 3.454362197847895999e+00
3.387722685792767585e+00 3.430510384853104444e+00 3.451632352688585925e+00 3.457514045332895414e+00 3.458608434950773081e+00 3.458990008414227546e+00
3.392279193622437017e+00 3.435244948818053867e+00 3.456305696186899645e+00 3.462161188936302203e+00 3.463250416737309934e+00 3.463630526734912785e+00
3.396848669895577544e+00 3.439988559796976375e+00 3.460989945968389492e+00 3.466820713468858006e+00 3.467905085397786635e+00 3.468283750814797450e+00
3.401430459837019082e+00 3.444740788215214344e+00 3.465684723215377794e+00 3.471492275621805845e+00 3.472572109242928917e+00 3.472949314574345969e+00
3.406023551238376967e+00 3.449500848949826448e+00 3.470389594799701882e+00 3.476175174535860890e+00 3.477250806347613299e+00 3.477626745497842453e+00
3.410626581253846545e+00 3.454267141152951304e+00 3.475103485934510239e+00 3.480868358698150811e+00 3.481940146424585603e+00 3.482315041510739562e+00
3.415237846424898027e+00 3.459038477552255131e+00 3.479824919216444989e+00 3.485570436042220166e+00 3.486638768293556900e+00 3.487012713798281371e+00
3.419855316016335411e+00 3.463813046109025517e+00 3.484552184980234113e+00 3.490279910345293501e+00 3.491345034580283446e+00 3.491718065094869594e+00
3.424476500716543192e+00 3.468588729543067295e+00 3.489283264617993652e+00 3.494994744379229079e+00 3.496056922987933469e+00 3.496429089863932305e+00
3.429098859026113111e+00 3.473363125518438732e+00 3.494015850669375922e+00 3.499712603347549855e+00 3.500772155327021462e+00 3.501143494281057311e+00
3.433719507894318568e+00 3.478133570002879260e+00 3.498747374991225900e+00 3.504430943137529564e+00 3.505488189836891699e+00 3.505858719342270113e+00
3.438335303455263059e+00 3.482897078157487059e+00 3.503475191631487462e+00 3.509146982528938086e+00 3.510202247309047507e+00 3.510572146543304406e+00
3.442942889159585018e+00 3.487650272631223292e+00 3.508196201165281636e+00 3.513857732025140734e+00 3.514911376224641781e+00 3.515280782832917339e+00
3.447538726954481270e+00 3.492390055415761196e+00 3.512907223539225576e+00 3.518560034517686397e+00 3.519612484790225260e+00 3.519981414295189293e+00
3.452119130462242502e+00 3.497112981516321994e+00 3.517604934898582947e+00 3.523250685152519601e+00 3.524302220654914386e+00 3.524670742883039942e+00
3.456680299719159244e+00 3.501815499238909890e+00 3.522285902392638057e+00 3.527926215657547715e+00 3.528977175712956882e+00 3.529345362362080962e+00
3.461218356995338308e+00 3.506493986283717668e+00 3.526946620025727341e+00 3.532583148398907635e+00 3.533633868239272502e+00 3.534001793990741547e+00
3.465729383186564760e+00 3.511144786417718322e+00 3.531583567904953647e+00 3.537217970043338156e+00 3.538268779056343405e+00 3.538636522713893839e+00
3.470209454253052161e+00 3.515764094463470268e+00 3.536193246302014259e+00 3.541827167816789412e+00 3.542878387679126551e+00 3.543246119039705100e+00
3.474654677176999495e+00 3.520348186043223748e+00 3.540772126059730240e+00 3.546407265218886273e+00 3.547459207903486345e+00 3.547827095535253328e+00
3.479061224922307183e+00 3.524893627559853471e+00 3.545316780117961031e+00 3.550954873958291902e+00 3.552007822314541929e+00 3.552376037986413770e+00
3.483425334661463424e+00 3.529396966566018978e+00 3.549823886068696588e+00 3.555466716314612086e+00 3.556520974600368756e+00 3.556889655704216224e+00
3.487743413968122042e+00 3.533854890054044073e+00 3.554290257449199242e+00 3.559939618485583157e+00 3.560995549425781448e+00 3.561364793686972341e+00
3.492012027471936619e+00 3.538264253884737975e+00 3.558712872611812905e+00 3.564370587087076991e+00 3.565428523563809016e+00 3.565798461211248771e+00
3.496227921191042309e+00 3.542622109507969963e+00 3.563088911556874905e+00 3.568756819479841802e+00 3.569817100665998666e+00 3.570187857622011851e+00
3.500388051199804895e+00 3.546925693506829624e+00 3.567415785301559339e+00 3.573095726555963303e+00 3.574158699082655488e+00 3.574530404769802772e+00
3.504488345067306998e+00 3.551168817998059168e+00 3.571688856388069766e+00 3.577383881619782269e+00 3.578450001530431024e+00 3.578821759656870327e+00
3.508528008545889421e+00 3.555353302913605074e+00 3.575909330197740932e+00 3.581621052865788357e+00 3.582690635558206882e+00 3.583062462576212859e+00
3.512504541720535389e+00 3.559478783310280114e+00 3.580074816701903195e+00 3.585804778185658126e+00 3.586878115430878644e+00 3.587250838388850838e+00
3.516415816514937731e+00 3.563541230501804158e+00 3.584183710338034956e+00 3.589933464852869349e+00 3.591010931175341980e+00 3.591384893084381247e+00
3.520259899041789264e+00 3.567540037115731089e+00 3.588234341560062379e+00 3.594005778019904618e+00 3.595087710724942376e+00 3.595463079426000963e+00
3.524035341638292795e+00 3.571473936648568603e+00 3.592225755591402780e+00 3.598020630479453974e+00 3.599107367793871859e+00 3.599484417762321531e+00
3.527740865864650743e+00 3.575341620780122298e+00 3.596157172694053550e+00 3.601977604061489480e+00 3.603069632017533053e+00 3.603448100422576239e+00
3.531375576924825843e+00 3.579142645883948148e+00 3.600028037863554076e+00 3.605876151736911339e+00 3.606973678921037596e+00 3.607353585763116044e+00
3.534938810686851784e+00 3.582876692668634178e+00 3.603838346493597022e+00 3.609715837904943658e+00 3.610819188499794219e+00 3.611201078969322964e+00
3.538430289574010512e+00 3.586543696055066288e+00 3.607588430636021748e+00 3.613496652189194691e+00 3.614606145008036009e+00 3.614990413726296481e+00
3.541849842021612016e+00 3.590143802004628348e+00 3.611278208066595496e+00 3.617218828932196040e+00 3.618334776090862626e+00 3.618721709214180127e+00
3.545197524187656768e+00 3.593678035062343845e+00 3.614908174920858475e+00 3.620883278368293823e+00 3.622006266912983996e+00 3.622395426117547501e+00
3.548473668350788479e+00 3.597146752917918633e+00 3.618479050367166217e+00 3.624491025268063993e+00 3.625621135266827721e+00 3.626012239076662702e+00
3.551678823807768559e+00 3.600550772799517407e+00 3.621991811050617294e+00 3.628042540084275291e+00 3.629180050370392152e+00 3.629573541136795534e+00
3.554813741858903420e+00 3.603891188280907265e+00 3.625448672494881119e+00 3.631538898088679801e+00 3.632684074707149158e+00 3.633080581322013280e+00
3.557879384041947368e+00 3.607169283766173962e+00 3.628850177291655932e+00 3.634981338101278325e+00 3.636134432640190983e+00 3.636534225692467537e+00
3.560877175129052663e+00 3.610387110292788915e+00 3.632197780346103855e+00 3.638371516701127462e+00 3.639533102472250814e+00 3.639935842873326166e+00
3.563808132255935401e+00 3.613546394060273670e+00 3.635493071544812160e+00 3.641711687189036262e+00 3.642881738421297477e+00 3.643286925072380722e+00
3.566673656771756740e+00 3.616648559433892629e+00 3.638737756964809833e+00 3.645002869045230298e+00 3.646181580159215230e+00 3.646589379928806274e+00
3.569475272654853093e+00 3.619695495675567365e+00 3.641934526891372315e+00 3.648246781967503516e+00 3.649434325738009299e+00 3.649845548846852417e+00
3.572214611213251345e+00 3.622689199055104670e+00 3.645085105738163467e+00 3.651445215523902998e+00 3.652641741262258712e+00 3.653056622670838749e+00
3.574893396346518593e+00 3.625632066802370712e+00 3.648191169438753434e+00 3.654600077325253604e+00 3.655806060050724504e+00 3.656224415851368814e+00
3.577513601920154329e+00 3.628526941680665807e+00 3.651254724180027722e+00 3.657714332092167453e+00 3.658929652399100174e+00 3.659350775299838432e+00
3.580077210282746503e+00 3.631375463898681488e+00 3.654277804415446695e+00 3.660789225467899755e+00 3.662013960324573603e+00 3.662437628962197156e+00
3.582585965346811285e+00 3.634179915448426890e+00 3.657262904905517864e+00 3.663826708461023873e+00 3.665060904358075966e+00 3.665487918068631501e+00
3.585041829494743482e+00 3.636942611284321281e+00 3.660212690229040611e+00 3.666828722083665060e+00 3.668072393403805975e+00 3.668502844406805075e+00
3.587446795512859055e+00 3.639665893402491470e+00 3.663128682360392574e+00 3.669797183638095817e+00 3.671050311127851629e+00 3.671484281158408081e+00
3.589802876745165960e+00 3.642353358664325746e+00 3.666012936745234096e+00 3.672733974036316518e+00 3.673996503401100178e+00 3.674434063139146112e+00
3.592112098142127508e+00 3.645006596622786255e+00 3.668867469327189212e+00 3.675640926184351009e+00 3.676912766828183354e+00 3.677353975352018800e+00
3.594376833540429139e+00 3.647627982091160348e+00 3.671694245345211272e+00 3.678519814452104075e+00 3.679800838383338046e+00 3.680245742654324470e+00
3.596598957503628124e+00 3.650219868249010347e+00 3.674495169109466719e+00 3.681372617900894539e+00 3.682662946274278148e+00 3.683111020549733716e+00
3.598780434135123940e+00 3.652784577450254755e+00 3.677272074759614817e+00 3.684201245368615041e+00 3.685500470011660479e+00 3.685951387108374000e+00
3.600923271797811687e+00 3.655324392682849144e+00 3.680026718004448583e+00 3.687006962002671973e+00 3.688314846744849440e+00 3.688768511768178548e+00
3.603029458583200562e+00 3.657841549647709911e+00 3.682761038801563913e+00 3.689791258132710361e+00 3.691107526930569982e+00 3.691564236635542784e+00
3.605100958176528980e+00 3.660338229423929945e+00 3.685476985510141912e+00 3.692555530074625114e+00 3.693879866958653224e+00 3.694339516445552363e+00
3.607139706374375976e+00 3.662816551687710032e+00 3.688175689645224686e+00 3.695301075968148385e+00 3.696633125255080365e+00 3.697095592556911114e+00
3.609147608205591773e+00 3.665279068675504792e+00 3.690858565351549991e+00 3.698029092626188952e+00 3.699368459408101550e+00 3.699833605524982971e+00
3.611126535606053345e+00 3.667727802915921043e+00 3.693526922287484915e+00 3.700740673368660971e+00 3.702086924287219638e+00 3.702554593328500232e+00
3.613078325598041651e+00 3.670164423496064643e+00 3.696181962895927597e+00 3.703436806809676796e+00 3.704789484193027782e+00 3.705259490558726387e+00
3.615004778925988038e+00 3.672590785076413233e+00 3.698824780546059010e+00 3.706118423336042689e+00 3.707477029829769677e+00 3.707949128531589977e+00
3.616907829393958274e+00 3.675008655947173075e+00 3.701456358525000212e+00 3.708786288529472230e+00 3.710150272957778217e+00 3.710624236279107535e+00
3.618789202303176022e+00 3.677419713988683725e+00 3.704077569856095931e+00 3.711441069480323485e+00 3.712809860034869125e+00 3.713285473724114549e+00
3.620650498302263376e+00 3.679825543019512146e+00 3.706689199450418748e+00 3.714083344257641084e+00 3.715456338952853876e+00 3.715933390980264761e+00
3.622493374631560403e+00 3.682227629527174084e+00 3.709291935045291755e+00 3.716713593108302849e+00 3.718090162240201391e+00 3.718568398848646872e+00
3.624319450963586320e+00 3.684627359780903610e+00 3.711886295231252131e+00 3.719332202086894412e+00 3.720711690935106120e+00 3.721190845701690009e+00
3.626130309881643754e+00 3.687026042629911515e+00 3.714472728362165022e+00 3.721939467316435213e+00 3.723321199068415410e+00 3.723800993950941773e+00
3.627927497529877421e+00 3.689424948117652647e+00 3.717051583003763149e+00 3.724535599819527754e+00 3.725918878692751068e+00 3.726399025166790668e+00
3.629712524402601392e+00 3.691825077110137965e+00 3.719623112039199153e+00 3.727120702863687463e+00 3.728504686444491067e+00 3.728985045668350651e+00
3.631486866243132994e+00 3.694227399473202667e+00 3.722187477348028573e+00 3.729694607731888212e+00 3.731078667513537006e+00 3.731559092513420772e+00
3.633251965024259178e+00 3.696632776542940313e+00 3.724744755007479924e+00 3.732257464976460604e+00 3.733640866376626732e+00 3.734121139816989121e+00
3.635009229984573320e+00 3.699041960697257103e+00 3.727294940961054071e+00 3.734809192858658200e+00 3.736191196560379346e+00 3.736670935451420039e+00
3.636760068186036143e+00 3.701455595389259834e+00 3.729837861906018404e+00 3.737349655152972794e+00 3.738729520782704707e+00 3.739208370839421924e+00
3.638505857658579590e+00 3.703874215658423452e+00 3.732373213638791487e+00 3.739878668049949173e+00 3.741255657856016104e+00 3.741733327072649384e+00
3.640247878488659161e+00 3.706298249134387213e+00 3.734900937102793250e+00 3.742396007146418402e+00 3.743769389641979917e+00 3.744245585300396861e+00
3.641987421998226893e+00 3.708728017545660283e+00 3.737420761170232808e+00 3.744901414453119415e+00 3.746270467988278341e+00 3.746744897992708268e+00
3.643725752118249339e+00 3.711163493347203080e+00 3.739932368042180322e+00 3.747394605351618502e+00 3.748758606635608004e+00 3.749230995767795172e+00
3.645464106322751530e+00 3.713604895441130704e+00 3.742435400463652417e+00 3.749875138552275722e+00 3.751233235528979915e+00 3.751703594059094371e+00
3.647203696484295765e+00 3.716052275940688432e+00 3.744929468949983686e+00 3.752342605674418685e+00 3.753694252829883560e+00 3.754162399563627517e+00
3.648945709637037904e+00 3.718505547036011105e+00 3.747414158957873553e+00 3.754796801999463085e+00 3.756141347411702469e+00 3.756607116418724246e+00
3.650691308634338217e+00 3.720964530319966990e+00 3.749889037936539271e+00 3.757237393041123141e+00 3.758574210723915510e+00 3.759037185849779306e+00
3.652441632689106044e+00 3.723428961429194217e+00 3.752353557379544124e+00 3.759664049975695921e+00 3.760992542401422334e+00 3.761452469738381765e+00
3.654197797785962543e+00 3.725898495152536682e+00 3.754807077337626531e+00 3.762076455115896056e+00 3.763396055479004687e+00 3.763852715401121429e+00
3.655960890562906407e+00 3.728372710975901505e+00 3.757249330139614152e+00 3.764474306972396711e+00 3.765784481180602050e+00 3.766237663249337508e+00
3.657731950804432142e+00 3.730851119026683094e+00 3.759679867012898136e+00 3.766857324875649837e+00 3.768157573259870219e+00 3.768607076883561113e+00
3.659512050915617820e+00 3.733333006143576327e+00 3.762098253077356347e+00 3.769225253136997189e+00 3.770515008102594656e+00 3.770960746873316616e+00
3.661302213920700765e+00 3.735817619439966819e+00 3.764504072579649474e+00 3.771577666615363533e+00 3.772856527475694666e+00 3.773298494059086128e+00
3.663103439378248893e+00 3.738304469468065605e+00 3.766896933674564352e+00 3.773914454147417885e+00 3.775182066054973973e+00 3.775620172373552741e+00
3.664916702847060392e+00 3.740792842023510367e+00 3.769276472730759053e+00 3.776235485010456472e+00 3.777491495095533836e+00 3.777925649872753588e+00
3.666742955175875451e+00 3.743281987888706475e+00 3.771642358144987384e+00 3.778540628892456787e+00 3.779784723295714244e+00 3.780214654944388908e+00
3.668583121614614306e+00 3.745771130165502782e+00 3.773994216834241744e+00 3.780829794400830668e+00 3.782061698307267683e+00 3.782487299771271516e+00
3.670438100746455490e+00 3.748259471607102711e+00 3.776331635678769949e+00 3.783102930373961392e+00 3.784322407798884402e+00 3.784743583485413065e+00
3.672308763241365348e+00 3.750746201882494191e+00 3.778654540731646527e+00 3.785360026750922202e+00 3.786566880094006216e+00 3.786983545768015880e+00
3.674195950433661206e+00 3.753230504707694593e+00 3.780962749664912081e+00 3.787601115021870690e+00 3.788795184407263150e+00 3.789207267014220726e+00
3.676100472727663604e+00 3.755711555409104729e+00 3.783256124112234886e+00 3.789826239863088198e+00 3.791007270692420050e+00 3.791414868129069582e+00
3.678022966204909316e+00 3.758188216192803743e+00 3.785534570549050848e+00 3.792035372718611352e+00 3.793203371962117654e+00 3.793606509984155828e+00
3.679964275628096360e+00 3.760659928668971030e+00 3.787798040732194060e+00 3.794228778169524752e+00 3.795383690514306796e+00 3.795782392565851815e+00
3.681925110852892313e+00 3.763125910257670625e+00 3.790046531725248080e+00 3.796406645311116712e+00 3.797548448950640587e+00 3.797942704297689875e+00
3.683906136786154306e+00 3.765585404388860802e+00 3.792280085538883849e+00 3.798569201856520916e+00 3.799697907054910395e+00 3.800087625327568830e+00
3.685907977050225881e+00 3.768037685672286585e+00 3.794498738344961541e+00 3.800716712671077246e+00 3.801832360232778374e+00 3.802217552030469072e+00
3.687931211568212575e+00 3.770482064579907977e+00 3.796702507492989209e+00 3.802849478096699265e+00 3.803952137761285712e+00 3.804332822187010521e+00
3.689976374069136700e+00 3.772917891615848340e+00 3.798891666758725805e+00 3.804967832098016700e+00 3.806057600878762326e+00 3.806433805005157822e+00
3.692043949535540825e+00 3.775344560956238826e+00 3.801066423211276746e+00 3.807072140260686854e+00 3.808149140744816030e+00 3.808520899066980547e+00
3.694134371618683410e+00 3.777761513548711925e+00 3.803227022611848085e+00 3.809162797671265643e+00 3.810227176298289109e+00 3.810594530178537109e+00
3.696248020048695793e+00 3.780168069110819484e+00 3.805373747417697849e+00 3.811240226706190448e+00 3.812292152039734372e+00 3.812655149148781231e+00
3.698385218069351499e+00 3.782563775116322802e+00 3.807506914629653405e+00 3.813304874755790941e+00 3.814344535762706379e+00 3.814703229521648087e+00
3.700546229929067010e+00 3.784948302257567398e+00 3.809626873514303291e+00 3.815357211907288271e+00 3.816384816256630064e+00 3.816739265283446869e+00
3.702731258461493091e+00 3.787321291858372962e+00 3.811734003230323076e+00 3.817397712654358344e+00 3.818413382053178928e+00 3.818763768565631711e+00
3.704940442790565669e+00 3.789682439781026257e+00 3.813828677232524278e+00 3.819426778000131417e+00 3.820430830390310284e+00 3.820777267361015639e+00
3.707173856195797423e+00 3.792031496437116900e+00 3.815911244234710509e+00 3.821445019550461453e+00 3.822437706397729063e+00 3.822780303269468050e+00
3.709431504174256489e+00 3.794368266356595853e+00 3.817982232289916844e+00 3.823452971228532782e+00 3.824434556231475213e+00 3.824773418487815491e+00
3.711713322735752829e+00 3.796692607348158166e+00 3.820042112104333754e+00 3.825451178036609168e+00 3.826421935660525797e+00 3.826757083079998623e+00
3.714019023826621968e+00 3.799004429286286566e+00 3.822091371946997551e+00 3.827440193875374153e+00 3.828400407951837892e+00 3.828731938379689392e+00
3.716348509383841758e+00 3.801303692562214565e+00 3.824130515194543722e+00 3.829420579432150085e+00 3.830370541827734066e+00 3.830698555345481537e+00
3.718701496307657450e+00 3.803590406236795562e+00 3.826160057928703839e+00 3.831392900146268765e+00 3.832332909503011642e+00 3.832657507989117196e+00
3.721077626760760815e+00 3.805864625933955026e+00 3.828180526599444633e+00 3.833357724258357635e+00 3.834288084807496055e+00 3.834609371523186816e+00
3.723476469560005331e+00 3.808126451512898747e+00 3.830192455764779957e+00 3.835315620948840376e+00 3.836236641398605762e+00 3.836554720598742918e+00
3.725897520593046686e+00 3.810376024556711094e+00 3.832196378347730192e+00 3.837267158569648284e+00 3.838179151067104833e+00 3.838494127635955877e+00
3.728340203677314335e+00 3.812613523964345497e+00 3.834192809769877641e+00 3.839212902971826935e+00 3.840116182138090917e+00 3.840428161249621830e+00
3.730803871876062772e+00 3.814839121423675650e+00 3.836182305996487685e+00 3.841153415930799397e+00 3.842048297968493564e+00 3.842357384770514361e+00
3.733287809280609437e+00 3.817053065531681888e+00 3.838165406458013962e+00 3.843089253456553500e+00 3.843976047266217222e+00 3.844282354862651019e+00
3.735791233262302669e+00 3.819255625893275941e+00 3.840142648207462983e+00 3.845020955879026925e+00 3.845899973844472797e+00 3.846203620235924436e+00
3.738313297191127926e+00 3.821447099039498418e+00 3.842114564256152942e+00 3.846949057692838014e+00 3.847820614695125485e+00 3.848121720452875483e+00
3.740850615090727693e+00 3.823626026430531510e+00 3.844080749101614458e+00 3.848873535367836052e+00 3.849737378842567281e+00 3.850036042428486738e+00
3.743404698858005197e+00 3.825794909459737880e+00 3.846043173027366535e+00 3.850795834327684020e+00 3.851651587444896663e+00 3.851947962892523947e+00
3.745975701670043012e+00 3.827954701787214642e+00 3.848001967121140510e+00 3.852716180660746392e+00 3.853564914279249631e+00 3.853859104514024025e+00
3.748561888403181719e+00 3.830104760002933872e+00 3.849957733123512860e+00 3.854635018191938656e+00 3.855477221295645851e+00 3.855769297767219328e+00
3.751161471014168747e+00 3.832245917135801871e+00 3.851910787557312421e+00 3.856552843194865687e+00 3.857388902510854312e+00 3.857678988591242586e+00
3.753773832213479267e+00 3.834378319899514942e+00 3.853861611170994905e+00 3.858470095466123961e+00 3.859300468920801475e+00 3.859588652097745598e+00
3.756397662745966315e+00 3.836502341602944011e+00 3.855810660257026790e+00 3.860387225209835016e+00 3.861212203839531121e+00 3.861498591458758511e+00
3.759031417217182369e+00 3.838618424182286937e+00 3.857758383284392245e+00 3.862304653914454988e+00 3.863124602392848495e+00 3.863409291228996345e+00
3.761674040646621808e+00 3.840726952303359365e+00 3.859705267989750332e+00 3.864222991952552810e+00 3.865038036367327123e+00 3.865321124528385610e+00
3.764324257057101164e+00 3.842828340630807027e+00 3.861651833219584162e+00 3.866142482433043703e+00 3.866952909391853765e+00 3.867234492714962446e+00
3.766980716752693858e+00 3.844922992551052410e+00 3.863598360862773085e+00 3.868063495097223914e+00 3.868869590919207901e+00 3.869149763663605412e+00
3.769642171450720891e+00 3.847011387907592450e+00 3.865545232484161264e+00 3.869986387687334606e+00 3.870788455346729773e+00 3.871067332531811456e+00
3.772307336699595837e+00 3.849094123626324304e+00 3.867492813942873475e+00 3.871911501204359674e+00 3.872710025566279857e+00 3.872987679186450372e+00
3.774975114291355460e+00 3.851171394080394883e+00 3.869441454988882700e+00 3.873839159670856347e+00 3.874634466942578293e+00 3.874910985745546377e+00
3.777644126169430905e+00 3.853243586320567182e+00 3.871391488932560243e+00 3.875769705478079530e+00 3.876562081321034192e+00 3.876837552330354875e+00
3.780313109529764404e+00 3.855311079950617170e+00 3.873343427782385717e+00 3.877703728265115224e+00 3.878493153313323560e+00 3.878767661805922806e+00
3.782980841382855175e+00 3.857374245895299758e+00 3.875297604589716727e+00 3.879641256353624890e+00 3.880427950239821122e+00 3.880701579729295414e+00
3.785646127047502585e+00 3.859433445299482734e+00 3.877254168272734614e+00 3.881582544948960489e+00 3.882366722119110491e+00 3.882639554344124555e+00
3.788307804675298929e+00 3.861489028554951908e+00 3.879213384659147223e+00 3.883527832050901907e+00 3.884309701702076012e+00 3.884581857347159328e+00
3.790964749391163569e+00 3.863541819478526929e+00 3.881175502621609930e+00 3.885477338517442369e+00 3.886257472227566012e+00 3.886528998176264071e+00
3.793616178658670179e+00 3.865591802704027025e+00 3.883140754110239179e+00 3.887431268170115750e+00 3.888209957148173856e+00 3.888480928528242231e+00
3.796260915967742733e+00 3.867639267519659807e+00 3.885109354234721479e+00 3.889389895322989510e+00 3.890167337909077538e+00 3.890437828874820703e+00
3.798897894256861196e+00 3.869684513456680186e+00 3.887081815332000367e+00 3.891353633430302494e+00 3.892129780152132845e+00 3.892399863094317070e+00
3.801526167510639098e+00 3.871727826423496666e+00 3.889058178367793772e+00 3.893322407276753605e+00 3.894097433140279563e+00 3.894367178690456122e+00
3.804144840829496665e+00 3.873769478398505939e+00 3.891038541254726812e+00 3.895296355264787902e+00 3.896070430005186491e+00 3.896339907041205919e+00
3.806753071989149806e+00 3.875809727215481892e+00 3.893023054303285768e+00 3.897275599968539783e+00 3.898048888023031289e+00 3.898318174383392787e+00
3.809350072570945489e+00 3.877849146233948829e+00 3.895011852187606927e+00 3.899260248432764087e+00 3.900033259873726621e+00 3.900302460733199972e+00
3.811935383167482705e+00 3.879887924029351343e+00 3.897005054256717393e+00 3.901250392496401709e+00 3.902023421459000829e+00 3.902292561182126196e+00
3.814508270056281347e+00 3.881926114093918301e+00 3.899002779590298395e+00 3.903246250096515713e+00 3.904019406662101233e+00 3.904288546825845696e+00
3.817067986321813322e+00 3.883963917426725754e+00 3.901005513782876299e+00 3.905248055696173726e+00 3.906021273905214475e+00 3.906290474376919342e+00
3.819613959593598729e+00 3.886001521229080602e+00 3.903013052064293831e+00 3.907255672913505506e+00 3.908029067600733875e+00 3.908298386541237512e+00
3.822145671174403958e+00 3.888039099121717079e+00 3.905025464123812906e+00 3.909269144403450191e+00 3.910042818542705856e+00 3.910312312408243507e+00
3.824662655078966189e+00 3.890076811415225322e+00 3.907042806509045896e+00 3.911288499769369764e+00 3.912062544309866663e+00 3.912332267852643319e+00
3.827164496818040718e+00 3.892114970060274182e+00 3.909065123074173087e+00 3.913313755990740272e+00 3.914088562495223300e+00 3.914358639423620279e+00
3.829651069430005883e+00 3.894153972639819550e+00 3.911092445438795639e+00 3.915344917857563445e+00 3.916120752657399784e+00 3.916391180714914988e+00
3.832122109381651320e+00 3.896193670950067300e+00 3.913124793454158645e+00 3.917381978408922549e+00 3.918159026609098206e+00 3.918429856104160613e+00
3.834577180886823200e+00 3.898234184049980122e+00 3.915162175674237410e+00 3.919424919373022398e+00 3.920203361440692369e+00 3.920474640977376968e+00
3.837016061640918352e+00 3.900275619947309647e+00 3.917204589828516603e+00 3.921473711606200396e+00 3.922253723382579160e+00 3.922525499851217567e+00
3.839438571944407297e+00 3.902318076092297972e+00 3.919252023293677833e+00 3.923528315528292509e+00 3.924310068230961512e+00 3.924582386796238609e+00
3.841844572641306854e+00 3.904361639888454860e+00 3.921304453561416103e+00 3.925588681551719361e+00 3.926372341766980689e+00 3.926645245853387145e+00
3.844233963010113442e+00 3.906406389215935526e+00 3.923361886396013354e+00 3.927654857492846929e+00 3.928440480166650595e+00 3.928714011441211795e+00
3.846606678630646758e+00 3.908452392962975530e+00 3.925424500051564625e+00 3.929726862800153597e+00 3.930514410399064573e+00 3.930788608751294877e+00
3.848962689247950486e+00 3.910499711561229663e+00 3.927492061257163769e+00 3.931804497368744933e+00 3.932594050610351388e+00 3.932868954129280947e+00
3.851301996652521265e+00 3.912548397520724919e+00 3.929564519117020538e+00 3.933887682097858107e+00 3.934679310490954762e+00 3.934954955439230684e+00
3.853624632593574795e+00 3.914598495960559532e+00 3.931641815213132496e+00 3.935976330013605917e+00 3.936770091623718937e+00 3.937046512408753252e+00
3.855930656740036433e+00 3.916650045131358837e+00 3.933723883996206538e+00 3.938070346610353489e+00 3.938866396562398009e+00 3.939143677434348234e+00
3.858220154701821336e+00 3.918703252967976169e+00 3.935810653153040128e+00 3.940169630167712711e+00 3.940968203573597783e+00 3.941246334495327019e+00
3.860493321269688138e+00 3.920758189105071789e+00 3.937902043947992592e+00 3.942274072040881983e+00 3.943075263102955752e+00 3.943354273592229120e+00
3.862750449064776603e+00 3.922814740943277645e+00 3.939997971536162602e+00 3.944383556922182343e+00 3.945187453674853018e+00 3.945467371262455281e+00
3.864991508863662162e+00 3.924872931347790583e+00 3.942098345246064284e+00 3.946497963071702308e+00 3.947304647242055431e+00 3.947585497427290591e+00
3.867216675344780974e+00 3.926932778884237418e+00 3.944203068829780001e+00 3.948617162515264400e+00 3.949426709373131228e+00 3.949708515576097589e+00
3.869426140432534300e+00 3.928994298228400517e+00 3.946312040678487065e+00 3.950741021207699877e+00 3.951553499405386027e+00 3.951836282916073806e+00
3.871620111849039425e+00 3.931057500544948624e+00 3.948425167881066677e+00 3.952869423613008415e+00 3.953684870561783971e+00 3.953968650486001213e+00
3.873798811760971184e+00 3.933122393832618080e+00 3.950542374597514339e+00 3.955002238407562487e+00 3.955820670030394393e+00 3.956105463232577613e+00
3.875962475520802197e+00 3.935188983233690596e+00 3.952663509921085172e+00 3.957139290112587915e+00 3.957960739005118800e+00 3.958246560048078955e+00
3.878111350500723198e+00 3.937257271305588002e+00 3.954788453651712832e+00 3.959280422653311593e+00 3.960104912686632783e+00 3.960391773768311197e+00
3.880245695016445673e+00 3.939327258252773412e+00 3.956917080766273465e+00 3.961425474162363791e+00 3.962253020242680002e+00 3.962540931129994171e+00
3.882365777337742685e+00 3.941398942117242843e+00 3.959049261394592456e+00 3.963574276906875138e+00 3.964404887459309634e+00 3.964693866820313772e+00
3.884471874781779466e+00 3.943472318926124487e+00 3.961184860751790104e+00 3.965726657173175518e+00 3.966560384227271197e+00 3.966850428189000688e+00
3.886564272884816429e+00 3.945547428979917726e+00 3.963323739026249903e+00 3.967882435108766259e+00 3.968719279544628442e+00 3.969010390423728829e+00
3.888643267527037928e+00 3.947624249844766453e+00 3.965465751223072211e+00 3.970041424521414175e+00 3.970881378508192228e+00 3.971173555905706642e+00
3.890709239878421322e+00 3.949702757316511104e+00 3.967610746962762391e+00 3.972203432635670772e+00 3.973046479382433827e+00 3.973339720104667627e+00
3.892762429849360828e+00 3.951782941368275903e+00 3.969758570235387030e+00 3.974368259807050663e+00 3.975214373308167737e+00 3.975508671285331808e+00
3.894803150192001517e+00 3.953864790052690648e+00 3.971909059110497964e+00 3.976535699194642781e+00 3.977384843970280137e+00 3.977680190173241037e+00
3.896831718763865915e+00 3.955948289372340998e+00 3.974062023127546972e+00 3.978705505928235020e+00 3.979557667225550155e+00 3.979854049580835884e+00
3.898848458070037104e+00 3.958033423102270021e+00 3.976217259136568316e+00 3.980877445488909316e+00 3.981732610691794960e+00 3.982030013995069506e+00
3.900853694848589459e+00 3.960120172564634444e+00 3.978374618168176280e+00 3.983051312387678955e+00 3.983909433299704261e+00 3.984207839128059092e+00
3.902847759694252350e+00 3.962208516355754551e+00 3.980533909261114722e+00 3.985226865413880049e+00 3.986087884809145887e+00 3.986387271432374924e+00
3.904830986715737140e+00 3.964298430025974262e+00 3.982694933422722183e+00 3.987403853918792596e+00 3.988267705291929310e+00 3.988568047583208376e+00
3.906803713222132046e+00 3.966389885713020647e+00 3.984857483096526209e+00 3.989582017268843650e+00 3.990448624583178727e+00 3.990749893929403935e+00
3.908766279434233493e+00 3.968482851729580041e+00 3.987021341595010426e+00 3.991761084269015658e+00 3.992630316066836826e+00 3.992932463076661165e+00
3.910719028216679938e+00 3.970577292106086897e+00 3.989186282499784575e+00 3.993940772559185781e+00 3.994812498623076191e+00 3.995115501307149763e+00
3.912662304827155602e+00 3.972673082429723834e+00 3.991352069031741223e+00 3.996120787986388478e+00 3.996994884353220812e+00 3.997298702904165335e+00
3.914596456679202419e+00 3.974770230870517285e+00 3.993518453393892997e+00 3.998300823956041583e+00 3.999177154678357216e+00 3.999481745455657489e+00
3.916521812723713580e+00 3.976868690765227754e+00 3.995685176089762258e+00 4.000480560765818261e+00 4.001358977661052307e+00 4.001664293106770742e+00
3.918438733529813867e+00 3.978968401593101945e+00 3.997851965220780457e+00 4.002659664925631411e+00 4.003540007334818185e+00 4.003845995891627929e+00
3.920347576300490022e+00 3.981069295601861846e+00 4.000018491424170541e+00 4.004837738967827576e+00 4.005719883025634864e+00 4.006026489057791906e+00
3.922248694403933200e+00 3.983171297114075582e+00 4.002184431505201978e+00 4.007014408518283943e+00 4.007898228669846574e+00 4.008205392387628407e+00
3.924142442263484298e+00 3.985274321800662101e+00 4.004349513938951333e+00 4.009189329772870458e+00 4.010074652132998629e+00 4.010382309521296484e+00
3.926029175140890892e+00 3.987378275923777249e+00 4.006513407661563164e+00 4.011362105095951591e+00 4.012248744534507416e+00 4.012556827286115180e+00
3.927909248915307572e+00 3.989483055551596102e+00 4.008675765505811839e+00 4.013532319616937905e+00 4.014420079583143064e+00 4.014728515037511158e+00
3.929783019856361914e+00 3.991588545747497108e+00 4.010836223460512606e+00 4.015699540568339998e+00 4.016588212928655643e+00 4.016896924016831960e+00
3.931650844389746879e+00 3.993694619736656737e+00 4.012994399938696333e+00 4.017863316643672356e+00 4.018752650986151309e+00 4.019061529716853265e+00
3.933513078853967393e+00 3.995801138052758716e+00 4.015149895059758833e+00 4.020023177381002455e+00 4.020912864345371318e+00 4.021221845631357539e+00
3.935370079247096697e+00 3.997907935184697337e+00 4.017302289950790417e+00 4.022178632577995572e+00 4.023068403812871452e+00 4.023377396759569180e+00
3.937222200962430918e+00 4.000014729880930098e+00 4.019451146072801961e+00 4.024329171744597033e+00 4.025218745009915722e+00 4.025527654186443982e+00
3.939069798512052856e+00 4.002121433059041777e+00 4.021596004577556727e+00 4.026474263599620684e+00 4.027363342742136254e+00 4.027672068170916830e+00
3.940913191011758965e+00 4.004227842977716278e+00 4.023736385700999563e+00 4.028613355617856051e+00 4.029501630582645433e+00 4.029810067740310586e+00
3.942752722799956810e+00 4.006333740743739824e+00 4.025871738411669121e+00 4.030745825980092789e+00 4.031633020515311472e+00 4.031941060345771710e+00
3.944588770516710419e+00 4.008438889420444795e+00 4.028001535118237442e+00 4.032871075081004619e+00 4.033756902645061260e+00 4.034064431585732358e+00
3.946421680999296022e+00 4.010543033142980107e+00 4.030125260788590680e+00 4.034988513696244006e+00 4.035872644982280377e+00 4.036179545004475955e+00
3.948251798581238425e+00 4.012645896244779742e+00 4.032242345178940646e+00 4.037097499527232181e+00 4.037979593308526738e+00 4.038285741972945431e+00
3.950079464727957124e+00 4.014747182400018488e+00 4.034352194922879775e+00 4.039197367826274032e+00 4.040077071130818709e+00 4.040382341659145560e+00
3.951905017656249353e+00 4.016846573786823527e+00 4.036454193292493109e+00 4.041287431402978747e+00 4.042164379731781665e+00 4.042468641095506854e+00
3.953728791937310305e+00 4.018943730276399506e+00 4.038547700043768174e+00 4.043366980731426530e+00 4.044240798323168740e+00 4.044543904928135092e+00
3.955551118082983209e+00 4.021038288653321580e+00 4.040632051353762577e+00 4.045435284165280976e+00 4.046305543034101504e+00 4.046607358261850251e+00
3.957372322114891539e+00 4.023129861872528856e+00 4.042706559856800830e+00 4.047491588268323781e+00 4.048357873327374179e+00 4.048658254675817858e+00
3.959192725116250422e+00 4.025218030435409489e+00 4.044770514787087379e+00 4.049535118267636236e+00 4.050397003421737807e+00 4.050695803628540759e+00
3.961012642766132075e+00 4.027302332606016222e+00 4.046823182235226746e+00 4.051565078636778949e+00 4.052422126204996644e+00 4.052719194578978446e+00
3.962832384855971224e+00 4.029382314345086868e+00 4.048863805525936499e+00 4.053580653815916257e+00 4.054432415167084969e+00 4.054727597803308825e+00
3.964652254788098240e+00 4.031457482998519914e+00 4.050891601592674363e+00 4.055581005919078663e+00 4.056427025340908266e+00 4.056720165359466890e+00
3.966472549056229369e+00 4.033527319152531376e+00 4.052905757917933727e+00 4.057565270638269439e+00 4.058405094396370316e+00 4.058696032205626025e+00
3.968292296984974321e+00 4.035590438017759851e+00 4.054904945554959284e+00 4.059531700622246220e+00 4.060364876880755425e+00 4.060653454027512765e+00
3.970113042242814583e+00 4.037647418683648404e+00 4.056889123959790844e+00 4.061479899531667215e+00 4.062305966705717530e+00 4.062592102180945020e+00
3.971935651344051355e+00 4.039697588751407054e+00 4.058857248214341240e+00 4.063409857618498933e+00 4.064228346749077403e+00 4.064511899623385105e+00
3.973760015250578093e+00 4.041740199094325803e+00 4.060808315755908282e+00 4.065320666097407276e+00 4.066131069189359515e+00 4.066411759966783279e+00
3.975586082139696220e+00 4.043774530843965209e+00 4.062741500814233575e+00 4.067210777262062926e+00 4.068012621579024213e+00 4.068290346385958323e+00
3.977414352922464147e+00 4.045799880524606706e+00 4.064655858313732217e+00 4.069079558297830523e+00 4.069872353653885888e+00 4.070146939060798275e+00
3.979244978325673365e+00 4.047815496704162186e+00 4.066550448792671801e+00 4.070926013839222257e+00 4.071709257824558392e+00 4.071980460299975846e+00
3.981078025631217265e+00 4.049820650766093877e+00 4.068424344580980012e+00 4.072749056129362444e+00 4.073522265862235869e+00 4.073789950951899108e+00
3.982913789939190430e+00 4.051814570586460995e+00 4.070276594801107706e+00 4.074547809367903284e+00 4.075310497118095121e+00 4.075574488231087145e+00
3.984752446654582059e+00 4.053796453158685864e+00 4.072106282306867442e+00 4.076321306927632726e+00 4.077072984683237422e+00 4.077333091999784109e+00
3.986594127028781465e+00 4.055765590662421261e+00 4.073912492894636195e+00 4.078068589001943245e+00 4.078808779991490496e+00 4.079064846116084553e+00
3.988439016430645800e+00 4.057721056806383508e+00 4.075694204778780083e+00 4.079788732142060503e+00 4.080516964071826180e+00 4.080768821713691707e+00
3.990287254747922674e+00 4.059661961435421240e+00 4.077450459043560294e+00 4.081480809453790215e+00 4.082196618636648289e+00 4.082444103864208529e+00
3.992138965496768943e+00 4.061587407315662368e+00 4.079180302425533533e+00 4.083143909164224539e+00 4.083846844782813790e+00 4.084089865204603598e+00
3.993994295237312642e+00 4.063496477083625713e+00 4.080882790679406291e+00 4.084777234465682305e+00 4.085466862415411349e+00 4.085705205829436082e+00
3.995853410682471463e+00 4.065388234948626334e+00 4.082556992126709972e+00 4.086379848959206917e+00 4.087055732636024175e+00 4.087289247983630247e+00
3.997716296817783288e+00 4.067261728586156977e+00 4.084201991381386065e+00 4.087950898577119574e+00 4.088612626971032782e+00 4.088841169326597580e+00
3.999583004349250182e+00 4.069116074246642789e+00 4.085817038776189847e+00 4.089489569523236945e+00 4.090136749996668541e+00 4.090360181306446741e+00
4.001453563579929096e+00 4.070950395157183266e+00 4.087401193028124879e+00 4.090995083332654936e+00 4.091627343723989618e+00 4.091845533556917047e+00
4.003327983578275351e+00 4.072763570252137200e+00 4.088953571144378962e+00 4.092466701329541046e+00 4.093083692088850256e+00 4.093296518396312145e+00
4.005206251342284141e+00 4.074554601681340316e+00 4.090473360373222178e+00 4.093903729181132434e+00 4.094505125529204648e+00 4.094712481270338600e+00
4.007088330961579459e+00 4.076322487268322803e+00 4.091959785062935673e+00 4.095305542973664892e+00 4.095891067894067206e+00 4.096092958039699639e+00
4.008974162779760597e+00 4.078066223613356023e+00 4.093412111248494689e+00 4.096671671364815914e+00 4.097241035546707266e+00 4.097437273311088646e+00
4.010863892204612924e+00 4.079784809401097334e+00 4.094829651329098930e+00 4.098001465888195582e+00 4.098554430793402759e+00 4.098744933440888971e+00
4.012757286085204100e+00 4.081477248910438504e+00 4.096211799742119908e+00 4.099294453209412659e+00 4.099830813759393067e+00 4.100015510743434177e+00
4.014654166627718013e+00 4.083142764387559076e+00 4.097558100238697598e+00 4.100550227782420620e+00 4.101069814485011733e+00 4.101248648191130108e+00
4.016554371755670871e+00 4.084780261084948627e+00 4.098867908308143626e+00 4.101768456557174147e+00 4.102271137589013961e+00 4.102444064058134110e+00
4.018457711480585282e+00 4.086388743802798373e+00 4.100140765984629176e+00 4.102948883620380904e+00 4.103434566851184684e+00 4.103601556478379209e+00
4.020363967117531523e+00 4.087967274537799511e+00 4.101376285603891780e+00 4.104091334739382368e+00 4.104559969684105525e+00 4.104721056145431035e+00
4.022272890523731270e+00 4.089514941034364526e+00 4.102574154582729449e+00 4.105195772729041792e+00 4.105647373399119893e+00 4.105802581081579028e+00
4.024184203364956858e+00 4.091030861381803163e+00 4.103734140118059592e+00 4.106262243896940944e+00 4.106696827369917813e+00 4.106846119052873334e+00
4.026097706361902340e+00 4.092514188753199278e+00 4.104856093774779779e+00 4.107290768920974777e+00 4.107708419356600693e+00 4.107851827124047617e+00
4.028013193708127382e+00 4.093964189570698409e+00 4.105940047281300131e+00 4.108281539358302759e+00 4.108682389431205451e+00 4.108819962726017572e+00
4.029930120069741051e+00 4.095380221786424357e+00 4.106986028920864840e+00 4.109234848707847831e+00 4.109619080991016915e+00 4.109750887070163117e+00
4.031848080187081962e+00 4.096761432937849889e+00 4.107994110789541686e+00 4.110151095734634552e+00 4.110518943922208734e+00 4.110645068250756928e+00
4.033766635385433119e+00 4.098107163213168924e+00 4.108964521336687881e+00 4.111030787468525460e+00 4.111382537423283523e+00 4.111503084001947528e+00
4.035685313105605410e+00 4.099416812632095564e+00 4.109897593408610383e+00 4.111874541843716813e+00 4.112210532455320866e+00 4.112325701423339197e+00
4.037603606502459641e+00 4.100689846252548953e+00 4.110793767531421672e+00 4.112683158839203656e+00 4.113003802313648372e+00 4.113113694595655012e+00
4.039520974118289587e+00 4.101925799371342052e+00 4.111653594852070270e+00 4.113457470878409517e+00 4.113763194384709720e+00 4.113867951806962076e+00
4.041436839638626211e+00 4.103124282689463165e+00 4.112477739703691348e+00 4.114198401744848965e+00 4.114489705515714135e+00 4.114589506681531894e+00
4.043350927499605341e+00 4.104284987410567354e+00 4.113266981762522256e+00 4.114907028898565855e+00 4.115184467586670891e+00 4.115279510181562017e+00
4.045262383674925744e+00 4.105407690240553187e+00 4.114022217764544465e+00 4.115584547636533586e+00 4.115848730064967320e+00 4.115939230726759490e+00
4.047170494257293250e+00 4.106492258253696903e+00 4.114744462752048193e+00 4.116232271021222466e+00 4.116483859678778501e+00 4.116570053775701510e+00
4.049074545732473496e+00 4.107538653590459887e+00 4.115434850821912960e+00 4.116851629260700918e+00 4.117091339535150496e+00 4.117173480849912082e+00
4.050973789713946616e+00 4.108546937950610989e+00 4.116094635349882402e+00 4.117444168522354175e+00 4.117672767666451961e+00 4.117751127984703885e+00
4.052867443327443198e+00 4.109517276844889544e+00 4.116725188667590629e+00 4.118011549165323970e+00 4.118229854992124572e+00 4.118304723594278016e+00
4.054754689735202255e+00 4.110449947322836195e+00 4.117328021686525119e+00 4.118555543380771233e+00 4.118764422686400195e+00 4.118836105742695430e+00
4.056634678808973327e+00 4.111345444809501259e+00 4.117904766367514569e+00 4.119078032232502906e+00 4.119278398947038511e+00 4.119347218816256095e+00
4.058506527960811461e+00 4.112204167336555471e+00 4.118457105548132269e+00 4.119581002095694444e+00 4.119773815163933151e+00 4.119840109596884403e+00
4.060369323140566422e+00 4.113026730755894533e+00 4.118986872567174551e+00 4.120066540494175200e+00 4.120252801491124828e+00 4.120316922740983046e+00
4.062222120008990522e+00 4.113813871002055755e+00 4.119496009568447192e+00 4.120536831343262207e+00 4.120717581830506404e+00 4.120779908248234591e+00
4.064063945295044888e+00 4.114566446171607161e+00 4.119986563659793433e+00 4.120994151572300979e+00 4.121170480153673488e+00 4.121231414111318436e+00
4.065893798345727284e+00 4.115285438113374994e+00 4.120460682464658575e+00 4.121440904801373151e+00 4.121613915201005618e+00 4.121673817666683171e+00
4.067710652876489696e+00 4.115971953498067215e+00 4.120920609074024910e+00 4.121879492486032248e+00 4.122050328268138664e+00 4.122109599706743843e+00
4.069513458929672645e+00 4.116627224338534674e+00 4.121368676411137244e+00 4.122312426498484506e+00 4.122482258381995557e+00 4.122541308264294102e+00
4.071301148490562127e+00 4.117252607933658659e+00 4.121807301026661818e+00 4.122742283352831549e+00 4.122912305455994186e+00 4.122971550925042195e+00
4.073072901244957578e+00 4.117849586213237600e+00 4.122238976345992789e+00 4.123171696317655233e+00 4.123343122224637725e+00 4.123402986703003315e+00
4.074827382100075113e+00 4.118419764463555843e+00 4.122666265396106589e+00 4.123603347103753869e+00 4.123777405773465077e+00 4.123838317518482732e+00
4.076563471356833723e+00 4.118964869417728991e+00 4.123091793042996223e+00 4.124039957168474935e+00 4.124217888707166324e+00 4.124280279321985709e+00
4.078280038427284815e+00 4.119486746698918900e+00 4.123518237776023554e+00 4.124484278681681104e+00 4.124667330002542265e+00 4.124731632911260881e+00
4.079975945137102045e+00 4.119987357608884793e+00 4.123948323968665619e+00 4.124939085202247391e+00 4.125128505596312500e+00 4.125195154491625438e+00
4.081650049267639524e+00 4.120468787594731452e+00 4.124384823264525934e+00 4.125407162116120574e+00 4.125604198759609709e+00 4.125673626032376085e+00
4.083301208337674737e+00 4.120933210754112785e+00 4.124830512575806907e+00 4.125891296890554116e+00 4.126097190314987451e+00 4.126169825474438113e+00
4.084928283623235679e+00 4.121382905928391516e+00 4.125288195981656081e+00 4.126394269200349463e+00 4.126610248752176524e+00 4.126686516846350017e+00
4.086530144412130916e+00 4.121820252229946746e+00 4.125760685003657002e+00 4.126918840984286518e+00 4.127146120300826837e+00 4.127226440346877467e+00
4.088105672488191011e+00 4.122247718776540282e+00 4.126250788653458734e+00 4.127467746490482092e+00 4.127707519019615745e+00 4.127792317920477849e+00
4.089653766838353022e+00 4.122667857687750015e+00 4.126761303377755041e+00 4.128043690549805689e+00 4.128297130525895753e+00 4.128386805109395929e+00
4.091173348573375002e+00 4.123083296513895490e+00 4.127295002960404524e+00 4.128649328338878988e+00 4.128917572162058569e+00 4.129012510783326206e+00
4.092663366050881990e+00 4.123496730129644128e+00 4.127854628442150009e+00 4.129287245047601473e+00 4.129571399945482391e+00 4.129671983434927363e+00
4.094122800187554034e+00 4.123910912131004025e+00 4.128442878118594450e+00 4.129959967854544445e+00 4.130261103958295266e+00 4.130367699867770526e+00
4.095550669944410416e+00 4.124328645777666225e+00 4.129062397677013330e+00 4.130669948547790682e+00 4.130989095022631119e+00 4.131102056310902881e+00
4.096946045998670627e+00 4.124752774528237964e+00 4.129715770531647401e+00 4.131419554740105582e+00 4.131757696109540134e+00 4.131877359898128432e+00
4.098308088900176394e+00 4.125186172219031278e+00 4.130405508415996074e+00 4.132211061470185243e+00 4.132569134155554380e+00 4.132695820561469446e+00
4.099635917810764418e+00 4.125631732941625884e+00 4.131134042288389985e+00 4.133046643238579954e+00 4.133425532332658747e+00 4.133559543384714097e+00
4.100928761135871348e+00 4.126092360676889115e+00 4.131903713605185047e+00 4.133928366523356601e+00 4.134328902815765261e+00 4.134470521460244186e+00
4.102185914523315269e+00 4.126570954678143721e+00 4.132716754893971611e+00 4.134858182816840255e+00 4.135281140086675578e+00 4.135430629287172088e+00
4.103406746920803982e+00 4.127070404252579650e+00 4.133575308495017531e+00 4.135837922220357399e+00 4.136284014809139542e+00 4.136441616745109684e+00
4.104590706628156838e+00 4.127593582747836720e+00 4.134481400770797066e+00 4.136869287629752812e+00 4.137339168306086279e+00 4.137505103673293050e+00
4.105737327308562001e+00 4.128143326636878996e+00 4.135436936051227974e+00 4.137953849539377948e+00 4.138448107663743158e+00 4.138622575079651256e+00
4.106846233921655376e+00 4.128722428891454577e+00 4.136443692628593460e+00 4.139093041487616809e+00 4.139612201484078824e+00 4.139795369250396817e+00
4.107917148538533958e+00 4.129333628484674001e+00 4.137503317181442597e+00 4.140288156161849642e+00 4.140832673021607846e+00 4.141024683521854044e+00
4.108949895997791479e+00 4.129979600102039683e+00 4.138617319841688236e+00 4.141540324174317611e+00 4.142110588529413384e+00 4.142311583876802317e+00
4.109944409359338025e+00 4.130662944124855684e+00 4.139787069926047280e+00 4.142850556910431692e+00 4.143446894442075035e+00 4.143656980347234509e+00
4.110900735112092974e+00 4.131386176947223099e+00 4.141013792347064459e+00 4.144219709266036666e+00 4.144842375403463564e+00 4.145061634091740110e+00
4.111819038090448686e+00 4.132151721685993095e+00 4.142298564714223197e+00 4.145648484110112442e+00 4.146297666369223478e+00 4.146526156628833171e+00
4.112699606053715762e+00 4.132961899339244738e+00 4.143642315130091625e+00 4.147137434097543540e+00 4.147813252402814399e+00 4.148051009735061356e+00
4.113542853882756312e+00 4.133818920445508915e+00 4.145045820681525939e+00 4.148686961829864295e+00 4.149389469124936447e+00 4.149636505992951641e+00
4.114349324836252819e+00 4.134724877291692913e+00 4.146509706620970626e+00 4.150297320662110323e+00 4.151026503798933120e+00 4.151282809971147181e+00
4.115119693385512534e+00 4.135681736713080703e+00 4.148034446227828909e+00 4.151968616135942369e+00 4.152724397029855297e+00 4.152989940013696923e+00
4.115854783455112909e+00 4.136691328620866415e+00 4.149620339259034729e+00 4.153700808015114987e+00 4.154483045052107748e+00 4.154757770612809153e+00
4.116555551245582478e+00 4.137755326757785568e+00 4.151267551428668767e+00 4.155493712895435010e+00 4.156302202576759086e+00 4.156586035336106377e+00
4.117223093748689777e+00 4.138875301626427472e+00 4.152976119359449214e+00 4.157347007359327051e+00 4.158181486166841800e+00 4.158474330275897302e+00
4.117858649719670083e+00 4.140052657344855724e+00 4.154745918092204171e+00 4.159260231640947936e+00 4.160120378106517691e+00 4.160422117986435353e+00
4.118463599976700529e+00 4.141288646458683331e+00 4.156576679466295943e+00 4.161232793767018379e+00 4.162118230727717361e+00 4.162428731549241867e+00
4.119039466996244236e+00 4.142584366918482530e+00 4.158467995628140734e+00 4.163263974135220202e+00 4.164174271156009688e+00 4.164493352132134341e+00
4.119587913777989385e+00 4.143940759805292195e+00 4.160419323040303041e+00 4.165352925264060424e+00 4.166287592888019198e+00 4.166615086075994512e+00
4.120110741956875877e+00 4.145358607803689033e+00 4.162429986953100958e+00 4.167498672756716260e+00 4.168457184954085903e+00 4.168792907626854394e+00
4.120609889145034899e+00 4.146838534416213307e+00 4.164499186299853939e+00 4.169700153265385012e+00 4.170681935016542496e+00 4.171025683078060986e+00
4.121087425492207856e+00 4.148381003908067299e+00 4.166625998974508249e+00 4.171956187649588088e+00 4.172960621672104686e+00 4.173312176830759945e+00
4.121545549458438984e+00 4.149986321964934000e+00 4.168809387450329140e+00 4.174265497106791400e+00 4.175291926839113543e+00 4.175651057664270027e+00
4.121986582799312515e+00 4.151654637043571405e+00 4.171048204697161310e+00 4.176626709542412108e+00 4.177674442181397829e+00 4.178040905175755881e+00
4.122412964770248323e+00 4.153385942389032692e+00 4.173341200354907521e+00 4.179038366093370982e+00 4.180106675667886407e+00 4.180480216349285350e+00
4.122827023388964562e+00 4.155179388291492693e+00 4.175686540348831244e+00 4.181497928113159901e+00 4.182586056355648729e+00 4.182966408738590047e+00
4.123231653769677152e+00 4.157035462797508352e+00 4.178083522603371236e+00 4.184004362737875127e+00 4.185111543436329740e+00 4.185498519400803197e+00
4.123629700007392707e+00 4.158953895726607897e+00 4.180530461480279847e+00 4.186556734737155061e+00 4.187682180550663880e+00 4.188075525102964214e+00
4.124023899588003417e+00 4.160933769734084464e+00 4.183025644458181702e+00 4.189153548134703975e+00 4.190296434211315812e+00 4.190695861605663985e+00
4.124417151527953074e+00 4.162974515066164116e+00 4.185567466546745052e+00 4.191792476161451120e+00 4.192951907811591994e+00 4.193356974542329141e+00
4.124812464092855180e+00 4.165075107966961454e+00 4.188154172226938421e+00 4.194471680680481818e+00 4.195646832095450307e+00 4.196057345934486982e+00
4.125212844270476964e+00 4.167234620399251632e+00 4.190783937445967666e+00 4.197189438287334262e+00 4.198379436895996797e+00 4.198795081183318345e+00
4.125621372870899251e+00 4.169451894335086450e+00 4.193454942831575494e+00 4.199943705489576296e+00 4.201147639037627002e+00 4.201568029173833096e+00
4.126041174941173395e+00 4.171725713804514513e+00 4.196165298303161428e+00 4.202732474847366007e+00 4.203949471702556728e+00 4.204374347605440931e+00
4.126475380626958511e+00 4.174054752878372909e+00 4.198913076925153476e+00 4.205553849298011571e+00 4.206783015873472920e+00 4.207212055746158974e+00
4.126927141687474432e+00 4.176437575837661953e+00 4.201696423762674826e+00 4.208405822149980935e+00 4.209646252097262398e+00 4.210079117439239127e+00
4.127399608233842443e+00 4.178872689533061013e+00 4.204513286275658679e+00 4.211286376608332382e+00 4.212537182251016254e+00 4.212973577723709617e+00
4.127895913359719060e+00 4.181358527527930136e+00 4.207361661883825654e+00 4.214193541275388810e+00 4.215453831329122991e+00 4.215893443737072310e+00
4.128419162996001646e+00 4.183893341197411964e+00 4.210239540180689133e+00 4.217125319781835024e+00 4.218394208443083215e+00 4.218836726592023467e+00
4.128972446520748463e+00 4.186475366366053663e+00 4.213144904555685244e+00 4.220079721861358379e+00 4.221356330883281771e+00 4.221801492282348356e+00
4.129558772221178842e+00 4.189102774604274160e+00 4.216075737705566873e+00 4.223054833742523329e+00 4.224338319553822885e+00 4.224785812588689460e+00
4.130181084463583119e+00 4.191773680530541668e+00 4.219030026896888330e+00 4.226048702578152572e+00 4.227338185786194025e+00 4.227787682768600952e+00
4.130842258105237974e+00 4.194486149048055168e+00 4.222005768969075312e+00 4.229059337125951501e+00 4.230353972865422030e+00 4.230805176677781887e+00
4.131545079981579605e+00 4.197238202482255431e+00 4.225001206855521829e+00 4.232084817406411403e+00 4.233383775370299418e+00 4.233836394033772876e+00
4.132292237673318880e+00 4.200027894222370328e+00 4.228014197788703576e+00 4.235123250937546935e+00 4.236425716818766674e+00 4.236879463998787898e+00
4.133086308779611251e+00 4.202853318952692874e+00 4.231042791834479289e+00 4.238172776213918524e+00 4.239477953020530876e+00 4.239932548488112296e+00
4.133929750766458078e+00 4.205712272381839867e+00 4.234085068955664610e+00 4.241231565910716483e+00 4.242538675156644956e+00 4.242993845206069814e+00
4.134824891453840578e+00 4.208602676228286654e+00 4.237139139398463428e+00 4.244297829815510958e+00 4.245606112589097592e+00 4.246061655548453828e+00
4.135774013456175346e+00 4.211522442587253501e+00 4.240203147036162079e+00 4.247369891005181586e+00 4.248678665079623329e+00 4.249134379032678765e+00
4.136779113882520953e+00 4.214469479912836825e+00 4.243275272434162915e+00 4.250446156645242723e+00 4.251754657962472983e+00 4.252210201664214040e+00
4.137842074790130553e+00 4.217441698739719413e+00 4.246353737798952643e+00 4.253524827657988006e+00 4.254832360582405215e+00 4.255287489100838982e+00
4.138964629824365637e+00 4.220437017131841273e+00 4.249436998362686957e+00 4.256604286012036553e+00 4.257910177557448606e+00 4.258364653894736840e+00
4.140148346941536772e+00 4.223453394145908035e+00 4.252523221839977552e+00 4.259682961390407918e+00 4.260986561734501521e+00 4.261440157010765617e+00
4.141394623678166020e+00 4.226488883948924524e+00 4.255610760627117628e+00 4.262759332615346786e+00 4.264060015514893109e+00 4.264512509117146521e+00
4.142704683322912196e+00 4.229541382361269086e+00 4.258698014964068079e+00 4.265831928848620613e+00 4.267129091960217835e+00 4.267580271658177438e+00
4.144079571999427891e+00 4.232608886875090626e+00 4.261783434451607455e+00 4.268899330576807927e+00 4.270192395687947950e+00 4.270642062870429356e+00
4.145520156662216849e+00 4.235689425158236432e+00 4.264865519336917821e+00 4.271960170791126110e+00 4.273248589136660947e+00 4.273696590782826377e+00
