9.141000000000001364e+02 9.141000000000001364e+02 9.141000000000001364e+02 9.141000000000001364e+02 9.140999999999999091e+02 9.141000000000001364e+02
9.437919566894264563e+02 9.437922004315456661e+02 9.437922609145566639e+02 9.437922760073486188e+02 9.437922787863301437e+02 9.437922797593550968e+02
9.734745846000801066e+02 9.734748283425326463e+02 9.734748888250220489e+02 9.734749039255170828e+02 9.734749066840579417e+02 9.734749076556504406e+02
1.003157212510947602e+03 1.003157456253838518e+03 1.003157516736258685e+03 1.003157531839805984e+03 1.003157534582024482e+03 1.003157535547401949e+03
1.032839840421666167e+03 1.032840084165858116e+03 1.032840144647428133e+03 1.032840159760017514e+03 1.032840162476715250e+03 1.032840163442627272e+03
1.062522468332380868e+03 1.062522712077290635e+03 1.062522772560323119e+03 1.062522787677472479e+03 1.062522790376702687e+03 1.062522791343712242e+03
1.092205096243159915e+03 1.092205339988745436e+03 1.092205400470137192e+03 1.092205415586937306e+03 1.092205418271037161e+03 1.092205419219599207e+03
1.121887724154308216e+03 1.121887967900108833e+03 1.121888028378674107e+03 1.121888043497617900e+03 1.121888046168825895e+03 1.121888047094242211e+03
1.151570352065677980e+03 1.151570595811304884e+03 1.151570656287943393e+03 1.151570671410982413e+03 1.151570674056352345e+03 1.151570674966042588e+03
1.181252979976955885e+03 1.181253223722396797e+03 1.181253284197662879e+03 1.181253299321878785e+03 1.181253301927176835e+03 1.181253302845688268e+03
1.210935607887810875e+03 1.210935851634017581e+03 1.210935912108311641e+03 1.210935927236805128e+03 1.210935929801883503e+03 1.210935930763064107e+03
1.240618235798614933e+03 1.240618479546043091e+03 1.240618540019412876e+03 1.240618555159513107e+03 1.240618557691425167e+03 1.240618558684947857e+03
1.270300863709368059e+03 1.270301107458315755e+03 1.270301167931440432e+03 1.270301183076880989e+03 1.270301185568403525e+03 1.270301186569467973e+03
1.299983491620070254e+03 1.299983735370229851e+03 1.299983795845543682e+03 1.299983810996523971e+03 1.299983813437017488e+03 1.299983814443440679e+03
1.329666119530768356e+03 1.329666363282085968e+03 1.329666423761847454e+03 1.329666438903048629e+03 1.329666441299502821e+03 1.329666442303908525e+03
1.359348747441658134e+03 1.359348991194385462e+03 1.359349051680398588e+03 1.359349066812006640e+03 1.359349069160958607e+03 1.359349070162178350e+03
1.389031375352585201e+03 1.389031619107843198e+03 1.389031679598623668e+03 1.389031694725335001e+03 1.389031697035681646e+03 1.389031697989591748e+03
1.418714003263547966e+03 1.418714247021996243e+03 1.418714307513948143e+03 1.418714322629417211e+03 1.418714324930534758e+03 1.418714325818511497e+03
1.448396631174548475e+03 1.448396874935760025e+03 1.448396935428549114e+03 1.448396950528310299e+03 1.448396952825854441e+03 1.448396953674941415e+03
1.478079259085584908e+03 1.478079502849031314e+03 1.478079563341844732e+03 1.478079578424166129e+03 1.478079580744870327e+03 1.478079581537426748e+03
1.507761886996689100e+03 1.507762130762109791e+03 1.507762191253057381e+03 1.507762206329065975e+03 1.507762208676456794e+03 1.507762209410488140e+03
1.537444514907840585e+03 1.537444758674327204e+03 1.537444819162987187e+03 1.537444834241794979e+03 1.537444836613798088e+03 1.537444837294093304e+03
1.567127142819038454e+03 1.567127386585991644e+03 1.567127447074883548e+03 1.567127462143324237e+03 1.567127464538818003e+03 1.567127465165157673e+03
1.596809770730282708e+03 1.596810014496900067e+03 1.596810074987400185e+03 1.596810090041001331e+03 1.596810092443982285e+03 1.596810092997289985e+03
1.626492398641574255e+03 1.626492642406482901e+03 1.626492702898436619e+03 1.626492717931740117e+03 1.626492720342406983e+03 1.626492720845534677e+03
1.656175026552883992e+03 1.656175270315059379e+03 1.656175330807821865e+03 1.656175345816482150e+03 1.656175348222449429e+03 1.656175348693594742e+03
1.685857654464218740e+03 1.685857898224427572e+03 1.685857958717388101e+03 1.685857973702957679e+03 1.685857976087814222e+03 1.685857976542228243e+03
1.715540282375584411e+03 1.715540526135504251e+03 1.715540586628591655e+03 1.715540601591875657e+03 1.715540603939116863e+03 1.715540604420836416e+03
1.745222910286980095e+03 1.745223154047420849e+03 1.745223214542160349e+03 1.745223229491976326e+03 1.745223231793008381e+03 1.745223232314986035e+03
1.774905538198403065e+03 1.774905781959515252e+03 1.774905842455848870e+03 1.774905857408659358e+03 1.774905859662861076e+03 1.774905860214220638e+03
1.804588166109854228e+03 1.804588409871845670e+03 1.804588470369564220e+03 1.804588485319875872e+03 1.804588487545605403e+03 1.804588488099994038e+03
1.834270794021331085e+03 1.834271037784383225e+03 1.834271098283264109e+03 1.834271113229419370e+03 1.834271115429185784e+03 1.834271115954207744e+03
1.863953421932832725e+03 1.863953665697042652e+03 1.863953726196683647e+03 1.863953741135465862e+03 1.863953743319791101e+03 1.863953743803000179e+03
1.893636049844300487e+03 1.893636293609675704e+03 1.893636354109175954e+03 1.893636369042617844e+03 1.893636371228625194e+03 1.893636371661812518e+03
1.923318677755625231e+03 1.923318921522191886e+03 1.923318982020214207e+03 1.923318996945783056e+03 1.923318999147819795e+03 1.923318999529484245e+03
1.953001305666901317e+03 1.953001549434505705e+03 1.953001609932078736e+03 1.953001624846318919e+03 1.953001627071865414e+03 1.953001627383019695e+03
1.982683933578120104e+03 1.982684177346522119e+03 1.982684237843603114e+03 1.982684252746117863e+03 1.982684255007103275e+03 1.982684255225320385e+03
2.012366561489274773e+03 2.012366805258701788e+03 2.012366865754589071e+03 2.012366880645337233e+03 2.012366882954715493e+03 2.012366883056379720e+03
2.042049189400354635e+03 2.042049433171147029e+03 2.042049493664749434e+03 2.042049508544561377e+03 2.042049510905213538e+03 2.042049510903726514e+03
2.071731817311352643e+03 2.071732061083685039e+03 2.071732121574961639e+03 2.071732136445723881e+03 2.071732138852436947e+03 2.071732138769444646e+03
2.101414445222260838e+03 2.101414688996336736e+03 2.101414749485364155e+03 2.101414764351144186e+03 2.101414766793935996e+03 2.101414766648327713e+03
2.131097073133070808e+03 2.131097316908744233e+03 2.131097377395554304e+03 2.131097392263550319e+03 2.131097394720753982e+03 2.131097394501274721e+03
2.160779701044173180e+03 2.160779944820737001e+03 2.160780005305468421e+03 2.160780020178532141e+03 2.160780022624172943e+03 2.160780022347869817e+03
2.190462328955368775e+03 2.190462572732526041e+03 2.190462633215345704e+03 2.190462648091145638e+03 2.190462650502575798e+03 2.190462650190553177e+03
2.220144956866613029e+03 2.220145200644097713e+03 2.220145261126118385e+03 2.220145276005654523e+03 2.220145278381822209e+03 2.220145278033939576e+03
2.249827584777915035e+03 2.249827828555441556e+03 2.249827889037494970e+03 2.249827903921947836e+03 2.249827906249873649e+03 2.249827905876546538e+03
2.279510212689283435e+03 2.279510456466542564e+03 2.279510516949688281e+03 2.279510531839529904e+03 2.279510534109588662e+03 2.279510533727161601e+03
2.309192840600724594e+03 2.309193084377389823e+03 2.309193144862931149e+03 2.309193159755839588e+03 2.309193161959463851e+03 2.309193161595277161e+03
2.338875468512248972e+03 2.338875712288529940e+03 2.338875772774876168e+03 2.338875787671056059e+03 2.338875789797953985e+03 2.338875789491437899e+03
2.368558096423864754e+03 2.368558340199794657e+03 2.368558400685957167e+03 2.368558415584179784e+03 2.368558417629739779e+03 2.368558417406597982e+03
2.398240724335322284e+03 2.398240968111097573e+03 2.398241028595873104e+03 2.398241043494082078e+03 2.398241045457365544e+03 2.398241045310091067e+03
2.427923352246361901e+03 2.427923596022465972e+03 2.427923656504091468e+03 2.427923671402593754e+03 2.427923673293342290e+03 2.427923673224234335e+03
2.457605980157276463e+03 2.457606223933925321e+03 2.457606284411194792e+03 2.457606299308799862e+03 2.457606301142961456e+03 2.457606301149069623e+03
2.487288608068050053e+03 2.487288851845501995e+03 2.487288912317867471e+03 2.487288927211756345e+03 2.487288929013236611e+03 2.487288929084427764e+03
2.516971235978664936e+03 2.516971479757219640e+03 2.516971540223305055e+03 2.516971555110997542e+03 2.516971556903560668e+03 2.516971556996772961e+03
2.546653863889107015e+03 2.546654107669031873e+03 2.546654168127421599e+03 2.546654183010674842e+03 2.546654184757384428e+03 2.546654184887870542e+03
2.576336491799359464e+03 2.576336735581009634e+03 2.576336796030262576e+03 2.576336810917780895e+03 2.576336812603423823e+03 2.576336812749819728e+03
2.606019119709406368e+03 2.606019363493172023e+03 2.606019423932828431e+03 2.606019438831288426e+03 2.606019440440894414e+03 2.606019440571170435e+03
2.635701747619231355e+03 2.635701991405543595e+03 2.635702051834875874e+03 2.635702066754224688e+03 2.635702068269774372e+03 2.635702068375933777e+03
2.665384375530118177e+03 2.665384619318144360e+03 2.665384679736683211e+03 2.665384694688416403e+03 2.665384696090812213e+03 2.665384696213676762e+03
2.695067003441159613e+03 2.695067247230998873e+03 2.695067307638577404e+03 2.695067322614398108e+03 2.695067323906563615e+03 2.695067324061412364e+03
2.724749631352305641e+03 2.724749875143927056e+03 2.724749935541884497e+03 2.724749950540760892e+03 2.724749951721403704e+03 2.724749951929919007e+03
2.754432259263558990e+03 2.754432503056449150e+03 2.754432563447131542e+03 2.754432578465546612e+03 2.754432579537568017e+03 2.754432579831818657e+03
2.784114887174922842e+03 2.784115130968943959e+03 2.784115191354746912e+03 2.784115206386396494e+03 2.784115207359425767e+03 2.784115207719821228e+03
2.813797515086399471e+03 2.813797758881386471e+03 2.813797819265438193e+03 2.813797834312224950e+03 2.813797835192156526e+03 2.813797835619072430e+03
2.843480142997992971e+03 2.843480386793758953e+03 2.843480447179970724e+03 2.843480462241665919e+03 2.843480463041759322e+03 2.843480463533392140e+03
2.873162770909705614e+03 2.873163014706039121e+03 2.873163075099164416e+03 2.873163090170334272e+03 2.873163090889485375e+03 2.873163091464363788e+03
2.902845398821540130e+03 2.902845642618205602e+03 2.902845703023377155e+03 2.902845718096554720e+03 2.902845718725407551e+03 2.902845719395816559e+03
2.932528026733501065e+03 2.932528270530453938e+03 2.932528330944971913e+03 2.932528346018307730e+03 2.932528346564999993e+03 2.932528347308626508e+03
2.962210654645589784e+03 2.962210898442877806e+03 2.962210958868931357e+03 2.962210973933228161e+03 2.962210974409028495e+03 2.962210975212471567e+03
2.991893282557810380e+03 2.991893526355325321e+03 2.991893586795173178e+03 2.991893601840160045e+03 2.991893602258289320e+03 2.991893603102909765e+03
3.021575910470165582e+03 3.021576154267798302e+03 3.021576214723581870e+03 3.021576229760728438e+03 3.021576230113598740e+03 3.021576230975220824e+03
3.051258538382271126e+03 3.051258782180300386e+03 3.051258842654005093e+03 3.051258857680054462e+03 3.051258857973031809e+03 3.051258858824401159e+03
3.080941166294393042e+03 3.080941410092835213e+03 3.080941470586255036e+03 3.080941485597653354e+03 3.080941485837302025e+03 3.080941486645170698e+03
3.110623794206555885e+03 3.110624038005403690e+03 3.110624098519117069e+03 3.110624113512958502e+03 3.110624113707377091e+03 3.110624114466972060e+03
3.140306422118759656e+03 3.140306665918385988e+03 3.140306726450790848e+03 3.140306741425321889e+03 3.140306741583525763e+03 3.140306742304625004e+03
3.169989050030997532e+03 3.169989293831707982e+03 3.169989354381812063e+03 3.169989369334015464e+03 3.169989369465982236e+03 3.169989370137805508e+03
3.199671677943268151e+03 3.199671921745305553e+03 3.199671982311488591e+03 3.199671997240353448e+03 3.199671997354948871e+03 3.199671997968454889e+03
3.229354305855566963e+03 3.229354549659210534e+03 3.229354610239061913e+03 3.229354625146354465e+03 3.229354625236290758e+03 3.229354625798861889e+03
3.259036933767890332e+03 3.259037177573453846e+03 3.259037238163708935e+03 3.259037253049462379e+03 3.259037253114670420e+03 3.259037253631661770e+03
3.288719561680234165e+03 3.288719805488064594e+03 3.288719866084539717e+03 3.288719880949357048e+03 3.288719880988394834e+03 3.288719881469834036e+03
3.318402189592595278e+03 3.318402433403066880e+03 3.318402494006541929e+03 3.318402508845697866e+03 3.318402508854942425e+03 3.318402509312831626e+03
3.348084817504969578e+03 3.348085061317501641e+03 3.348085121929037996e+03 3.348085136738127403e+03 3.348085136711524683e+03 3.348085137163190666e+03
3.377767445417353429e+03 3.377767689231981421e+03 3.377767749850163455e+03 3.377767764626262760e+03 3.377767764557531791e+03 3.377767765025984772e+03
3.407450073329743645e+03 3.407450317146483940e+03 3.407450377769899205e+03 3.407450392520493097e+03 3.407450392408204607e+03 3.407450392904784621e+03
3.437132701241923769e+03 3.437132945060985548e+03 3.437133005688247522e+03 3.437133020419890272e+03 3.437133020252679671e+03 3.437133020803444197e+03
3.466815329154018855e+03 3.466815572975463510e+03 3.466815633605241601e+03 3.466815648323167807e+03 3.466815648090521790e+03 3.466815648726097606e+03
3.496497957066052550e+03 3.496498200889895088e+03 3.496498261520925553e+03 3.496498276231795444e+03 3.496498275921362620e+03 3.496498276677165904e+03
3.526180584978013940e+03 3.526180828804115663e+03 3.526180889434984238e+03 3.526180904147384354e+03 3.526180903744894295e+03 3.526180904605223986e+03
3.555863212889896658e+03 3.555863456717653662e+03 3.555863517347716879e+03 3.555863532071679401e+03 3.555863531563454671e+03 3.555863532511374615e+03
3.585545840801692975e+03 3.585546084630792848e+03 3.585546145259211698e+03 3.585546160004296325e+03 3.585546159382002770e+03 3.585546160409982804e+03
3.615228468713396069e+03 3.615228712543473193e+03 3.615228773169577380e+03 3.615228787922166703e+03 3.615228787197306701e+03 3.615228788296449238e+03
3.644911096624997299e+03 3.644911340455637401e+03 3.644911401078946255e+03 3.644911415839383153e+03 3.644911415010024029e+03 3.644911416165654373e+03
3.674593724536489390e+03 3.674593968367226353e+03 3.674594028987474758e+03 3.674594043754829272e+03 3.674594042820894174e+03 3.674594044011953883e+03
3.704276352447865975e+03 3.704276596278182296e+03 3.704276656896034638e+03 3.704276671667227674e+03 3.704276670630731132e+03 3.704276671829177303e+03
3.733958980359117049e+03 3.733959224189286033e+03 3.733959284806125652e+03 3.733959299575146815e+03 3.733959298440433031e+03 3.733959299665592880e+03
3.763641608270236247e+03 3.763641852101076438e+03 3.763641912717287141e+03 3.763641927476994624e+03 3.763641926250969846e+03 3.763641927507860601e+03
3.793324236181216747e+03 3.793324480012895037e+03 3.793324540630042065e+03 3.793324555379089361e+03 3.793324554063400683e+03 3.793324555344211149e+03
3.823006864091946227e+03 3.823007107924784123e+03 3.823007168544962042e+03 3.823007183290383637e+03 3.823007181878023403e+03 3.823007183175238424e+03
3.852689492002430597e+03 3.852689735836787804e+03 3.852689796462664617e+03 3.852689811205021215e+03 3.852689809695134500e+03 3.852689811001710041e+03
3.882372119912664402e+03 3.882372363748949283e+03 3.882372424383811449e+03 3.882372439124704670e+03 3.882372437516083664e+03 3.882372438824573692e+03
3.912054747822629906e+03 3.912054991661309487e+03 3.912055052307021015e+03 3.912055067051385777e+03 3.912055065341754471e+03 3.912055066644949875e+03
3.941737375732307100e+03 3.941737619572102176e+03 3.941737680227724013e+03 3.941737694987275063e+03 3.941737693173054140e+03 3.941737694460758576e+03
3.971420003643656855e+03 3.971420247485859363e+03 3.971420308143019611e+03 3.971420322896356538e+03 3.971420320974782044e+03 3.971420322327156100e+03
4.001102631554735581e+03 4.001102875399004915e+03 4.001102936064327878e+03 4.001102950836178934e+03 4.001102948785140143e+03 4.001102950147525007e+03
4.030785259465848867e+03 4.030785503311717548e+03 4.030785563985300996e+03 4.030785578778174113e+03 4.030785576638430030e+03 4.030785577963374635e+03
4.060467887377021725e+03 4.060468131222811735e+03 4.060468191906133143e+03 4.060468206708846992e+03 4.060468204493391568e+03 4.060468205781132383e+03
4.090150515288695260e+03 4.090150759132764506e+03 4.090150819826110819e+03 4.090150834600538474e+03 4.090150832318917310e+03 4.090150833576411060e+03
4.119833143200744416e+03 4.119833387042512186e+03 4.119833447746569618e+03 4.119833462470025552e+03 4.119833460137437214e+03 4.119833461392938261e+03
4.149515771112732182e+03 4.149516014955064747e+03 4.149516075669891507e+03 4.149516090360271846e+03 4.149516087952992166e+03 4.149516089253193059e+03
4.179198399024893661e+03 4.179198642868786919e+03 4.179198703594616745e+03 4.179198718269164601e+03 4.179198715763386645e+03 4.179198717136576306e+03
4.208881026937231582e+03 4.208881270784353546e+03 4.208881331516789942e+03 4.208881346178166496e+03 4.208881343568253214e+03 4.208881345036543280e+03
4.238563654848779152e+03 4.238563898702160259e+03 4.238563959431494368e+03 4.238563974087277529e+03 4.238563971367591876e+03 4.238563972955299505e+03
4.268246282759764654e+03 4.268246526621858720e+03 4.268246587343987812e+03 4.268246601996499521e+03 4.268246599161401718e+03 4.268246600894392031e+03
4.297928910670550977e+03 4.297929154538362127e+03 4.297929215254269366e+03 4.297929229901958024e+03 4.297929226972169999e+03 4.297929228853819950e+03
4.327611538581133573e+03 4.327611782454292552e+03 4.327611843162339937e+03 4.327611857800835423e+03 4.327611854794404280e+03 4.327611856833584170e+03
4.357294166491515170e+03 4.357294410370239348e+03 4.357294471068884377e+03 4.357294485696856100e+03 4.357294482621446150e+03 4.357294484777487924e+03
4.386976794401693951e+03 4.386977038286200695e+03 4.386977098988615580e+03 4.386977113590018234e+03 4.386977110453295609e+03 4.386977112666561879e+03
4.416659422311791786e+03 4.416659666202177505e+03 4.416659726911134385e+03 4.416659741480321827e+03 4.416659738289954475e+03 4.416659740540085295e+03
4.446342050223388469e+03 4.446342294117323036e+03 4.446342354836440791e+03 4.446342369371277528e+03 4.446342366156941353e+03 4.446342368398058170e+03
4.476024678135252543e+03 4.476024922031503593e+03 4.476024982764535707e+03 4.476024997272191285e+03 4.476024994060011522e+03 4.476024996240480505e+03
4.505707306047384918e+03 4.505707549945209394e+03 4.505707610695419135e+03 4.505707625175102294e+03 4.505707621983428908e+03 4.505707624063416915e+03
4.535389933959782866e+03 4.535390177858440438e+03 4.535390238622383549e+03 4.535390253080009643e+03 4.535390249927193508e+03 4.535390251858785632e+03
4.565072561872448205e+03 4.565072805771198546e+03 4.565072866546866862e+03 4.565072880986914242e+03 4.565072877891304415e+03 4.565072879633944467e+03
4.594755189785379116e+03 4.594755433684392301e+03 4.594755494471057318e+03 4.594755508895524144e+03 4.594755505848575012e+03 4.594755507388892511e+03
4.624437817697917126e+03 4.624438061599974390e+03 4.624438122394951279e+03 4.624438136801110886e+03 4.624438133766520878e+03 4.624438135123629763e+03
4.654120445609623857e+03 4.654120689516174934e+03 4.654120750318552382e+03 4.654120764706654882e+03 4.654120761674363166e+03 4.654120762841079340e+03
4.683803073521185979e+03 4.683803317432998483e+03 4.683803378240281745e+03 4.683803392612009702e+03 4.683803389569928186e+03 4.683803390588947877e+03
4.713485701432602582e+03 4.713485945350443217e+03 4.713486006158049349e+03 4.713486020517028010e+03 4.713486017451034058e+03 4.713486018336939196e+03
4.743168329343874575e+03 4.743168573268498221e+03 4.743168634073730573e+03 4.743168648421560647e+03 4.743168645315497997e+03 4.743168646086498484e+03
4.772850957255000139e+03 4.772851201185336322e+03 4.772851261987206271e+03 4.772851276325456638e+03 4.772851273161145400e+03 4.772851273839070018e+03
4.802533585165981094e+03 4.802533829102102573e+03 4.802533889898356392e+03 4.802533904228572283e+03 4.802533900985796208e+03 4.802533901596100804e+03
4.832216213076979329e+03 4.832216457018754227e+03 4.832216517807060882e+03 4.832216532130755695e+03 4.832216528787270363e+03 4.832216529359035121e+03
4.861898840987925723e+03 4.861899084935244900e+03 4.861899145713196049e+03 4.861899160039607523e+03 4.861899156645020412e+03 4.861899157129319065e+03
4.891581468898792082e+03 4.891581712851532757e+03 4.891581773616642749e+03 4.891581787962528324e+03 4.891581784523527858e+03 4.891581784908397822e+03
4.921264096809583862e+03 4.921264340767573231e+03 4.921264401517280930e+03 4.921264415891027966e+03 4.921264412409034776e+03 4.921264412695256397e+03
4.950946724720304701e+03 4.950946968683323576e+03 4.950947029417418889e+03 4.950947043825652145e+03 4.950947040302888126e+03 4.950947040485343678e+03
4.980629352630956419e+03 4.980629596598739226e+03 4.980629657320137994e+03 4.980629671766942010e+03 4.980629668206434872e+03 4.980629668285224398e+03
5.010311980541541743e+03 5.010312224513774709e+03 5.010312285222054015e+03 5.010312299715440531e+03 5.010312296121024701e+03 5.010312296096014506e+03
5.039994608452067041e+03 5.039994852428399099e+03 5.039994913123273363e+03 5.039994927671692494e+03 5.039994924048003668e+03 5.039994923918824497e+03
5.069677236362536860e+03 5.069677480342567833e+03 5.069677541023903359e+03 5.069677555636236320e+03 5.069677551988723280e+03 5.069677551754769411e+03
5.099359864272952109e+03 5.099360108256231797e+03 5.099360168924049503e+03 5.099360183609616797e+03 5.099360179924948170e+03 5.099360179604962468e+03
5.129042492183315517e+03 5.129042736169348245e+03 5.129042796823823664e+03 5.129042811576885470e+03 5.129042807794539840e+03 5.129042807470519620e+03
5.158725120094029080e+03 5.158725364081873522e+03 5.158725424723328615e+03 5.158725439543461107e+03 5.158725435649588690e+03 5.158725435352553177e+03
5.188407748005085523e+03 5.188407991993763972e+03 5.188408052622671676e+03 5.188408067513104470e+03 5.188408063488150219e+03 5.188408063213399146e+03
5.218090375916285666e+03 5.218090619904976847e+03 5.218090680524137497e+03 5.218090695485645483e+03 5.218090691308279020e+03 5.218090691031213282e+03
5.247773003827646789e+03 5.247773247815470313e+03 5.247773308431032092e+03 5.247773323460916799e+03 5.247773319108034229e+03 5.247773318839280364e+03
5.277455631739185264e+03 5.277455875725197984e+03 5.277455936340313201e+03 5.277455951438751072e+03 5.277455946885473168e+03 5.277455946635837790e+03
5.307138259650920190e+03 5.307138503634394510e+03 5.307138564252301876e+03 5.307138579418983682e+03 5.307138574638647697e+03 5.307138574419122051e+03
5.336820887562870666e+03 5.336821131544000309e+03 5.336821192167317349e+03 5.336821207401444553e+03 5.336821202365617864e+03 5.336821202187366907e+03
5.366503515475051245e+03 5.366503759453158636e+03 5.366503820085686129e+03 5.366503835387034087e+03 5.366503830123581793e+03 5.366503829938810668e+03
5.396186143387481025e+03 5.396186387361871311e+03 5.396186448007724721e+03 5.396186463384165108e+03 5.396186457909774617e+03 5.396186457671694370e+03
5.425868771300180015e+03 5.425869015270133787e+03 5.425869075933758722e+03 5.425869091386452055e+03 5.425869085698163872e+03 5.425869085384247228e+03
5.455551399213161858e+03 5.455551643177944243e+03 5.455551703864108276e+03 5.455551719394075917e+03 5.455551713490152906e+03 5.455551713138978812e+03
5.485234027125936336e+03 5.485234271085304499e+03 5.485234331794335048e+03 5.485234347407222231e+03 5.485234341287141433e+03 5.485234340924851494e+03
5.514916655038000499e+03 5.514916898992214556e+03 5.514916959716932979e+03 5.514916975426074714e+03 5.514916969090532803e+03 5.514916968718913267e+03
5.544599282950030101e+03 5.544599526898666227e+03 5.544599587639686433e+03 5.544599603450817085e+03 5.544599596901729456e+03 5.544599596522620232e+03
5.574281910862016957e+03 5.574282154804665879e+03 5.574282215562419879e+03 5.574282231481629424e+03 5.574282224722130195e+03 5.574282224337439402e+03
5.603964538773947424e+03 5.603964782712902888e+03 5.603964843484958692e+03 5.603964859518699086e+03 5.603964852552732737e+03 5.603964852164832337e+03
5.633647166685808770e+03 5.633647410622184907e+03 5.633647471407132798e+03 5.633647487547625133e+03 5.633647480387227915e+03 5.633647480006256046e+03
5.663329794597590990e+03 5.663330038532112667e+03 5.663330099328766664e+03 5.663330115558893340e+03 5.663330108232351449e+03 5.663330107863173907e+03
5.693012422509282260e+03 5.693012666442778936e+03 5.693012727249686577e+03 5.693012743565343044e+03 5.693012736089222017e+03 5.693012735737050207e+03
5.722695050420870757e+03 5.722695294354281941e+03 5.722695355169720642e+03 5.722695371566014728e+03 5.722695363958948292e+03 5.722695363599341363e+03
5.752377678332345567e+03 5.752377922266719906e+03 5.752377983090458656e+03 5.752377999559939781e+03 5.752377991842644406e+03 5.752377991467752508e+03
5.782060306243693958e+03 5.782060550180187420e+03 5.782060611014967435e+03 5.782060627546155956e+03 5.782060619741426308e+03 5.782060619345535997e+03
5.811742934155042349e+03 5.811743178094784525e+03 5.811743238940074662e+03 5.811743255523694643e+03 5.811743247656405401e+03 5.811743247233027432e+03
5.841425562067021019e+03 5.841425806010605811e+03 5.841425866865801254e+03 5.841425883491595414e+03 5.841425875588694907e+03 5.841425875130573331e+03
5.871108189979068811e+03 5.871108433926186990e+03 5.871108494792171768e+03 5.871108511448890567e+03 5.871108503525068954e+03 5.871108503038512026e+03
5.900790817891192091e+03 5.900791061840254770e+03 5.900791122719200757e+03 5.900791139414172903e+03 5.900791131456973744e+03 5.900791130957186397e+03
5.930473445803396316e+03 5.930473689754579027e+03 5.930473750646913686e+03 5.930473767378424782e+03 5.930473759397988033e+03 5.930473758886937503e+03
5.960156073715688763e+03 5.960156317669139753e+03 5.960156378575326926e+03 5.960156395337900904e+03 5.960156387348080898e+03 5.960156386823940920e+03
5.989838701628077615e+03 5.989838945583916939e+03 5.989839006504465942e+03 5.989839023292470301e+03 5.989839015307217778e+03 5.989839014729478549e+03
6.019521329540567422e+03 6.019521573498896032e+03 6.019521634432888277e+03 6.019521651242001099e+03 6.019521643275360475e+03 6.019521642632138537e+03
6.049203957453166367e+03 6.049204201414049749e+03 6.049204262357634434e+03 6.049204279186364147e+03 6.049204271252479884e+03 6.049204270530747635e+03
6.078886585365879910e+03 6.078886829329363536e+03 6.078886890281411979e+03 6.078886907125422113e+03 6.078886899238539627e+03 6.078886898424138053e+03
6.108569213278716234e+03 6.108569457244817386e+03 6.108569518204069936e+03 6.108569535059050395e+03 6.108569527233505141e+03 6.108569526311130176e+03
6.138251841191680796e+03 6.138252085160403112e+03 6.138252146125459149e+03 6.138252162988950658e+03 6.138252155209916964e+03 6.138252154190557121e+03
6.167934469103929587e+03 6.167934713076560001e+03 6.167934774045430459e+03 6.167934790924367917e+03 6.167934783181432977e+03 6.167934782061249280e+03
6.197617097016105618e+03 6.197617340992941536e+03 6.197617401963837438e+03 6.197617418858211749e+03 6.197617411149890359e+03 6.197617409922029765e+03
6.227299724928243450e+03 6.227299968909547715e+03 6.227300029880525472e+03 6.227300046790831402e+03 6.227300039114008541e+03 6.227300037773448821e+03
6.256982352840341264e+03 6.256982596826365807e+03 6.256982657795348132e+03 6.256982674722577940e+03 6.256982667072483309e+03 6.256982665617675593e+03
6.286664980752400879e+03 6.286665224743395811e+03 6.286665285709595992e+03 6.286665302653809704e+03 6.286665295024001352e+03 6.286665293450598256e+03
6.316347608664418658e+03 6.316347852660632270e+03 6.316347913626403169e+03 6.316347930584892310e+03 6.316347922967227532e+03 6.316347921271281848e+03
6.346030236576395509e+03 6.346030480578065180e+03 6.346030541542739229e+03 6.346030558516200472e+03 6.346030550900803064e+03 6.346030549078785043e+03
6.375712864488329615e+03 6.375713108495692722e+03 6.375713169458626908e+03 6.375713186448112538e+03 6.375713178823360067e+03 6.375713176872178337e+03
6.405395492400220064e+03 6.405395736413507620e+03 6.405395797374099857e+03 6.405395814381015953e+03 6.405395806733503377e+03 6.405395804650529499e+03
6.435078120312065948e+03 6.435078364331115154e+03 6.435078425289185361e+03 6.435078442315307257e+03 6.435078434629831463e+03 6.435078432412914481e+03
6.464760748223867267e+03 6.464760992248513503e+03 6.464761053203915253e+03 6.464761070251384808e+03 6.464761062510913689e+03 6.464761060158409236e+03
6.494443376135622202e+03 6.494443620165866378e+03 6.494443681118314089e+03 6.494443698189660608e+03 6.494443690375303049e+03 6.494443687886096086e+03
6.524126004047330753e+03 6.524126248083151040e+03 6.524126309032415520e+03 6.524126326128283836e+03 6.524126318261619417e+03 6.524126315595058259e+03
6.553808631958991100e+03 6.553808876000337477e+03 6.553808936946936228e+03 6.553808954052256013e+03 6.553808946144406946e+03 6.553808943284387169e+03
6.583491259870603244e+03 6.583491503917402952e+03 6.583491564863663370e+03 6.583491581974196379e+03 6.583491574020084954e+03 6.583491570953172413e+03
6.613173887782166275e+03 6.613174131834319269e+03 6.613174192781116290e+03 6.613174209893887564e+03 6.613174201888714379e+03 6.613174198609850464e+03
6.642856515693678375e+03 6.642856759751055506e+03 6.642856820699418677e+03 6.642856837811094010e+03 6.642856829750407996e+03 6.642856826334058496e+03
6.672539143604579294e+03 6.672539387667587107e+03 6.672539448618689676e+03 6.672539465725558330e+03 6.672539457605330426e+03 6.672539454063691664e+03
6.702221771515274668e+03 6.702222015583885877e+03 6.702222076539048430e+03 6.702222093637004036e+03 6.702222085453689942e+03 6.702222081801546665e+03
6.731904399425764495e+03 6.731904643499927261e+03 6.731904704460617722e+03 6.731904721545130087e+03 6.731904713295747570e+03 6.731904709550620282e+03
6.761587027336033316e+03 6.761587271415677606e+03 6.761587332383513058e+03 6.761587349449612702e+03 6.761587341131815265e+03 6.761587337314089382e+03
6.791269655246064758e+03 6.791269899331113265e+03 6.791269960307861766e+03 6.791269977350108093e+03 6.791269968962251369e+03 6.791269965095336374e+03
6.820952283155847908e+03 6.820952527246203317e+03 6.820952588234782525e+03 6.820952605246251551e+03 6.820952596787466973e+03 6.820952592897927389e+03
6.850634911065364577e+03 6.850635155160990507e+03 6.850635216168260740e+03 6.850635233137658361e+03 6.850635224607918644e+03 6.850635220725625913e+03
6.880317538974608397e+03 6.880317783077349304e+03 6.880317844107215024e+03 6.880317861023917430e+03 6.880317852424112061e+03 6.880317848582388251e+03
6.910000166883559359e+03 6.910000410995368838e+03 6.910000472052740406e+03 6.910000488905436214e+03 6.910000480239824356e+03 6.910000476472361697e+03
6.939682794792208369e+03 6.939683038915556608e+03 6.939683100006041059e+03 6.939683116816991969e+03 6.939683108057854042e+03 6.939683104399889999e+03
6.969365422700537238e+03 6.969365666838463767e+03 6.969365727968413012e+03 6.969365744784685376e+03 6.969365735880273860e+03 6.969365732369502439e+03
6.999048050612687803e+03 6.999048294751704816e+03 6.999048355912071202e+03 6.999048372738707258e+03 6.999048363802914537e+03 6.999048360300707827e+03
7.028730678524247196e+03 7.028730922662906778e+03 7.028730983837342137e+03 7.028731000675697942e+03 7.028730991717518918e+03 7.028730988015046023e+03
7.058413306435410050e+03 7.058413550573762222e+03 7.058413611755770035e+03 7.058413628591143606e+03 7.058413619620543614e+03 7.058413615595971351e+03
7.088095934346364629e+03 7.088096178490202874e+03 7.088096239669210263e+03 7.088096256470917069e+03 7.088096247503517588e+03 7.088096243339577995e+03
7.117778562257295562e+03 7.117778806409411118e+03 7.117778867586779597e+03 7.117778884358755022e+03 7.117778875365527711e+03 7.117778871251548480e+03
7.147461190168050962e+03 7.147461434328884934e+03 7.147461495507748623e+03 7.147461512270934691e+03 7.147461503218639336e+03 7.147461499187301342e+03
7.177143818078739059e+03 7.177144062248455157e+03 7.177144123431847220e+03 7.177144140185809192e+03 7.177144131082332024e+03 7.177144127024353111e+03
7.206826445989676358e+03 7.206826690168399182e+03 7.206826751358479669e+03 7.206826768103383074e+03 7.206826758946433984e+03 7.206826754841202273e+03
7.236509073900663680e+03 7.236509318087973952e+03 7.236509379288321725e+03 7.236509396008805197e+03 7.236509386819257998e+03 7.236509382721979819e+03
7.266191701811867460e+03 7.266191946007744264e+03 7.266192007222549364e+03 7.266192023912723016e+03 7.266192014695811849e+03 7.266192010613316597e+03
7.295874329725364987e+03 7.295874573927713755e+03 7.295874635159912941e+03 7.295874651815454854e+03 7.295874642576094629e+03 7.295874638515211700e+03
7.325556957640013934e+03 7.325557201847331271e+03 7.325557263100414275e+03 7.325557279717002530e+03 7.325557270453345154e+03 7.325557266401701781e+03
7.355239585555815211e+03 7.355239829765190734e+03 7.355239891044049727e+03 7.355239907617367862e+03 7.355239898268760953e+03 7.355239894186581296e+03
7.384922213468145856e+03 7.384922457682680033e+03 7.384922518990823846e+03 7.384922535516547214e+03 7.384922526070533422e+03 7.384922521949640213e+03
7.414604841379932623e+03 7.414605085599798258e+03 7.414605146940733903e+03 7.414605163415320931e+03 7.414605153858661652e+03 7.414605149690881262e+03
7.444287469291599336e+03 7.444287713516544500e+03 7.444287774883101520e+03 7.444287791320290125e+03 7.444287781633147461e+03 7.444287777410305353e+03
7.473970097203144178e+03 7.473970341432920577e+03 7.473970402816074056e+03 7.473970419226094236e+03 7.473970409393986301e+03 7.473970405107911574e+03
7.503652725114572604e+03 7.503652969348927400e+03 7.503653030746951117e+03 7.503653047132733263e+03 7.503653037141182722e+03 7.503653032783697199e+03
7.533335353025877339e+03 7.533335597264564058e+03 7.533335658675730883e+03 7.533335675040203569e+03 7.533335664874733993e+03 7.533335660457720223e+03
7.563017980937062021e+03 7.563018225179347610e+03 7.563018286602418812e+03 7.563018302948508790e+03 7.563018292617507541e+03 7.563018288275389750e+03
7.592700608848663251e+03 7.592700853093618207e+03 7.592700914527013083e+03 7.592700930857644380e+03 7.592700920352341200e+03 7.592700916115707514e+03
7.622383236760448199e+03 7.622383481007393129e+03 7.622383542449510060e+03 7.622383558772917240e+03 7.622383548079189495e+03 7.622383543978673515e+03
7.652065864672282260e+03 7.652066108920676925e+03 7.652066170381862321e+03 7.652066186709029353e+03 7.652066175798043332e+03 7.652066171864286844e+03
7.681748492584169981e+03 7.681748736833464136e+03 7.681748798318676563e+03 7.681748814652029978e+03 7.681748803508909077e+03 7.681748799772549319e+03
7.711431120496112271e+03 7.711431364745760220e+03 7.711431426257353451e+03 7.711431442601920935e+03 7.711431431211787640e+03 7.711431427703458212e+03
7.741113748408102765e+03 7.741113992657563358e+03 7.741114054197889345e+03 7.741114070558704043e+03 7.741114058906674472e+03 7.741114055652183197e+03
7.770796376320151467e+03 7.770796620571955827e+03 7.770796682140284247e+03 7.770796698522375664e+03 7.770796686664396475e+03 7.770796683447725627e+03
7.800479004233153319e+03 7.800479248488574740e+03 7.800479310084542703e+03 7.800479326492935797e+03 7.800479314441961833e+03 7.800479311221611169e+03
7.830161632146951888e+03 7.830161876405904877e+03 7.830161938030366400e+03 7.830161954459512344e+03 7.830161942231503417e+03 7.830161938973840734e+03
7.859844260061149726e+03 7.859844504323954425e+03 7.859844565969809992e+03 7.859844582408979477e+03 7.859844570033015771e+03 7.859844566704413410e+03
7.889526887975748650e+03 7.889527132242723383e+03 7.889527193908557820e+03 7.889527210355754505e+03 7.889527197846502531e+03 7.889527194413328289e+03
7.919209515890752300e+03 7.919209760162204475e+03 7.919209821846468913e+03 7.919209838299350849e+03 7.919209825671960971e+03 7.919209822100591737e+03
7.948892143806153399e+03 7.948892388082402249e+03 7.948892449783421398e+03 7.948892466239289206e+03 7.948892453509390180e+03 7.948892449766192840e+03
7.978574771721956495e+03 7.978575016003091150e+03 7.978575077719282490e+03 7.978575094175077538e+03 7.978575081338679411e+03 7.978575077477426930e+03
8.008257399637442177e+03 8.008257643923911019e+03 8.008257705653919402e+03 8.008257722106241999e+03 8.008257709167312896e+03 8.008257705191996138e+03
8.037940027552436732e+03 8.037940271845232928e+03 8.037940333587202986e+03 8.037940350032288734e+03 8.037940336999839019e+03 8.037940332907027368e+03
8.067622655467425830e+03 8.067622899767049603e+03 8.067622961519003184e+03 8.067622977952745714e+03 8.067622964835878520e+03 8.067622960623575636e+03
8.097305283382394009e+03 8.097305527689349219e+03 8.097305589449188119e+03 8.097305605867119084e+03 8.097305592675034859e+03 8.097305588342705960e+03
8.126987911297323080e+03 8.126988155612121773e+03 8.126988217377625915e+03 8.126988233774931359e+03 8.126988220516925139e+03 8.126988216065474262e+03
8.156670539212200310e+03 8.156670783535357259e+03 8.156670845304188333e+03 8.156670861675696869e+03 8.156670848361159187e+03 8.156670843792933738e+03
8.186353167127001143e+03 8.186353411459043855e+03 8.186353473230175950e+03 8.186353489585029820e+03 8.186353476207346830e+03 8.186353471526150315e+03
8.216035795041712845e+03 8.216036039383176103e+03 8.216036101163746935e+03 8.216036117515337537e+03 8.216036104055099713e+03 8.216036099266173551e+03
8.245718422956317227e+03 8.245718667307739452e+03 8.245718729097683536e+03 8.245718745447342371e+03 8.245718731904034939e+03 8.245718727014071192e+03
8.275401050870794279e+03 8.275401295232724806e+03 8.275401357032062151e+03 8.275401373381326266e+03 8.275401359753755969e+03 8.275401354770896432e+03
8.305083678785134907e+03 8.305083923158124890e+03 8.305083984966953722e+03 8.305084001317567527e+03 8.305083987603877176e+03 8.305083982537704287e+03
8.334766306699315464e+03 8.334766551083925151e+03 8.334766612902432826e+03 8.334766629256344459e+03 8.334766615432130493e+03 8.334766610271650279e+03
8.364448934613319580e+03 8.364449179007089697e+03 8.364449240838568585e+03 8.364449257197931729e+03 8.364449243220129574e+03 8.364449237974688003e+03
8.394131562527343704e+03 8.394131806926890931e+03 8.394131868775428302e+03 8.394131885142614919e+03 8.394131870993789562e+03 8.394131865672243293e+03
8.423814190441782557e+03 8.423814434845644428e+03 8.423814496713092012e+03 8.423814513090666878e+03 8.423814498751746214e+03 8.423814493364028749e+03
8.453496818356165022e+03 8.453497062763244685e+03 8.453497124651628837e+03 8.453497141042367730e+03 8.453497126492624375e+03 8.453497121049764246e+03
8.483179446270496555e+03 8.483179690679575288e+03 8.483179752591106080e+03 8.483179768997995780e+03 8.483179754215048888e+03 8.483179748729173298e+03
8.512862074184762605e+03 8.512862318594536191e+03 8.512862380531594681e+03 8.512862396957829333e+03 8.512862381917646417e+03 8.512862376401975780e+03
8.542544702098959533e+03 8.542544946508009161e+03 8.542545008470915491e+03 8.542545024913799352e+03 8.542545009599041805e+03 8.542545004067891568e+03
8.572227330013087339e+03 8.572227574419890516e+03 8.572227636403349607e+03 8.572227652861420211e+03 8.572227637257867173e+03 8.572227631726636901e+03
8.601909957927135110e+03 8.601910202330071115e+03 8.601910264334612293e+03 8.601910280809248434e+03 8.601910264892743726e+03 8.601910259377938928e+03
8.631592585841102846e+03 8.631592830238440001e+03 8.631592892264596230e+03 8.631592908757214900e+03 8.631592892502299946e+03 8.631592887021508432e+03
8.661275213754983270e+03 8.661275458144889853e+03 8.661275520193190459e+03 8.661275536705228660e+03 8.661275520085164317e+03 8.661275514657070744e+03
8.690957841668770925e+03 8.690958086049307894e+03 8.690958148120276746e+03 8.690958164653213316e+03 8.690958147648036174e+03 8.690958142303032218e+03
8.720640469582456717e+03 8.720640713951590442e+03 8.720640776045753228e+03 8.720640792601087014e+03 8.720640775345200382e+03 8.720640770002206409e+03
8.750323097496042465e+03 8.750323341859235370e+03 8.750323403969505307e+03 8.750323420548769718e+03 8.750323403051304922e+03 8.750323397710617428e+03
8.780005725409537263e+03 8.780005969769596049e+03 8.780006031891418388e+03 8.780006048496175936e+03 8.780006030767948687e+03 8.780006025429316651e+03
8.809688353323395859e+03 8.809688597680082239e+03 8.809688659811388789e+03 8.809688676443227450e+03 8.809688658496712378e+03 8.809688653159355454e+03
8.839370981237243541e+03 8.839371225590763061e+03 8.839371287729301912e+03 8.839371304389846046e+03 8.839371286239191249e+03 8.839371280901777936e+03
8.869053609151083947e+03 8.869053853501711274e+03 8.869053915645044981e+03 8.869053932335942591e+03 8.869053913996976917e+03 8.869053908657633656e+03
8.898736237064918896e+03 8.898736481412992362e+03 8.898736543562272345e+03 8.898736560291623391e+03 8.898736541771657357e+03 8.898736536427979445e+03
8.928418864978750207e+03 8.928419109324677265e+03 8.928419171485553306e+03 8.928419188260635565e+03 8.928419169564822369e+03 8.928419164213857584e+03
8.958101492892576061e+03 8.958101737236833287e+03 8.958101799409132582e+03 8.958101816234302532e+03 8.958101797378065385e+03 8.958101792016319450e+03
8.987784120806407373e+03 8.987784365149536825e+03 8.987784427333108397e+03 8.987784444212938979e+03 8.987784425212972565e+03 8.987784419836418238e+03
9.017466748720240503e+03 9.017466993062847905e+03 9.017467055257584434e+03 9.017467072196872323e+03 9.017467053071137343e+03 9.017467047675199865e+03
9.047149376634082728e+03 9.047149620976842925e+03 9.047149683182658919e+03 9.047149700186411792e+03 9.047149680954149517e+03 9.047149675533712070e+03
9.076832004547926772e+03 9.076832248891587369e+03 9.076832311108431895e+03 9.076832328181888442e+03 9.076832308754303085e+03 9.076832303358094578e+03
9.106514632461789006e+03 9.106514876807152177e+03 9.106514939035003408e+03 9.106514956183622417e+03 9.106514936501847842e+03 9.106514931187097318e+03
9.136197260375662154e+03 9.136197504723888414e+03 9.136197566962475321e+03 9.136197584191926580e+03 9.136197564238827908e+03 9.136197559024167276e+03
9.165879888289548035e+03 9.165880132641674209e+03 9.165880194890945859e+03 9.165880212207130171e+03 9.165880191963966354e+03 9.165880186869322642e+03
9.195562516202528059e+03 9.195562760560562310e+03 9.195562822820518704e+03 9.195562840229549693e+03 9.195562819675993524e+03 9.195562814722565236e+03
9.225245144115036965e+03 9.225245388480630936e+03 9.225245450751290264e+03 9.225245468259508925e+03 9.225245447373643401e+03 9.225245442583909607e+03
9.254927772027291212e+03 9.254928016401947389e+03 9.254928078687938978e+03 9.254928096282928891e+03 9.254928075055649970e+03 9.254928070453364853e+03
9.284610399939272611e+03 9.284610644324591703e+03 9.284610706632993242e+03 9.284610724297075649e+03 9.284610702720734480e+03 9.284610698330950981e+03
9.314293027850964791e+03 9.314293272248636640e+03 9.314293334582162061e+03 9.314293352312641218e+03 9.314293330367636372e+03 9.314293326216667992e+03
9.343975655762351380e+03 9.343975900174154958e+03 9.343975962535740109e+03 9.343975980329414597e+03 9.343975957995082354e+03 9.343975954110537714e+03
9.373658283673419646e+03 9.373658528101226693e+03 9.373658590494029340e+03 9.373658608347199333e+03 9.373658585601802770e+03 9.373658582012561965e+03
9.403340911584149580e+03 9.403341156029917329e+03 9.403341218457320792e+03 9.403341236365786244e+03 9.403341213186527966e+03 9.403341209922758935e+03
9.433023539494528450e+03 9.433023783960308720e+03 9.433023846425912780e+03 9.433023864384973422e+03 9.433023840783109335e+03 9.433023837800468755e+03
9.462706167404536245e+03 9.462706411892471806e+03 9.462706474400098159e+03 9.462706492404557139e+03 9.462706468443931954e+03 9.462706465646277138e+03
9.492388795314162053e+03 9.492389039825578948e+03 9.492389102380173426e+03 9.492389120424331850e+03 9.492389096106500801e+03 9.492389093482957833e+03
9.522071423223384045e+03 9.522071667751541099e+03 9.522071730366440534e+03 9.522071748444097466e+03 9.522071723771556208e+03 9.522071721309275745e+03
9.551754051132187669e+03 9.551754295677284972e+03 9.551754358359186881e+03 9.551754376463642984e+03 9.551754351439842139e+03 9.551754349123999418e+03
9.581436679041897150e+03 9.581436923602723255e+03 9.581436986358712602e+03 9.581437004482770135e+03 9.581436979112100744e+03 9.581436976925899216e+03
9.611119306952772604e+03 9.611119551527774092e+03 9.611119614351875498e+03 9.611119632502217428e+03 9.611119606789075988e+03 9.611119604713738227e+03
9.640801934863742645e+03 9.640802179452355631e+03 9.640802242337875214e+03 9.640802260521842982e+03 9.640802234471506381e+03 9.640802232486286812e+03
9.670484562774830920e+03 9.670484807376376921e+03 9.670484870325322845e+03 9.670484888540864631e+03 9.670484862160139528e+03 9.670484860242309878e+03
9.700167190686048343e+03 9.700167435299754288e+03 9.700167498314047407e+03 9.700167516559113210e+03 9.700167489855715758e+03 9.700167487980575970e+03
9.729849818597422200e+03 9.729850063222402241e+03 9.729850126303888828e+03 9.729850144576415914e+03 9.729850117558975398e+03 9.729850115699853632e+03
9.759532446508961584e+03 9.759532691144242563e+03 9.759532754294676124e+03 9.759532772592601759e+03 9.759532745270666055e+03 9.759532743398909588e+03
9.789215074420686506e+03 9.789215319065184303e+03 9.789215382286245585e+03 9.789215400607499760e+03 9.789215372991529875e+03 9.789215371093563590e+03
9.818897702332616973e+03 9.818897946985147428e+03 9.818898010278429865e+03 9.818898028620933474e+03 9.818898000729983323e+03 9.818897998829044809e+03
9.848580330244769357e+03 9.848580574904040986e+03 9.848580638271065254e+03 9.848580656632737373e+03 9.848580628482444808e+03 9.848580626569306332e+03
9.878262958157160028e+03 9.878263202823129177e+03 9.878263266263980768e+03 9.878263284642729559e+03 9.878263256249851111e+03 9.878263254316621897e+03
9.907945586069807177e+03 9.907945830746557476e+03 9.907945894257016334e+03 9.907945912650748141e+03 9.907945884033357288e+03 9.907945882073261600e+03
9.937628213982727175e+03 9.937628458672752458e+03 9.937628522250004607e+03 9.937628540656611221e+03 9.937628511834114761e+03 9.937628509841501000e+03
9.967310841895941849e+03 9.967311086602258001e+03 9.967311150232360887e+03 9.967311168678752438e+03 9.967311139653273131e+03 9.967311137623608374e+03
9.996993469809465751e+03 9.996993714535608888e+03 9.996993778173567989e+03 9.996993796784870938e+03 9.996993767491989274e+03 9.996993765421852004e+03
1.002667609771829666e+04 1.002667634244361398e+04 1.002667640614032280e+04 1.002667642470052306e+04 1.002667639540210985e+04 1.002667639369643803e+04
1.005635872562810982e+04 1.005635897035661401e+04 1.005635903407490696e+04 1.005635905263779205e+04 1.005635902332265323e+04 1.005635902173877002e+04
1.008604135353859056e+04 1.008604159826992327e+04 1.008604166201418229e+04 1.008604168058461437e+04 1.008604165124491556e+04 1.008604164963622497e+04
1.011572398144932595e+04 1.011572422618262135e+04 1.011572428996135204e+04 1.011572430854667255e+04 1.011572427915290973e+04 1.011572427739254636e+04
1.014540660935999040e+04 1.014540685410640799e+04 1.014540691791226709e+04 1.014540693658870077e+04 1.014540690693277611e+04 1.014540690500524943e+04
1.017508923727087677e+04 1.017508948204181979e+04 1.017508954585223182e+04 1.017508956467776443e+04 1.017508953464334627e+04 1.017508953247575482e+04
1.020477186518223789e+04 1.020477210996538452e+04 1.020477217377713532e+04 1.020477219277633594e+04 1.020477216231415514e+04 1.020477216016784951e+04
1.023445449309455944e+04 1.023445473788671370e+04 1.023445480169525763e+04 1.023445482076876760e+04 1.023445479000745217e+04 1.023445478810512031e+04
1.026413712100751582e+04 1.026413736580800833e+04 1.026413742960659874e+04 1.026413744872135794e+04 1.026413741768538239e+04 1.026413741612010199e+04
1.029381974892099606e+04 1.029381999372925748e+04 1.029382005751094039e+04 1.029382007666918071e+04 1.029382004537311695e+04 1.029382004355231584e+04
1.032350237683456362e+04 1.032350262165011554e+04 1.032350268540800971e+04 1.032350270464432106e+04 1.032350267308075490e+04 1.032350267084993357e+04
1.035318500474856228e+04 1.035318524957079353e+04 1.035318531329814869e+04 1.035318533261144694e+04 1.035318530079133416e+04 1.035318529801294790e+04
1.038286763266298294e+04 1.038286787749133873e+04 1.038286794118135367e+04 1.038286796057055835e+04 1.038286792850484380e+04 1.038286792504136429e+04
1.041255026057783471e+04 1.041255050541174751e+04 1.041255056905762831e+04 1.041255058852165894e+04 1.041255055622230611e+04 1.041255055237017950e+04
1.044223288849253004e+04 1.044223313333201986e+04 1.044223319692696896e+04 1.044223321649237732e+04 1.044223318398639640e+04 1.044223317986981419e+04
1.047191551640595026e+04 1.047191576125215579e+04 1.047191582478937926e+04 1.047191584446478009e+04 1.047191581176360341e+04 1.047191580738175253e+04
1.050159814431934501e+04 1.050159838917215893e+04 1.050159845264485557e+04 1.050159847243623335e+04 1.050159843955391989e+04 1.050159843490599087e+04
1.053128077223271066e+04 1.053128101708988470e+04 1.053128108053511460e+04 1.053128110040674437e+04 1.053128106735734764e+04 1.053128106244253468e+04
1.056096340014605084e+04 1.056096364500262280e+04 1.056096370844189914e+04 1.056096372837630952e+04 1.056096369517389030e+04 1.056096368999138213e+04
1.059064602805936192e+04 1.059064627291370562e+04 1.059064633635460268e+04 1.059064635634492879e+04 1.059064632300354424e+04 1.059064631755252958e+04
1.062032865597264572e+04 1.062032890082314407e+04 1.062032896427322703e+04 1.062032898431260401e+04 1.062032895084631491e+04 1.062032894512716302e+04
1.065001128388590587e+04 1.065001152873092906e+04 1.065001159219776673e+04 1.065001161227833472e+04 1.065001157866165886e+04 1.065001157274522120e+04
1.067969391179913509e+04 1.067969415663706604e+04 1.067969422012822906e+04 1.067969424023628017e+04 1.067969420636868199e+04 1.067969420038296812e+04
1.070937653971218606e+04 1.070937678454155684e+04 1.070937684806461039e+04 1.070937686819154987e+04 1.070937683405405005e+04 1.070937682804040014e+04
1.073905916762513880e+04 1.073905941244439236e+04 1.073905947599935098e+04 1.073905949614414385e+04 1.073905946171775395e+04 1.073905945571752454e+04
1.076874179553802969e+04 1.076874204035994626e+04 1.076874210390068401e+04 1.076874212409405663e+04 1.076874208935980096e+04 1.076874208341433041e+04
1.079842442345084964e+04 1.079842466828038778e+04 1.079842473179746958e+04 1.079842475204129551e+04 1.079842471698018926e+04 1.079842471113082865e+04
1.082810705136360593e+04 1.082810729620327402e+04 1.082810735968971858e+04 1.082810737998585682e+04 1.082810734457891886e+04 1.082810733886701200e+04
1.085778967927629492e+04 1.085778992412861044e+04 1.085778998757742011e+04 1.085779000792773877e+04 1.085778997215598974e+04 1.085778996656882555e+04
1.088747230718891296e+04 1.088747255205639885e+04 1.088747261546057416e+04 1.088747263586761983e+04 1.088747259981277239e+04 1.088747259417589521e+04
1.091715493510146734e+04 1.091715517998663199e+04 1.091715524333918438e+04 1.091715526380617302e+04 1.091715522756330029e+04 1.091715522176687227e+04
1.094683756301428730e+04 1.094683780791931713e+04 1.094683787121325440e+04 1.094683789174247977e+04 1.094683785533620539e+04 1.094683784934175492e+04
1.097652019092776391e+04 1.097652043585281717e+04 1.097652049909454581e+04 1.097652051967653097e+04 1.097652048313148407e+04 1.097652047690053951e+04
1.100620281884137876e+04 1.100620306378427995e+04 1.100620312698368616e+04 1.100620314760833571e+04 1.100620311094914359e+04 1.100620310444322786e+04
1.103588544675513731e+04 1.103588569171666131e+04 1.103588575487397793e+04 1.103588577553788127e+04 1.103588573878916941e+04 1.103588573196982543e+04
1.106556807466903592e+04 1.106556831964989397e+04 1.106556838276565031e+04 1.106556840346517674e+04 1.106556836665157607e+04 1.106556835948032676e+04
1.109525070258307824e+04 1.109525094758392697e+04 1.109525101065892522e+04 1.109525103139022212e+04 1.109525099453635630e+04 1.109525098705476921e+04
1.112493333049725879e+04 1.112493357551869667e+04 1.112493363855401913e+04 1.112493365930590517e+04 1.112493362238338159e+04 1.112493361467208524e+04
1.115461595841157941e+04 1.115461620345414849e+04 1.115461626645116303e+04 1.115461628721271518e+04 1.115461625022177941e+04 1.115461624230513553e+04
1.118429858632604009e+04 1.118429883139021695e+04 1.118429889435056612e+04 1.118429891511411188e+04 1.118429887806223996e+04 1.118429886995514426e+04
1.121398121424050623e+04 1.121398145932684565e+04 1.121398152225246304e+04 1.121398154300997339e+04 1.121398150590399746e+04 1.121398149762331923e+04
1.124366384215505605e+04 1.124366408726396912e+04 1.124366415015706662e+04 1.124366417090018513e+04 1.124366413374628246e+04 1.124366412531088645e+04
1.127334647006970954e+04 1.127334671520153643e+04 1.127334677806460422e+04 1.127334679878461975e+04 1.127334676158832735e+04 1.127334675301906282e+04
1.130302909798446126e+04 1.130302934313948754e+04 1.130302940597529596e+04 1.130302942666315903e+04 1.130302938942936453e+04 1.130302938074906706e+04
1.133271172589930939e+04 1.133271197107775879e+04 1.133271203388936920e+04 1.133271205453568837e+04 1.133271201726863001e+04 1.133271200850211972e+04
1.136239435381425938e+04 1.136239459901629380e+04 1.136239466180703312e+04 1.136239468240208225e+04 1.136239464510533799e+04 1.136239463627943769e+04
1.139207698172930031e+04 1.139207722695487246e+04 1.139207728972910445e+04 1.139207731026222245e+04 1.139207727293873904e+04 1.139207726408223607e+04
1.142175960964443766e+04 1.142175985488870174e+04 1.142175991765663275e+04 1.142175993811598710e+04 1.142175990076805101e+04 1.142175989191174449e+04
1.145144223755966777e+04 1.145144248282159060e+04 1.145144254558881403e+04 1.145144256596325795e+04 1.145144252859251355e+04 1.145144251976917076e+04
1.148112486547499066e+04 1.148112511075341718e+04 1.148112517352589566e+04 1.148112519380390950e+04 1.148112515641135542e+04 1.148112514765574088e+04
1.151080749339040267e+04 1.151080773868405231e+04 1.151080780146812504e+04 1.151080782163783442e+04 1.151080778422380536e+04 1.151080777551682331e+04
1.154049012130590381e+04 1.154049036661337595e+04 1.154049042941574771e+04 1.154049044946695358e+04 1.154049041204902460e+04 1.154049040324376620e+04
1.157017274922149227e+04 1.157017299454125714e+04 1.157017305736901108e+04 1.157017307733761845e+04 1.157017303992909365e+04 1.157017303096055366e+04
1.159985537713716622e+04 1.159985562246756672e+04 1.159985568532816433e+04 1.159985570521118461e+04 1.159985566781640227e+04 1.159985565866567413e+04
1.162953800505292384e+04 1.162953825039219009e+04 1.162953831329345303e+04 1.162953833308817411e+04 1.162953829571118331e+04 1.162953828635760692e+04
1.165922063296876877e+04 1.165922087831498538e+04 1.165922094126512275e+04 1.165922096096910172e+04 1.165922092361367686e+04 1.165922091403484228e+04
1.168890326088464462e+04 1.168890350623584163e+04 1.168890356924342086e+04 1.168890358885449314e+04 1.168890355152412303e+04 1.168890354169585953e+04
1.171858588880059688e+04 1.171858613415462423e+04 1.171858619722859839e+04 1.171858621674486858e+04 1.171858617944275829e+04 1.171858616933914527e+04
1.174826851671662007e+04 1.174826876207120949e+04 1.174826882522089545e+04 1.174826884464073919e+04 1.174826880736981911e+04 1.174826879696318429e+04
1.177795114463271602e+04 1.177795138998546463e+04 1.177795145322056305e+04 1.177795147254263065e+04 1.177795143530554560e+04 1.177795142456646317e+04
1.180763377254887018e+04 1.180763401789727686e+04 1.180763408122434885e+04 1.180763410045105957e+04 1.180763406325017968e+04 1.180763405214746490e+04
1.183731640046509528e+04 1.183731664581257428e+04 1.183731670918616692e+04 1.183731672836654252e+04 1.183731669120395600e+04 1.183731667970467424e+04
1.186699902838138223e+04 1.186699927372864840e+04 1.186699933714536201e+04 1.186699935628961066e+04 1.186699931916711284e+04 1.186699930723657599e+04
1.189668165629773102e+04 1.189668190164366388e+04 1.189668196510147573e+04 1.189668198422076966e+04 1.189668194713988669e+04 1.189668193474165491e+04
1.192636428421413802e+04 1.192636452955759523e+04 1.192636459305405515e+04 1.192636461216054704e+04 1.192636457512252309e+04 1.192636456221839762e+04
1.195604691213060505e+04 1.195604715747043701e+04 1.195604722100265280e+04 1.195604724010945574e+04 1.195604720311524943e+04 1.195604718981545739e+04
1.198572954004712665e+04 1.198572978538216557e+04 1.198572984894681576e+04 1.198572986805195615e+04 1.198572983108303015e+04 1.198572981743805394e+04
1.201541216796369918e+04 1.201541241329276818e+04 1.201541247688608200e+04 1.201541249598034847e+04 1.201541245903952586e+04 1.201541244506525618e+04
1.204509479588032627e+04 1.204509504120222846e+04 1.204509510482000769e+04 1.204509512391184762e+04 1.204509508699640719e+04 1.204509507269784808e+04
1.207477742379700430e+04 1.207477766911052822e+04 1.207477773274813080e+04 1.207477775184650272e+04 1.207477771495326670e+04 1.207477770033661545e+04
1.210446005171373326e+04 1.210446029701765292e+04 1.210446036067001114e+04 1.210446037978437016e+04 1.210446034290970783e+04 1.210446032798234410e+04
1.213414267963037128e+04 1.213414292492359164e+04 1.213414298858517941e+04 1.213414300772548449e+04 1.213414297086532315e+04 1.213414295563581800e+04
1.216382530754610343e+04 1.216382555282831891e+04 1.216382561649319723e+04 1.216382563566990029e+04 1.216382559881970883e+04 1.216382558329783205e+04
1.219350793546168643e+04 1.219350818073182018e+04 1.219350824439360076e+04 1.219350826361766303e+04 1.219350822677247015e+04 1.219350821096917207e+04
1.222319056337709844e+04 1.222319080863409181e+04 1.222319087228594435e+04 1.222319089156882183e+04 1.222319085472319057e+04 1.222319083865061475e+04
1.225287319129233583e+04 1.225287343653958123e+04 1.225287350020671147e+04 1.225287351952341487e+04 1.225287348267148263e+04 1.225287346634295318e+04
1.228255581920737677e+04 1.228255606445043304e+04 1.228255612813553671e+04 1.228255614748150037e+04 1.228255611061693526e+04 1.228255609404697316e+04
1.231223844712221398e+04 1.231223869236212704e+04 1.231223875606486035e+04 1.231223877544311472e+04 1.231223873855915008e+04 1.231223872176346413e+04
1.234192107503683474e+04 1.234192132027477419e+04 1.234192138399484975e+04 1.234192140340831247e+04 1.234192136649772146e+04 1.234192134949320462e+04
1.237160370295122084e+04 1.237160394818850182e+04 1.237160401192567042e+04 1.237160403137713729e+04 1.237160399443224742e+04 1.237160397721668960e+04
1.240128633086535956e+04 1.240128657610342270e+04 1.240128663985748790e+04 1.240128665934963647e+04 1.240128662235200864e+04 1.240128660492203016e+04
1.243096895877924180e+04 1.243096920401966054e+04 1.243096926779046225e+04 1.243096928731377920e+04 1.243096925021213247e+04 1.243096923263284589e+04
1.246065158669284938e+04 1.246065183193733537e+04 1.246065189572475720e+04 1.246065191527728348e+04 1.246065187805431924e+04 1.246065186034928956e+04
1.249033421460616955e+04 1.249033445985656181e+04 1.249033452366053825e+04 1.249033454324164995e+04 1.249033450587735388e+04 1.249033448807150489e+04
1.252001684251919323e+04 1.252001708777745989e+04 1.252001715159797277e+04 1.252001717120674584e+04 1.252001713368002675e+04 1.252001711579964103e+04
1.254969947043190405e+04 1.254969971570014604e+04 1.254969977953722264e+04 1.254969979917244200e+04 1.254969976146113186e+04 1.254969974353384168e+04
1.257938209834428926e+04 1.257938234362474941e+04 1.257938240747845339e+04 1.257938242713860382e+04 1.257938238921945231e+04 1.257938237127426510e+04
1.260906472625650713e+04 1.260906497155137913e+04 1.260906503542182691e+04 1.260906505510509851e+04 1.260906501695378756e+04 1.260906499902104406e+04
1.263874735416897965e+04 1.263874759948015708e+04 1.263874766336751054e+04 1.263874768307179693e+04 1.263874764466292254e+04 1.263874762677433682e+04
1.266842998208124118e+04 1.266843022740987362e+04 1.266843029130987088e+04 1.266843031103855901e+04 1.266843027234564943e+04 1.266843025453428527e+04
1.269811260999327715e+04 1.269811285533492264e+04 1.269811291924826583e+04 1.269811293900525925e+04 1.269811290000076042e+04 1.269811288230103673e+04
1.272779523790509484e+04 1.272779548326060103e+04 1.272779554718687723e+04 1.272779556697175576e+04 1.272779552762704225e+04 1.272779551007474220e+04
1.275747786581668333e+04 1.275747811118687423e+04 1.275747817512567599e+04 1.275747819493792849e+04 1.275747815522328892e+04 1.275747813785554717e+04
1.278716049372804991e+04 1.278716073911371859e+04 1.278716080306463846e+04 1.278716082290363920e+04 1.278716078278829264e+04 1.278716076564234754e+04
1.281684312163918003e+04 1.281684336704110319e+04 1.281684343100373553e+04 1.281684345086875328e+04 1.281684341032083830e+04 1.281684339333039316e+04
1.284652574955007731e+04 1.284652599496899711e+04 1.284652605894294175e+04 1.284652607883413839e+04 1.284652603785706015e+04 1.284652602098886200e+04
1.287620837746073812e+04 1.287620862289737852e+04 1.287620868688223709e+04 1.287620870680233202e+04 1.287620866540190764e+04 1.287620864861366135e+04
1.290589100537115337e+04 1.290589125082621467e+04 1.290589131482158700e+04 1.290589133477149699e+04 1.290589129294022860e+04 1.290589127620070940e+04
1.293557363328132487e+04 1.293557387875547829e+04 1.293557394276096784e+04 1.293557396274173880e+04 1.293557392047428948e+04 1.293557390374590614e+04
1.296525626119124718e+04 1.296525650668514209e+04 1.296525657070035413e+04 1.296525659071317932e+04 1.296525654800635130e+04 1.296525653124517339e+04
1.299493888910091846e+04 1.299493913461517332e+04 1.299493919863971860e+04 1.299493921868592406e+04 1.299493917553867686e+04 1.299493915869441480e+04
1.302462151701033508e+04 1.302462176254555015e+04 1.302462182657904123e+04 1.302462184666008761e+04 1.302462180307351809e+04 1.302462178608954127e+04
1.305430414491923148e+04 1.305430439046427273e+04 1.305430445457233509e+04 1.305430447468596503e+04 1.305430443093268332e+04 1.305430441345986401e+04
1.308398677282952485e+04 1.308398701838565103e+04 1.308398708254020312e+04 1.308398710268184914e+04 1.308398705884768060e+04 1.308398704083155462e+04
1.311366940074078593e+04 1.311366964630946495e+04 1.311366971050568100e+04 1.311366973065915408e+04 1.311366968679573984e+04 1.311366966821323149e+04
1.314335202865351675e+04 1.314335227423663309e+04 1.314335233847434938e+04 1.314335235862081390e+04 1.314335231477196794e+04 1.314335229560356493e+04
1.317303465656778826e+04 1.317303490216632781e+04 1.317303496644266488e+04 1.317303498659937213e+04 1.317303494265266818e+04 1.317303492302678569e+04
1.320271728448342219e+04 1.320271753009264103e+04 1.320271759440157984e+04 1.320271761459450136e+04 1.320271757045623963e+04 1.320271755047173974e+04
1.323239991239864867e+04 1.323240015801799382e+04 1.323240022234167918e+04 1.323240024259710481e+04 1.323240019820723137e+04 1.323240017795114909e+04
1.326208254031340039e+04 1.326208278594391231e+04 1.326208285027254715e+04 1.326208287059410577e+04 1.326208282594243065e+04 1.326208280569696217e+04
1.329176516822818121e+04 1.329176541386992903e+04 1.329176547819418738e+04 1.329176549857941427e+04 1.329176545366489154e+04 1.329176543359165407e+04
1.332144779614337858e+04 1.332144804179573111e+04 1.332144810610660352e+04 1.332144812656004433e+04 1.332144808136272150e+04 1.332144806157278254e+04
1.335113042405887609e+04 1.335113066972130764e+04 1.335113073404142779e+04 1.335113075454645696e+04 1.335113070914429773e+04 1.335113068927669519e+04
1.338081305197458641e+04 1.338081329764597831e+04 1.338081336197572818e+04 1.338081338254872026e+04 1.338081333702639313e+04 1.338081331696821144e+04
1.341049567989049683e+04 1.341049592556887728e+04 1.341049598990821505e+04 1.341049601055550374e+04 1.341049596495013793e+04 1.341049594464732581e+04
1.344017830780661097e+04 1.344017855349109232e+04 1.344017861783888657e+04 1.344017863856680378e+04 1.344017859291553395e+04 1.344017857231403832e+04
1.346986093572113168e+04 1.346986118141262705e+04 1.346986124576774091e+04 1.346986126658262583e+04 1.346986122092257938e+04 1.346986119998902541e+04
1.349954356363478473e+04 1.349954380933348330e+04 1.349954387369478354e+04 1.349954389457589059e+04 1.349954384875353207e+04 1.349954382768891446e+04
1.352922619154813583e+04 1.352922643725366106e+04 1.352922650162001082e+04 1.352922652254263994e+04 1.352922647649884311e+04 1.352922645538805955e+04
1.355890881946118679e+04 1.355890906517315670e+04 1.355890912954342275e+04 1.355890915050264448e+04 1.355890910422131128e+04 1.355890908308645157e+04
1.358859144737393763e+04 1.358859169309197387e+04 1.358859175746406800e+04 1.358859177845591148e+04 1.358859173192094568e+04 1.358859171078410145e+04
1.361827407528638651e+04 1.361827432101084923e+04 1.361827438538267234e+04 1.361827440640243367e+04 1.361827435959774084e+04 1.361827433848100918e+04
1.364795670319853525e+04 1.364795694893125074e+04 1.364795701329924668e+04 1.364795703434221286e+04 1.364795698725169859e+04 1.364795696617717113e+04
1.367763933111038205e+04 1.367763957685157766e+04 1.367763964121378740e+04 1.367763966227525088e+04 1.367763961488281348e+04 1.367763959387258728e+04
1.370732195902192507e+04 1.370732220477183546e+04 1.370732226912629631e+04 1.370732229020154409e+04 1.370732224249109095e+04 1.370732222154683404e+04
1.373700458693526161e+04 1.373700483269202959e+04 1.373700489703678068e+04 1.373700491810549829e+04 1.373700487015144972e+04 1.373700484916181813e+04
1.376668721484906200e+04 1.376668746061215097e+04 1.376668752494522778e+04 1.376668754596274630e+04 1.376668749787060369e+04 1.376668747675979830e+04
1.379636984276305884e+04 1.379637008853219959e+04 1.379637015285173402e+04 1.379637017380199541e+04 1.379637012559726645e+04 1.379637010434078366e+04
1.382605247067724304e+04 1.382605271645218090e+04 1.382605278076366812e+04 1.382605280162324379e+04 1.382605275333143254e+04 1.382605273190477237e+04
1.385573509859162004e+04 1.385573534437379567e+04 1.385573540867571501e+04 1.385573542942649510e+04 1.385573538107309832e+04 1.385573535945175900e+04
1.388541772650618805e+04 1.388541797230335760e+04 1.388541803658788012e+04 1.388541805721175115e+04 1.388541800882227471e+04 1.388541798698174534e+04
1.391510035442094522e+04 1.391510060023627557e+04 1.391510066450015438e+04 1.391510068497900647e+04 1.391510063657895444e+04 1.391510061449474051e+04
1.394478298233589521e+04 1.394478322817255685e+04 1.394478329241254869e+04 1.394478331272826290e+04 1.394478326434313931e+04 1.394478324195362075e+04
1.397446561025103802e+04 1.397446585611218688e+04 1.397446592032504850e+04 1.397446594049192572e+04 1.397446589212034996e+04 1.397446586905049116e+04
