2.693984372346315492e+00
2.718428619792016221e+00
2.742031690585499781e+00
2.764825707587592607e+00
2.786837192193797108e+00
2.808093296074790413e+00
2.828618519626315386e+00
2.848439235987917151e+00
2.867580716181977518e+00
2.886065540152266795e+00
2.903919678641956104e+00
2.921164747563632869e+00
2.937822316729309602e+00
2.953916574434314324e+00
2.969466179570179332e+00
2.984492079731434711e+00
2.999015101417735973e+00
3.013052440657001618e+00
3.026624165163070757e+00
3.039747642858158905e+00
3.052438916745375153e+00
3.064717201461208962e+00
3.076596571626440735e+00
3.088092790446934188e+00
3.099222353136061869e+00
3.109998167140033853e+00
3.120435295682290722e+00
3.130547550779249732e+00
3.140346925032639458e+00
3.149847831037234869e+00
3.159061908079207726e+00
3.168000755887926623e+00
3.176675775285327852e+00
3.185098858445666536e+00
3.193280750964702541e+00
3.201231840929135153e+00
3.208962367821305950e+00
3.216482362170896891e+00
3.223801518748341088e+00
3.230929231457657202e+00
3.237874666663208778e+00
3.244646415464030209e+00
3.251253025074132275e+00
3.257703116497717044e+00
3.264004917541635464e+00
3.270166452490134379e+00
3.276195550223217179e+00
3.282099851590958295e+00
3.287885790137324182e+00
3.293560978669861861e+00
3.299132632840280799e+00
3.304607627920660207e+00
3.309992675282386720e+00
3.315294324530278836e+00
3.320518891006895679e+00
3.325671476692597661e+00
3.330758827559217483e+00
3.335786778687730880e+00
3.340760998005348981e+00
3.345686981953529759e+00
3.350570050031407288e+00
3.355415068364743902e+00
3.360226419675673259e+00
3.365009256396199522e+00
3.369768060092860118e+00
3.374507091995055497e+00
3.379230381659778626e+00
3.383941714987648730e+00
3.388644238930652808e+00
3.393341067461310701e+00
3.398035376526939544e+00
3.402729809399231087e+00
3.407426702116137740e+00
3.412128071744264801e+00
3.416835605590360814e+00
3.421550198392992570e+00
3.426272980777898880e+00
3.431004654204380611e+00
3.435745476100033891e+00
3.440495344819761492e+00
3.445253800874979788e+00
3.450020009942186494e+00
3.454792367281377174e+00
3.459569642868356887e+00
3.464349992684192969e+00
3.469131267838440280e+00
3.473911035138900871e+00
3.478686600840926069e+00
3.483454933028220069e+00
3.488212657166909203e+00
3.492956639648701511e+00
3.497683414018363024e+00
3.502389410026098826e+00
3.507070989983509524e+00
3.511724485653327843e+00
3.516346063878556194e+00
3.520932026007582483e+00
3.525478925013760367e+00
3.529983311034736726e+00
3.534441877314938640e+00
3.538851489528693772e+00
3.543209212346076775e+00
3.547512292544698465e+00
3.551756113655329727e+00
3.555941642254009771e+00
3.560066101296116781e+00
3.564127898124732852e+00
3.568125312063192389e+00
3.572057238252170031e+00
3.575922769726547656e+00
3.579721405093738706e+00
3.583453349649402764e+00
3.587118113516931661e+00
3.590715898219426272e+00
3.594247155530407856e+00
3.597712573740610598e+00
3.601113794899149845e+00
3.604451919844494423e+00
3.607727931918385700e+00
3.610943318979644268e+00
3.614099724590730922e+00
3.617199056242384358e+00
3.620244330698832336e+00
3.623236751876896200e+00
3.626178430668330233e+00
3.629071551804874840e+00
3.631918358807305403e+00
3.634721839257721854e+00
3.637484530899155466e+00
3.640208405985671192e+00
3.642895861243200084e+00
3.645549290538921294e+00
3.648171074340199382e+00
3.650763569884176718e+00
3.653329102031334763e+00
3.655869954772611230e+00
3.658388593003214062e+00
3.660887641700741657e+00
3.663368830532943488e+00
3.665834243619864541e+00
3.668285892090325184e+00
3.670725708840067547e+00
3.673155543720882932e+00
3.675577159142332739e+00
3.677992226072119841e+00
3.680402324131386571e+00
3.682809009569177228e+00
3.685213605342850141e+00
3.687617388044632349e+00
3.690021528766291858e+00
3.692427091443293286e+00
3.694835031618646681e+00
3.697246195641804789e+00
3.699661320319112878e+00
3.702081033032481372e+00
3.704505600955972255e+00
3.706935523116205111e+00
3.709371147952948533e+00
3.711812663178501559e+00
3.714260155092869553e+00
3.716713611837830555e+00
3.719172927173129306e+00
3.721637904762038929e+00
3.724108262947133596e+00
3.726583434830374131e+00
3.729062906425640200e+00
3.731546314116279461e+00
3.734033077420576330e+00
3.736522560897602929e+00
3.739014081188273053e+00
3.741506914236275350e+00
3.744000302624793441e+00
3.746493462962583454e+00
3.748985509699373608e+00
3.751475416833535803e+00
3.753962551745356535e+00
3.756446089796821042e+00
3.758925216115851953e+00
3.761399131952308572e+00
3.763867060647740459e+00
3.766328253174473062e+00
3.768781993206333780e+00
3.771227600668803692e+00
3.773664153374558516e+00
3.776091256481406866e+00
3.778508357065701873e+00
3.780914952678291474e+00
3.783310593232139141e+00
3.785694882354953439e+00
3.788067478224662388e+00
3.790428093910750640e+00
3.792776497248961043e+00
3.795112510280493900e+00
3.797436008289905018e+00
3.799746918478051683e+00
3.802045218307954499e+00
3.804330933562167338e+00
3.806604050666828165e+00
3.808864717255202592e+00
3.811113093428741827e+00
3.813349366418283370e+00
3.815573758689080996e+00
3.817786525063179504e+00
3.819987949798039129e+00
3.822178343649152765e+00
3.824356024217274275e+00
3.826523617249670384e+00
3.828682399106726031e+00
3.830831591980698114e+00
3.832971880778857088e+00
3.835103732498180928e+00
3.837227228596947093e+00
3.839342924347398878e+00
3.841451220626585172e+00
3.843552517337491814e+00
3.845647225660262514e+00
3.847735749798410154e+00
3.849818519360288960e+00
3.851896227381240045e+00
3.853969014228737500e+00
3.856037259586928556e+00
3.858101334064742094e+00
3.860161598129193017e+00
3.862218401165885773e+00
3.864272080662414233e+00
3.866323299788743117e+00
3.868372298394886499e+00
3.870419228361877906e+00
3.872464373319048025e+00
3.874508002822683483e+00
3.876550372167556269e+00
3.878591722284041587e+00
3.880632404039440431e+00
3.882672958217730841e+00
3.884713258396214286e+00
3.886753488885236862e+00
3.888793820427712600e+00
3.890834410485616068e+00
3.892875403572825022e+00
3.894916931629088808e+00
3.896959559989389810e+00
3.899003184197256111e+00
3.901047830139130035e+00
3.903093592540773038e+00
3.905140556169817145e+00
3.907188796363774586e+00
3.909238379564872190e+00
3.911289363857259005e+00
3.913341799502672025e+00
3.915395729470429131e+00
3.917451189957971369e+00
3.919508210898307254e+00
3.921566816450929416e+00
3.923627311237078530e+00
3.925689565831158134e+00
3.927753536847745863e+00
3.929819237082044392e+00
3.931886675857664937e+00
3.933955859360988683e+00
3.936026790938863762e+00
3.938099471357493275e+00
3.940173899020806392e+00
3.942250070146569030e+00
3.944327978898888531e+00
3.946407617475812923e+00
3.948488976151086405e+00
3.950572095210877599e+00
3.952656937006194138e+00
3.954743474882667975e+00
3.956831692310653459e+00
3.958921570370347531e+00
3.961013087507483821e+00
3.963106219241251615e+00
3.965200937824885585e+00
3.967297211859719397e+00
3.969395005863471937e+00
3.971494279793861715e+00
3.973594988528739602e+00
3.975697081304175207e+00
3.977800428559331358e+00
3.979904997197860617e+00
3.982010733090232790e+00
3.984117554497136560e+00
3.986225370624124409e+00
3.988334080848927599e+00
3.990443573921516940e+00
3.992553727139700470e+00
3.994664405503083771e+00
3.996775460848537520e+00
3.998886730970347969e+00
4.000998038728524442e+00
4.003109191148849888e+00
4.005219876187954497e+00
4.007329906318569002e+00
4.009439063367272738e+00
4.011547079349423228e+00
4.013653665969351358e+00
4.015758513767964999e+00
4.017861291293743697e+00
4.019961644302417092e+00
4.022059194990855957e+00
4.024153541270819368e+00
4.026244256088466145e+00
4.028330886795782106e+00
4.030412954580299356e+00
4.032489942939929684e+00
4.034561304448697427e+00
4.036625658051226750e+00
4.038683558423806552e+00
4.040734276376406697e+00
4.042777089834782345e+00
4.044811224274614148e+00
4.046835987857846817e+00
4.048850594610450493e+00
4.050854310474620412e+00
4.052846340878573983e+00
4.054825872451434776e+00
4.056792185233967452e+00
4.058744310036829006e+00
4.060681355406069670e+00
4.062602408885089389e+00
4.064506538638275046e+00
4.066392795265035609e+00
4.068260213808829739e+00
4.070107948627915917e+00
4.071935021946546662e+00
4.073740343892637839e+00
4.075522909038087782e+00
4.077281709236428853e+00
4.079015736859113339e+00
4.080723988237418887e+00
4.082405484095506409e+00
4.084059460691493726e+00
4.085684761218415950e+00
4.087280432749881065e+00
4.088845546199793013e+00
4.090379200885044142e+00
4.091880529238077102e+00
4.093348701654285549e+00
4.094783068758287570e+00
4.096182895178756667e+00
4.097547406161195838e+00
4.098875971365822934e+00
4.100168023562995145e+00
4.101423063880967668e+00
4.102640667031282717e+00
4.103820486481156493e+00
4.104962259540522851e+00
4.106065812329885212e+00
4.107131064594057079e+00
4.108158034325308350e+00
4.109146842159150381e+00
4.110097715504915428e+00
4.111011030658286103e+00
4.111887283905970136e+00
4.112726974493471133e+00
4.113530790317103225e+00
4.114299541372500535e+00
4.115034161569874449e+00
4.115735710036968698e+00
4.116405371879196196e+00
4.117044458369289117e+00
4.117654406541332968e+00
4.118236778167826628e+00
4.118793258101579369e+00
4.119325651969051982e+00
4.119835883205222871e+00
4.120325991016193790e+00
4.120798136556388158e+00
4.121254559297415021e+00
4.121697611270929151e+00
4.122129737742180389e+00
4.122553470389510366e+00
4.122971419898962431e+00
4.123386268004994193e+00
4.123800759013874107e+00
4.124217690850823459e+00
4.124639905676787066e+00
4.125070280125077815e+00
4.125511715211502839e+00
4.125967125975948058e+00
4.126439430915358031e+00
4.126931533256563256e+00
4.127446330091855131e+00
4.127986686214718759e+00
4.128555425594676365e+00
4.129155321847397531e+00
4.129789087778734213e+00
4.130459365179317111e+00
4.131168714933070696e+00
4.131919607500377900e+00
4.132714413833347145e+00
4.133555396777603974e+00
4.134444703010352384e+00
4.135384355560745462e+00
4.136376246952963243e+00
4.137422113768148613e+00
4.138523568234122152e+00
4.139682084974110055e+00
4.140898977423218774e+00
4.142175404465390898e+00
4.143512367872544289e+00
4.144910710499280171e+00
4.146371115228554061e+00
4.147894104658960579e+00
4.149480041518263995e+00
4.151129129784052907e+00
4.152841416486484860e+00
4.154616794165187699e+00
4.156454502633424752e+00
4.158354862739257030e+00
4.160317134139062567e+00
4.162340670294170764e+00
4.164424537696523210e+00
4.166567846649954276e+00
4.168769481769547980e+00
4.171028247044864301e+00
4.173342849845791847e+00
4.175711880182548796e+00
4.178133836207274854e+00
4.180607233888450125e+00
4.183130312119208050e+00
4.185701321049910995e+00
4.188318443806279490e+00
4.190979803861579533e+00
4.193683472354232222e+00
4.196427475315630318e+00
4.199209800776277923e+00
4.202028620893329958e+00
4.204881755412998245e+00
4.207767082891177068e+00
4.210682508216006426e+00
4.213625930777634032e+00
4.216595250316117038e+00
4.219588372497377726e+00
4.222603214205854272e+00
4.225637805755559029e+00
4.228690112692444103e+00
4.231758067939356494e+00
4.234839680737222167e+00
4.237932993309038388e+00
