4.746899999999999272e+04
4.745002938260485826e+04
4.743105876520970924e+04
4.741208814781456749e+04
4.739311753041942575e+04
4.737414691302429128e+04
4.735517629562914954e+04
4.733620567823400779e+04
4.731723506083887332e+04
4.729826444344373158e+04
4.727929382604858256e+04
4.726032320865344082e+04
4.724135259125830635e+04
4.722238197386315733e+04
4.720341135646802286e+04
4.718444073907288112e+04
4.716547012167773937e+04
4.714649950428259763e+04
4.712752888688745588e+04
4.710855826949231414e+04
4.708958765209717967e+04
4.707061703470203793e+04
4.705164641730688891e+04
4.703267579991175444e+04
4.701370518251661269e+04
4.699473456512147095e+04
4.697576394772632921e+04
4.695679333033118746e+04
4.693782271293604572e+04
4.691885209554091125e+04
4.689988147814576951e+04
4.688091086075062049e+04
4.686194024335549329e+04
4.684296962596034427e+04
4.682399900856520253e+04
4.680502839117006079e+04
4.678605777377492632e+04
4.676708715637977730e+04
4.674811653898463555e+04
4.672914592158950109e+04
4.671017530419435934e+04
4.669120468679921760e+04
4.667223406940407585e+04
4.665326345200894139e+04
4.663429283461379964e+04
4.661532221721865062e+04
4.659635159982350888e+04
4.657738098242837441e+04
4.655841036503323267e+04
4.653943974763809092e+04
4.652046913024295645e+04
4.650149851284780743e+04
4.648252789545266569e+04
4.646355727805753122e+04
4.644458666066238220e+04
4.642561604326724773e+04
4.640664542587210599e+04
4.638767480847696424e+04
4.636870419108182978e+04
4.634973357368668076e+04
4.633076295629154629e+04
4.631179233889639727e+04
4.629282172150126280e+04
4.627385110410612833e+04
4.625488048671097931e+04
4.623590986931583757e+04
4.621693925192069582e+04
4.619796863452556136e+04
4.617899801713041234e+04
4.616002739973527787e+04
4.614105678234012885e+04
4.612208616494499438e+04
4.610311554754985264e+04
4.608414493015471089e+04
4.606517431275956915e+04
4.604620369536442740e+04
4.602723307796929294e+04
4.600826246057414392e+04
4.598929184317901672e+04
4.597032122578387498e+04
4.595135060838872596e+04
4.593237999099359149e+04
4.591340937359844975e+04
4.589443875620330073e+04
4.587546813880816626e+04
4.585649752141302451e+04
4.583752690401788277e+04
4.581855628662274103e+04
4.579958566922759928e+04
4.578061505183245754e+04
4.576164443443731579e+04
4.574267381704217405e+04
4.572370319964703958e+04
4.570473258225189784e+04
4.568576196485676337e+04
4.566679134746160707e+04
4.564782073006647261e+04
4.562885011267133086e+04
4.560987949527618912e+04
4.559090887788104737e+04
4.557193826048591291e+04
4.555296764309077116e+04
4.553399702569563669e+04
4.551502640830048767e+04
4.549605579090534593e+04
4.547708517351021146e+04
4.545811455611506972e+04
4.543914393871992797e+04
4.542017332132479351e+04
4.540120270392964449e+04
4.538223208653451002e+04
4.536326146913936827e+04
4.534429085174422653e+04
4.532532023434908479e+04
4.530634961695394304e+04
4.528737899955880130e+04
4.526840838216366683e+04
4.524943776476851781e+04
4.523046714737337606e+04
4.521149652997824160e+04
4.519252591258309258e+04
4.517355529518795811e+04
4.515458467779280909e+04
4.513561406039767462e+04
4.511664344300253288e+04
4.509767282560739841e+04
4.507870220821224939e+04
4.505973159081711492e+04
4.504076097342197318e+04
4.502179035602683143e+04
4.500281973863168969e+04
4.498384912123654794e+04
4.496487850384140620e+04
4.494590788644626446e+04
4.492693726905112271e+04
4.490796665165598097e+04
4.488899603426083922e+04
4.487002541686570476e+04
4.485105479947056301e+04
4.483208418207542854e+04
4.481311356468027952e+04
4.479414294728513050e+04
4.477517232988999604e+04
4.475620171249486157e+04
4.473723109509971982e+04
4.471826047770457080e+04
4.469928986030943634e+04
4.468031924291429459e+04
4.466134862551915285e+04
4.464237800812401110e+04
4.462340739072886936e+04
4.460443677333373489e+04
4.458546615593859315e+04
4.456649553854345140e+04
4.454752492114830238e+04
4.452855430375316791e+04
4.450958368635802617e+04
4.449061306896288443e+04
4.447164245156774268e+04
4.445267183417260094e+04
4.443370121677746647e+04
4.441473059938232473e+04
4.439575998198718298e+04
4.437678936459204124e+04
4.435781874719690677e+04
4.433884812980175775e+04
4.431987751240662328e+04
4.430090689501148154e+04
4.428193627761633252e+04
4.426296566022119077e+04
4.424399504282605631e+04
4.422502442543092184e+04
4.420605380803578009e+04
4.418708319064063107e+04
4.416811257324549661e+04
4.414914195585035486e+04
4.413017133845521312e+04
4.411120072106007137e+04
4.409223010366492963e+04
4.407325948626978789e+04
4.405428886887464614e+04
4.403531825147950440e+04
4.401634763408436993e+04
4.399737701668922818e+04
4.397840639929408644e+04
4.395943578189894470e+04
4.394046516450380295e+04
4.392149454710866121e+04
4.390252392971352674e+04
4.388355331231838500e+04
4.386458269492324325e+04
4.384561207752810151e+04
4.382664146013295976e+04
4.380767084273781802e+04
4.378870022534267628e+04
4.376972960794753453e+04
4.375075899055239279e+04
4.373178837315725104e+04
4.371281775576210930e+04
4.369384713836697483e+04
4.367487652097183309e+04
4.365590590357668407e+04
4.363693528618154232e+04
4.361796466878640058e+04
4.359899405139127339e+04
4.358002343399613164e+04
4.356105281660099718e+04
4.354208219920584816e+04
4.352311158181070641e+04
4.350414096441556467e+04
4.348517034702042292e+04
4.346619972962528118e+04
4.344722911223014671e+04
4.342825849483499769e+04
4.340928787743986322e+04
4.339031726004471420e+04
4.337134664264957246e+04
4.335237602525443071e+04
4.333340540785929625e+04
4.331443479046415450e+04
4.329546417306902003e+04
4.327649355567387101e+04
4.325752293827873655e+04
4.323855232088359480e+04
4.321958170348845306e+04
4.320061108609331131e+04
4.318164046869816957e+04
4.316266985130302783e+04
4.314369923390789336e+04
4.312472861651274434e+04
4.310575799911760259e+04
4.308678738172246813e+04
4.306781676432732638e+04
4.304884614693217736e+04
4.302987552953704289e+04
4.301090491214190115e+04
4.299193429474676668e+04
4.297296367735162494e+04
4.295399305995648319e+04
4.293502244256134145e+04
4.291605182516619971e+04
4.289708120777105796e+04
4.287811059037592349e+04
4.285913997298078175e+04
4.284016935558564001e+04
4.282119873819049826e+04
4.280222812079534924e+04
4.278325750340021477e+04
4.276428688600508031e+04
4.274531626860993129e+04
4.272634565121479682e+04
4.270737503381965507e+04
4.268840441642451333e+04
4.266943379902937158e+04
4.265046318163422984e+04
4.263149256423908810e+04
4.261252194684394635e+04
4.259355132944880461e+04
4.257458071205366286e+04
4.255561009465852112e+04
4.253663947726338665e+04
4.251766885986823763e+04
4.249869824247310316e+04
4.247972762507796142e+04
4.246075700768281968e+04
4.244178639028767793e+04
4.242281577289254346e+04
4.240384515549739444e+04
4.238487453810225998e+04
4.236590392070711096e+04
4.234693330331197649e+04
4.232796268591683474e+04
4.230899206852169300e+04
4.229002145112655126e+04
4.227105083373140951e+04
4.225208021633626777e+04
4.223310959894113330e+04
4.221413898154599156e+04
4.219516836415084981e+04
4.217619774675570807e+04
4.215722712936057360e+04
4.213825651196542458e+04
4.211928589457028284e+04
4.210031527717514837e+04
4.208134465978000662e+04
4.206237404238486488e+04
4.204340342498972313e+04
4.202443280759458139e+04
4.200546219019943965e+04
4.198649157280429790e+04
4.196752095540915616e+04
4.194855033801401441e+04
4.192957972061887267e+04
4.191060910322373820e+04
4.189163848582859646e+04
4.187266786843345471e+04
4.185369725103831297e+04
4.183472663364317123e+04
4.181575601624802948e+04
4.179678539885288774e+04
4.177781478145775327e+04
4.175884416406261153e+04
4.173987354666746978e+04
4.172090292927232804e+04
4.170193231187718629e+04
4.168296169448204455e+04
4.166399107708690281e+04
4.164502045969176106e+04
4.162604984229662659e+04
4.160707922490148485e+04
4.158810860750634311e+04
4.156913799011120136e+04
4.155016737271605234e+04
4.153119675532091787e+04
4.151222613792578341e+04
4.149325552053063439e+04
4.147428490313550719e+04
4.145531428574035817e+04
4.143634366834521643e+04
4.141737305095008196e+04
4.139840243355493294e+04
4.137943181615979120e+04
4.136046119876464945e+04
4.134149058136951498e+04
4.132251996397436596e+04
4.130354934657923150e+04
4.128457872918408975e+04
4.126560811178894801e+04
4.124663749439380626e+04
4.122766687699867180e+04
4.120869625960353005e+04
4.118972564220838831e+04
4.117075502481324656e+04
4.115178440741810482e+04
4.113281379002296308e+04
4.111384317262782133e+04
4.109487255523267959e+04
4.107590193783753784e+04
4.105693132044240338e+04
4.103796070304726163e+04
4.101899008565211261e+04
4.100001946825697087e+04
4.098104885086183640e+04
4.096207823346668738e+04
4.094310761607155291e+04
4.092413699867641844e+04
4.090516638128127670e+04
4.088619576388613496e+04
4.086722514649099321e+04
4.084825452909585147e+04
4.082928391170070972e+04
4.081031329430556798e+04
4.079134267691043351e+04
4.077237205951528449e+04
4.075340144212014275e+04
4.073443082472500100e+04
4.071546020732985926e+04
4.069648958993472479e+04
4.067751897253959032e+04
4.065854835514444130e+04
4.063957773774929956e+04
4.062060712035415781e+04
4.060163650295902335e+04
4.058266588556388160e+04
4.056369526816873986e+04
4.054472465077359811e+04
4.052575403337845637e+04
4.050678341598331463e+04
4.048781279858817288e+04
4.046884218119303841e+04
4.044987156379789667e+04
4.043090094640275493e+04
4.041193032900761318e+04
4.039295971161247144e+04
4.037398909421732969e+04
4.035501847682218795e+04
4.033604785942705348e+04
4.031707724203190446e+04
4.029810662463676999e+04
4.027913600724162097e+04
4.026016538984648651e+04
4.024119477245134476e+04
4.022222415505620302e+04
4.020325353766106127e+04
4.018428292026591953e+04
4.016531230287077778e+04
4.014634168547564332e+04
4.012737106808050157e+04
4.010840045068535255e+04
4.008942983329021808e+04
4.007045921589507634e+04
4.005148859849993460e+04
4.003251798110480013e+04
4.001354736370965838e+04
3.999457674631451664e+04
3.997560612891937490e+04
3.995663551152423315e+04
3.993766489412909141e+04
3.991869427673394966e+04
3.989972365933880792e+04
3.988075304194366618e+04
3.986178242454853171e+04
3.984281180715338269e+04
3.982384118975824822e+04
3.980487057236309920e+04
3.978589995496796473e+04
3.976692933757282299e+04
3.974795872017768852e+04
3.972898810278254678e+04
3.971001748538740503e+04
3.969104686799226329e+04
3.967207625059712154e+04
3.965310563320197980e+04
3.963413501580683078e+04
3.961516439841169631e+04
3.959619378101655457e+04
3.957722316362141282e+04
3.955825254622627108e+04
3.953928192883112933e+04
3.952031131143599487e+04
3.950134069404085312e+04
3.948237007664570410e+04
3.946339945925056963e+04
3.944442884185543517e+04
3.942545822446028615e+04
3.940648760706515168e+04
3.938751698967000266e+04
3.936854637227486819e+04
3.934957575487971917e+04
3.933060513748458470e+04
3.931163452008944296e+04
3.929266390269430121e+04
3.927369328529915947e+04
3.925472266790402500e+04
3.923575205050888326e+04
3.921678143311373424e+04
3.919781081571859977e+04
3.917884019832346530e+04
3.915986958092831628e+04
3.914089896353318181e+04
3.912192834613803279e+04
3.910295772874289105e+04
3.908398711134775658e+04
3.906501649395261484e+04
3.904604587655747309e+04
3.902707525916233135e+04
3.900810464176718961e+04
3.898913402437204786e+04
3.897016340697690612e+04
3.895119278958177165e+04
3.893222217218662990e+04
3.891325155479148816e+04
3.889428093739634642e+04
3.887531032000120467e+04
3.885633970260607020e+04
3.883736908521092118e+04
3.881839846781578672e+04
3.879942785042064497e+04
3.878045723302550323e+04
3.876148661563036148e+04
3.874251599823521974e+04
3.872354538084008527e+04
3.870457476344493625e+04
3.868560414604980178e+04
3.866663352865465276e+04
3.864766291125951830e+04
3.862869229386437655e+04
3.860972167646923481e+04
3.859075105907409306e+04
3.857178044167895132e+04
3.855280982428380958e+04
3.853383920688867511e+04
3.851486858949353336e+04
3.849589797209839162e+04
3.847692735470324988e+04
3.845795673730810813e+04
3.843898611991296639e+04
3.842001550251782464e+04
3.840104488512268290e+04
3.838207426772754843e+04
3.836310365033240669e+04
3.834413303293726494e+04
3.832516241554212320e+04
3.830619179814698873e+04
3.828722118075183971e+04
3.826825056335670524e+04
3.824927994596155622e+04
3.823030932856642175e+04
3.821133871117128001e+04
3.819236809377613827e+04
3.817339747638099652e+04
3.815442685898585478e+04
3.813545624159071303e+04
3.811648562419557857e+04
3.809751500680043682e+04
3.807854438940529508e+04
3.805957377201014606e+04
3.804060315461501159e+04
3.802163253721986985e+04
3.800266191982472810e+04
3.798369130242959363e+04
3.796472068503445189e+04
3.794575006763931015e+04
3.792677945024416113e+04
3.790780883284902666e+04
3.788883821545388491e+04
3.786986759805874317e+04
3.785089698066360143e+04
3.783192636326845968e+04
3.781295574587332521e+04
3.779398512847817619e+04
3.777501451108304173e+04
3.775604389368789998e+04
3.773707327629275824e+04
3.771810265889761649e+04
3.769913204150248202e+04
3.768016142410734028e+04
3.766119080671219854e+04
3.764222018931705679e+04
3.762324957192191505e+04
3.760427895452677330e+04
3.758530833713163156e+04
3.756633771973648982e+04
3.754736710234134807e+04
3.752839648494620633e+04
3.750942586755107186e+04
3.749045525015593012e+04
3.747148463276078837e+04
3.745251401536565390e+04
3.743354339797050488e+04
3.741457278057536314e+04
3.739560216318022140e+04
3.737663154578508693e+04
3.735766092838994518e+04
3.733869031099480344e+04
3.731971969359966170e+04
3.730074907620451995e+04
3.728177845880937821e+04
3.726280784141424374e+04
3.724383722401910200e+04
3.722486660662396753e+04
3.720589598922881851e+04
3.718692537183368404e+04
3.716795475443853502e+04
3.714898413704340055e+04
3.713001351964825881e+04
3.711104290225311706e+04
3.709207228485797532e+04
3.707310166746283357e+04
3.705413105006769183e+04
3.703516043267255009e+04
3.701618981527740834e+04
3.699721919788226660e+04
3.697824858048712485e+04
3.695927796309199039e+04
3.694030734569684864e+04
3.692133672830170690e+04
3.690236611090656515e+04
3.688339549351143069e+04
3.686442487611628167e+04
3.684545425872113992e+04
3.682648364132600545e+04
3.680751302393086371e+04
3.678854240653572197e+04
3.676957178914058022e+04
3.675060117174544575e+04
3.673163055435029673e+04
3.671265993695515499e+04
3.669368931956001325e+04
3.667471870216487878e+04
3.665574808476973703e+04
3.663677746737459529e+04
3.661780684997945355e+04
3.659883623258431180e+04
3.657986561518917006e+04
3.656089499779403559e+04
3.654192438039889385e+04
3.652295376300375210e+04
3.650398314560861036e+04
3.648501252821346861e+04
3.646604191081833415e+04
3.644707129342319240e+04
3.642810067602805066e+04
3.640913005863290164e+04
3.639015944123776717e+04
3.637118882384262542e+04
3.635221820644748368e+04
3.633324758905234921e+04
3.631427697165720747e+04
3.629530635426206572e+04
3.627633573686692398e+04
3.625736511947178224e+04
3.623839450207664049e+04
3.621942388468149875e+04
3.620045326728635700e+04
3.618148264989121526e+04
3.616251203249607352e+04
3.614354141510093177e+04
3.612457079770579730e+04
3.610560018031065556e+04
3.608662956291551382e+04
3.606765894552037207e+04
3.604868832812523760e+04
3.602971771073008858e+04
3.601074709333495412e+04
3.599177647593980510e+04
3.597280585854467063e+04
3.595383524114952888e+04
3.593486462375438714e+04
3.591589400635924540e+04
3.589692338896411093e+04
3.587795277156896191e+04
3.585898215417382744e+04
3.584001153677868570e+04
3.582104091938354395e+04
3.580207030198840221e+04
3.578309968459326774e+04
3.576412906719811872e+04
3.574515844980298425e+04
3.572618783240784251e+04
3.570721721501270076e+04
3.568824659761755902e+04
3.566927598022241727e+04
3.565030536282727553e+04
3.563133474543213379e+04
3.561236412803699204e+04
3.559339351064185030e+04
3.557442289324671583e+04
3.555545227585156681e+04
3.553648165845643234e+04
3.551751104106129060e+04
3.549854042366614885e+04
3.547956980627100711e+04
3.546059918887586537e+04
3.544162857148073090e+04
3.542265795408558915e+04
3.540368733669044013e+04
3.538471671929530567e+04
3.536574610190016392e+04
3.534677548450501490e+04
3.532780486710988043e+04
3.530883424971473869e+04
3.528986363231960422e+04
3.527089301492445520e+04
3.525192239752931346e+04
3.523295178013417171e+04
3.521398116273903725e+04
3.519501054534388823e+04
3.517603992794875376e+04
3.515706931055361929e+04
3.513809869315847754e+04
3.511912807576333580e+04
3.510015745836819406e+04
3.508118684097305231e+04
3.506221622357791057e+04
3.504324560618276882e+04
3.502427498878762708e+04
3.500530437139248534e+04
3.498633375399734359e+04
3.496736313660220912e+04
3.494839251920706738e+04
3.492942190181191836e+04
3.491045128441677662e+04
3.489148066702164215e+04
3.487251004962650040e+04
3.485353943223136594e+04
3.483456881483621692e+04
3.481559819744107517e+04
3.479662758004594070e+04
3.477765696265079896e+04
3.475868634525565722e+04
3.473971572786051547e+04
3.472074511046538100e+04
3.470177449307023926e+04
3.468280387567509752e+04
3.466383325827995577e+04
3.464486264088480675e+04
3.462589202348967228e+04
3.460692140609453054e+04
3.458795078869938880e+04
3.456898017130425433e+04
3.455000955390910531e+04
3.453103893651396356e+04
3.451206831911882182e+04
3.449309770172368735e+04
3.447412708432854561e+04
3.445515646693340386e+04
3.443618584953826212e+04
3.441721523214312037e+04
3.439824461474798591e+04
3.437927399735284416e+04
3.436030337995770242e+04
3.434133276256256067e+04
3.432236214516741893e+04
3.430339152777227719e+04
3.428442091037713544e+04
3.426545029298200097e+04
3.424647967558685195e+04
3.422750905819171749e+04
3.420853844079657574e+04
3.418956782340143400e+04
3.417059720600628498e+04
3.415162658861115051e+04
3.413265597121600877e+04
3.411368535382086702e+04
3.409471473642572528e+04
3.407574411903059081e+04
3.405677350163544907e+04
3.403780288424030732e+04
3.401883226684516558e+04
3.399986164945003111e+04
3.398089103205488209e+04
3.396192041465974762e+04
3.394294979726459860e+04
3.392397917986946413e+04
3.390500856247432239e+04
3.388603794507918064e+04
3.386706732768403890e+04
3.384809671028889716e+04
3.382912609289376269e+04
3.381015547549861367e+04
3.379118485810347192e+04
3.377221424070833018e+04
3.375324362331319571e+04
3.373427300591805397e+04
3.371530238852291222e+04
3.369633177112777048e+04
3.367736115373262874e+04
3.365839053633749427e+04
3.363941991894234525e+04
3.362044930154721078e+04
3.360147868415206176e+04
3.358250806675692729e+04
3.356353744936178555e+04
3.354456683196664380e+04
3.352559621457150206e+04
3.350662559717636032e+04
3.348765497978121857e+04
3.346868436238607683e+04
3.344971374499093508e+04
3.343074312759579334e+04
3.341177251020065887e+04
3.339280189280551713e+04
3.337383127541037538e+04
3.335486065801523364e+04
3.333589004062009190e+04
3.331691942322495015e+04
3.329794880582981568e+04
3.327897818843467394e+04
3.326000757103953219e+04
3.324103695364439045e+04
3.322206633624924871e+04
3.320309571885410696e+04
3.318412510145896522e+04
3.316515448406382347e+04
3.314618386666868173e+04
3.312721324927354726e+04
3.310824263187840552e+04
3.308927201448327105e+04
3.307030139708812203e+04
3.305133077969298029e+04
3.303236016229783854e+04
3.301338954490269680e+04
3.299441892750756233e+04
3.297544831011242059e+04
3.295647769271727884e+04
3.293750707532213710e+04
3.291853645792699535e+04
3.289956584053185361e+04
3.288059522313671187e+04
3.286162460574157012e+04
3.284265398834643565e+04
3.282368337095128663e+04
3.280471275355615217e+04
3.278574213616101042e+04
3.276677151876587232e+04
3.274780090137072693e+04
3.272883028397558519e+04
3.270985966658044708e+04
3.269088904918530898e+04
3.267191843179016723e+04
3.265294781439502549e+04
3.263397719699988011e+04
3.261500657960474200e+04
3.259603596220960389e+04
3.257706534481446579e+04
3.255809472741932041e+04
3.253912411002417502e+04
3.252015349262904056e+04
3.250118287523389881e+04
3.248221225783875707e+04
3.246324164044361896e+04
3.244427102304847358e+04
3.242530040565333547e+04
3.240632978825819373e+04
3.238735917086305562e+04
3.236838855346791024e+04
3.234941793607277214e+04
3.233044731867763039e+04
3.231147670128248865e+04
3.229250608388734690e+04
3.227353546649220880e+04
3.225456484909706705e+04
3.223559423170192895e+04
3.221662361430678720e+04
3.219765299691164546e+04
3.217868237951650372e+04
3.215971176212136561e+04
3.214074114472622750e+04
3.212177052733108212e+04
3.210279990993594402e+04
3.208382929254080227e+04
3.206485867514566053e+04
3.204588805775051878e+04
3.202691744035537704e+04
3.200794682296023893e+04
3.198897620556509719e+04
3.197000558816995908e+04
3.195103497077482461e+04
3.193206435337967559e+04
3.191309373598453749e+04
3.189412311858939938e+04
3.187515250119425764e+04
3.185618188379911589e+04
3.183721126640397779e+04
3.181824064900883604e+04
3.179927003161369794e+04
3.178029941421855619e+04
3.176132879682341445e+04
3.174235817942827271e+04
3.172338756203313096e+04
3.170441694463798922e+04
3.168544632724285111e+04
3.166647570984770573e+04
3.164750509245256762e+04
3.162853447505742952e+04
3.160956385766229141e+04
3.159059324026714603e+04
3.157162262287200429e+04
3.155265200547686254e+04
3.153368138808172807e+04
3.151471077068658269e+04
3.149574015329144459e+04
3.147676953589629920e+04
3.145779891850116110e+04
3.143882830110602663e+04
3.141985768371087761e+04
3.140088706631573586e+04
3.138191644892059776e+04
3.136294583152545965e+04
3.134397521413031791e+04
3.132500459673517616e+04
3.130603397934003442e+04
3.128706336194489631e+04
3.126809274454975457e+04
3.124912212715461646e+04
3.123015150975947108e+04
3.121118089236432570e+04
3.119221027496919487e+04
3.117323965757405313e+04
3.115426904017891138e+04
3.113529842278376600e+04
3.111632780538862426e+04
3.109735718799348251e+04
3.107838657059834804e+04
3.105941595320320630e+04
3.104044533580806456e+04
3.102147471841292281e+04
3.100250410101778471e+04
3.098353348362264660e+04
3.096456286622750486e+04
3.094559224883235947e+04
3.092662163143722137e+04
3.090765101404207962e+04
3.088868039664694516e+04
3.086970977925179977e+04
3.085073916185666167e+04
3.083176854446151629e+04
3.081279792706637818e+04
3.079382730967123643e+04
3.077485669227609469e+04
3.075588607488095658e+04
3.073691545748581120e+04
3.071794484009067310e+04
3.069897422269553135e+04
3.068000360530038597e+04
3.066103298790524786e+04
3.064206237051010976e+04
3.062309175311496801e+04
3.060412113571982991e+04
3.058515051832468453e+04
3.056617990092955006e+04
3.054720928353440831e+04
3.052823866613926293e+04
3.050926804874412483e+04
3.049029743134898308e+04
3.047132681395384134e+04
3.045235619655870323e+04
3.043338557916355785e+04
3.041441496176841974e+04
3.039544434437327436e+04
3.037647372697813989e+04
3.035750310958299815e+04
3.033853249218785641e+04
3.031956187479271102e+04
3.030059125739757292e+04
3.028162064000243481e+04
3.026265002260729307e+04
3.024367940521215132e+04
3.022470878781700958e+04
3.020573817042187147e+04
3.018676755302672973e+04
3.016779693563158798e+04
3.014882631823644624e+04
3.012985570084130450e+04
3.011088508344616639e+04
3.009191446605102101e+04
3.007294384865588654e+04
3.005397323126074843e+04
3.003500261386560669e+04
3.001603199647046131e+04
2.999706137907532684e+04
2.997809076168018510e+04
2.995912014428503971e+04
2.994014952688990161e+04
2.992117890949475986e+04
2.990220829209962176e+04
2.988323767470448365e+04
2.986426705730934191e+04
2.984529643991419653e+04
2.982632582251906206e+04
2.980735520512392031e+04
2.978838458772878221e+04
2.976941397033363683e+04
2.975044335293849872e+04
2.973147273554335698e+04
2.971250211814821887e+04
2.969353150075307713e+04
2.967456088335793174e+04
2.965559026596279728e+04
2.963661964856765189e+04
2.961764903117251743e+04
2.959867841377737204e+04
2.957970779638223030e+04
2.956073717898708856e+04
2.954176656159194317e+04
2.952279594419680507e+04
2.950382532680167060e+04
2.948485470940652522e+04
2.946588409201138347e+04
2.944691347461624173e+04
2.942794285722110362e+04
2.940897223982596188e+04
2.939000162243082013e+04
2.937103100503568203e+04
2.935206038764053665e+04
2.933308977024539854e+04
2.931411915285026043e+04
2.929514853545511869e+04
2.927617791805997695e+04
2.925720730066483520e+04
2.923823668326969346e+04
2.921926606587455899e+04
2.920029544847940997e+04
2.918132483108427186e+04
2.916235421368913376e+04
2.914338359629399201e+04
2.912441297889885027e+04
2.910544236150371216e+04
2.908647174410857042e+04
2.906750112671342504e+04
2.904853050931828693e+04
2.902955989192314883e+04
2.901058927452800344e+04
2.899161865713286898e+04
2.897264803973772359e+04
2.895367742234257821e+04
2.893470680494744011e+04
2.891573618755230564e+04
2.889676557015716025e+04
2.887779495276202215e+04
2.885882433536688404e+04
2.883985371797173866e+04
2.882088310057660055e+04
2.880191248318145517e+04
2.878294186578631343e+04
2.876397124839117532e+04
2.874500063099603358e+04
2.872603001360089547e+04
2.870705939620575373e+04
2.868808877881061198e+04
2.866911816141547024e+04
2.865014754402032850e+04
2.863117692662519039e+04
2.861220630923004501e+04
2.859323569183490690e+04
2.857426507443976152e+04
2.855529445704462705e+04
2.853632383964948531e+04
2.851735322225434356e+04
2.849838260485920182e+04
2.847941198746406371e+04
2.846044137006891833e+04
2.844147075267378023e+04
2.842250013527863484e+04
2.840352951788350038e+04
2.838455890048835863e+04
2.836558828309321689e+04
2.834661766569807514e+04
2.832764704830293340e+04
2.830867643090779529e+04
2.828970581351265355e+04
2.827073519611751544e+04
2.825176457872237370e+04
2.823279396132723195e+04
2.821382334393209021e+04
2.819485272653695210e+04
2.817588210914180672e+04
2.815691149174666498e+04
2.813794087435152323e+04
2.811897025695638513e+04
2.809999963956124338e+04
2.808102902216610892e+04
2.806205840477096353e+04
2.804308778737582543e+04
2.802411716998068005e+04
2.800514655258554558e+04
2.798617593519039656e+04
2.796720531779526209e+04
2.794823470040012035e+04
2.792926408300497860e+04
2.791029346560984050e+04
2.789132284821469511e+04
2.787235223081955701e+04
2.785338161342441890e+04
2.783441099602927716e+04
2.781544037863413178e+04
2.779646976123899367e+04
2.777749914384385556e+04
2.775852852644871018e+04
2.773955790905357208e+04
2.772058729165843033e+04
2.770161667426328859e+04
2.768264605686814684e+04
2.766367543947300874e+04
2.764470482207786699e+04
2.762573420468272525e+04
2.760676358728758350e+04
2.758779296989244540e+04
2.756882235249730002e+04
2.754985173510215827e+04
2.753088111770702017e+04
2.751191050031188206e+04
2.749293988291673668e+04
2.747396926552159857e+04
2.745499864812645683e+04
2.743602803073131872e+04
2.741705741333617334e+04
2.739808679594103887e+04
2.737911617854589349e+04
2.736014556115075538e+04
2.734117494375561364e+04
2.732220432636047190e+04
2.730323370896533015e+04
2.728426309157018841e+04
2.726529247417505030e+04
2.724632185677990856e+04
2.722735123938477045e+04
2.720838062198962507e+04
2.718941000459448696e+04
2.717043938719934522e+04
2.715146876980420348e+04
2.713249815240906537e+04
2.711352753501391999e+04
2.709455691761878188e+04
2.707558630022364378e+04
2.705661568282850567e+04
2.703764506543336029e+04
2.701867444803821854e+04
2.699970383064307680e+04
2.698073321324793505e+04
2.696176259585279695e+04
2.694279197845765884e+04
2.692382136106251710e+04
2.690485074366737899e+04
2.688588012627223361e+04
2.686690950887709187e+04
2.684793889148195740e+04
2.682896827408681202e+04
2.680999765669167391e+04
2.679102703929653217e+04
2.677205642190139042e+04
2.675308580450624504e+04
2.673411518711110693e+04
2.671514456971596519e+04
2.669617395232082708e+04
2.667720333492568898e+04
2.665823271753054723e+04
2.663926210013540913e+04
2.662029148274026375e+04
2.660132086534512564e+04
2.658235024794998390e+04
2.656337963055484579e+04
2.654440901315970041e+04
2.652543839576455503e+04
2.650646777836942056e+04
2.648749716097427881e+04
2.646852654357913707e+04
2.644955592618399533e+04
2.643058530878885722e+04
2.641161469139371547e+04
2.639264407399857373e+04
2.637367345660343562e+04
2.635470283920829388e+04
2.633573222181314850e+04
2.631676160441801039e+04
2.629779098702286865e+04
2.627882036962772690e+04
2.625984975223258880e+04
2.624087913483744705e+04
2.622190851744230531e+04
2.620293790004716720e+04
2.618396728265202546e+04
2.616499666525688735e+04
2.614602604786174561e+04
2.612705543046660023e+04
2.610808481307145848e+04
2.608911419567632038e+04
2.607014357828117863e+04
2.605117296088603689e+04
2.603220234349089515e+04
2.601323172609576068e+04
2.599426110870061530e+04
2.597529049130548083e+04
2.595631987391033545e+04
2.593734925651519006e+04
2.591837863912005560e+04
2.589940802172491021e+04
2.588043740432977211e+04
2.586146678693463036e+04
2.584249616953948862e+04
2.582352555214434688e+04
2.580455493474920877e+04
2.578558431735406339e+04
2.576661369995892528e+04
2.574764308256378717e+04
2.572867246516864543e+04
2.570970184777350369e+04
2.569073123037836194e+04
2.567176061298322020e+04
2.565278999558808209e+04
2.563381937819294399e+04
2.561484876079779497e+04
2.559587814340265322e+04
2.557690752600751875e+04
2.555793690861237701e+04
2.553896629121723527e+04
2.551999567382209352e+04
2.550102505642695178e+04
2.548205443903181003e+04
2.546308382163667557e+04
2.544411320424153382e+04
2.542514258684639208e+04
2.540617196945124670e+04
2.538720135205610859e+04
2.536823073466096685e+04
2.534926011726582510e+04
2.533028949987068700e+04
2.531131888247554889e+04
2.529234826508040715e+04
2.527337764768526540e+04
2.525440703029012730e+04
2.523543641289498191e+04
2.521646579549984745e+04
2.519749517810470206e+04
2.517852456070955668e+04
2.515955394331441858e+04
2.514058332591927683e+04
2.512161270852414236e+04
2.510264209112899698e+04
2.508367147373385887e+04
2.506470085633871713e+04
2.504573023894357539e+04
2.502675962154843364e+04
2.500778900415329554e+04
2.498881838675815379e+04
2.496984776936301205e+04
2.495087715196787394e+04
2.493190653457272856e+04
2.491293591717759409e+04
2.489396529978244871e+04
2.487499468238730697e+04
2.485602406499216522e+04
2.483705344759702712e+04
2.481808283020188537e+04
2.479911221280674727e+04
2.478014159541160552e+04
2.476117097801646378e+04
2.474220036062131840e+04
2.472322974322618393e+04
2.470425912583104218e+04
