2.640609548051510824e+00
2.653135367835651515e+00
2.665431641710883870e+00
2.677507299177269040e+00
2.689364753806042785e+00
2.701007393952717273e+00
2.712439293229979675e+00
2.723664157464207758e+00
2.734684739433067779e+00
2.745504574613695681e+00
2.756129028689170202e+00
2.766560008093709833e+00
2.776800661523632030e+00
2.786856039079950165e+00
2.796729060155426883e+00
2.806422270811656627e+00
2.815939457213874508e+00
2.825285309161207792e+00
2.834461869724532512e+00
2.843472192374620899e+00
2.852319288757237281e+00
2.861006128494510747e+00
2.869536362806662133e+00
2.877913391726097725e+00
2.886139640872995127e+00
2.894218027505637725e+00
2.902151427805801820e+00
2.909942677093759755e+00
2.917594670624815922e+00
2.925110170974454249e+00
2.932491867749594139e+00
2.939742447423665972e+00
2.946864557413187757e+00
2.953860806522908611e+00
2.960733337223230066e+00
2.967484810428437925e+00
2.974117742468463277e+00
2.980634555251475248e+00
2.987037634447393231e+00
2.993329318266858774e+00
2.999511310307604983e+00
3.005586213041688382e+00
3.011556227984226286e+00
3.017423523068997859e+00
3.023190233231446644e+00
3.028858377117973344e+00
3.034429624881050724e+00
3.039906243960687870e+00
3.045290205977135400e+00
3.050583452336653956e+00
3.055787894809548710e+00
3.060905291077258727e+00
3.065937281867720632e+00
3.070885832303915208e+00
3.075752713122348769e+00
3.080539668163727818e+00
3.085248414923204230e+00
3.089880496742494209e+00
3.094437492344414675e+00
3.098921120992356393e+00
3.103332978359119476e+00
3.107674636369047061e+00
3.111947643709106703e+00
3.116153360269273698e+00
3.120293287757217815e+00
3.124368944061229669e+00
3.128381772127093008e+00
3.132333194063851689e+00
3.136224611609315538e+00
3.140057225477887570e+00
3.143832460203483947e+00
3.147551663997887772e+00
3.151216146639875149e+00
3.154827199709268726e+00
3.158386088411251791e+00
3.161893856897285637e+00
3.165351857704322480e+00
3.168761297774199459e+00
3.172123367786160220e+00
3.175439242527388295e+00
3.178710081253840691e+00
3.181937028041279536e+00
3.185121212126295287e+00
3.188263748237166961e+00
3.191365660751531497e+00
3.194427889792981645e+00
3.197451624967523998e+00
3.200437909744704434e+00
3.203387773652967674e+00
3.206302232544222086e+00
3.209182288846831987e+00
3.212028931806776733e+00
3.214843137716706600e+00
3.217625870132651222e+00
3.220378019118808499e+00
3.223100508650003526e+00
3.225794291029426386e+00
3.228460272234273010e+00
3.231099345784262056e+00
3.233712392877378328e+00
3.236300282511198834e+00
3.238863871589614085e+00
3.241404005014524969e+00
3.243919847636360654e+00
3.246414118293130979e+00
3.248888371655504592e+00
3.251342383732438002e+00
3.253777275110034228e+00
3.256193793784214918e+00
3.258592493163970261e+00
3.260974190534797756e+00
3.263339652373673516e+00
3.265689611097706724e+00
3.268024715202815234e+00
3.270345645090456888e+00
3.272653070372148143e+00
3.274948209165535751e+00
3.277231309455902242e+00
3.279502988457018819e+00
3.281763871179494529e+00
3.284014570966532265e+00
3.286255689266690094e+00
3.288487815389819158e+00
3.290711996800531391e+00
3.292928759784907289e+00
3.295138411954464885e+00
3.297341491473043007e+00
3.299538522906523497e+00
3.301730016888467123e+00
3.303916469773211961e+00
3.306098573164431009e+00
3.308277211170039589e+00
3.310452396060507674e+00
3.312624563554079415e+00
3.314794133202437099e+00
3.316961507992119529e+00
3.319127073942246930e+00
3.321291199700030283e+00
3.323454938781380097e+00
3.325618155550122079e+00
3.327781148362607855e+00
3.329944222630048856e+00
3.332107664411992687e+00
3.334271740038746490e+00
3.336436695745623737e+00
3.338602757321363246e+00
3.340770129772982600e+00
3.342938997009572866e+00
3.345109521547248388e+00
3.347281844237874893e+00
3.349456155693721904e+00
3.351632833822342672e+00
3.353811694002346577e+00
3.355992795044962840e+00
3.358176173187287894e+00
3.360361842012945299e+00
3.362549792412554694e+00
3.364739992586061490e+00
3.366932388088727635e+00
3.369126901922595785e+00
3.371323434674941666e+00
3.373521864705128603e+00
3.375722048381076590e+00
3.377923825070859642e+00
3.380127011529594050e+00
3.382331394665702096e+00
3.384536746463492562e+00
3.386742818869065808e+00
3.388949344336990244e+00
3.391156036428479847e+00
3.393362590460193395e+00
3.395568684202681098e+00
3.397773978627058877e+00
3.399978118698306684e+00
3.402180734213327895e+00
3.404381440681427229e+00
3.406579737829680710e+00
3.408775235485468791e+00
3.410967556021555325e+00
3.413156264682078334e+00
3.415340917367108542e+00
3.417521061709015928e+00
3.419696238169562363e+00
3.421865981153930480e+00
3.424029820137799440e+00
3.426187280803316249e+00
3.428337886179952498e+00
3.430481157786052115e+00
3.432616616766942297e+00
3.434743629958770583e+00
3.436861820555887626e+00
3.438970728592240622e+00
3.441069881964024191e+00
3.443158813685833763e+00
3.445237062923564686e+00
3.447304175996668718e+00
3.449359707346501658e+00
3.451403220467746724e+00
3.453434288799846819e+00
3.455452496576063570e+00
3.457457439627562579e+00
3.459448723638297807e+00
3.461425941488881719e+00
3.463388730855772479e+00
3.465336736297815357e+00
3.467269007493878341e+00
3.469185877981759702e+00
3.471087318747984707e+00
3.472972740190122920e+00
3.474841879553662860e+00
3.476694533133899867e+00
3.478530360663576460e+00
3.480349156927285748e+00
3.482150715665597307e+00
3.483934845624156562e+00
3.485701362182763052e+00
3.487450102540311736e+00
3.489180921297788451e+00
3.490893690325687970e+00
3.492588397770306496e+00
3.494264966442085729e+00
3.495923238594047078e+00
3.497563153350055298e+00
3.499184665986536658e+00
3.500787747608982148e+00
3.502372384800620964e+00
3.503938579245714724e+00
3.505486347329803021e+00
3.507015719719277946e+00
3.508526867638494195e+00
3.510019917919527277e+00
3.511494799913652987e+00
3.512951596965101952e+00
3.514390404369578835e+00
3.515811328877219921e+00
3.517214488189972954e+00
3.518600010455389615e+00
3.519968033758458681e+00
3.521318705613342370e+00
3.522652289779962143e+00
3.523969067047142190e+00
3.525269043303425498e+00
3.526552398854928327e+00
3.527819320947386039e+00
3.529070003286411517e+00
3.530304645566524790e+00
3.531523453009832725e+00
3.532726635915160784e+00
3.533914409218351427e+00
3.535087072002755626e+00
3.536245005815846554e+00
3.537388262973662822e+00
3.538517075229754560e+00
3.539631676973050922e+00
3.540732304865644497e+00
3.541819197494413984e+00
3.542892595036596148e+00
3.543952738939442071e+00
3.544999871613856879e+00
3.546034236142012297e+00
3.547056075998930247e+00
3.548065634787743505e+00
3.549063155988586349e+00
3.550048882720926890e+00
3.551023057518961856e+00
3.551985922120037387e+00
3.552937717265604700e+00
3.553878822142998217e+00
3.554809398297297030e+00
3.555729650943355580e+00
3.556639816800823084e+00
3.557540130785692867e+00
3.558430825880588344e+00
3.559312133015199109e+00
3.560184280956662839e+00
3.561047496209414298e+00
3.561902002924160371e+00
3.562748022815604543e+00
3.563585775088510044e+00
3.564415476371830760e+00
3.565237340660398768e+00
3.566051579263937121e+00
3.566858400762952463e+00
3.567658010971232141e+00
3.568450617887429122e+00
3.569236430145615202e+00
3.570015634688285644e+00
3.570788426176782160e+00
3.571554996406090865e+00
3.572315534299937312e+00
3.573070225910190523e+00
3.573819254420373071e+00
3.574562800153023190e+00
3.575301040580534995e+00
3.576034150339405748e+00
3.576762301247491393e+00
3.577485662324147331e+00
3.578204399812959124e+00
3.578918677206931243e+00
3.579628655275874483e+00
3.580334492095797572e+00
3.581036343080194584e+00
3.581734352887460560e+00
3.582428671812671439e+00
3.583119447917333389e+00
3.583806825397617857e+00
3.584490945958719976e+00
3.585171646044078564e+00
3.585849404118992112e+00
3.586524487309806553e+00
3.587196822055400247e+00
3.587866627361218974e+00
3.588534006692272627e+00
3.589199049173473988e+00
3.589861894834773359e+00
3.590522652758667999e+00
3.591181441787735906e+00
3.591838377419223960e+00
3.592493571158164478e+00
3.593147132527884313e+00
3.593799176129766515e+00
3.594449875302647257e+00
3.595099273282732266e+00
3.595747472157480029e+00
3.596394572233998943e+00
3.597040672077482348e+00
3.597685868549088450e+00
3.598330256843286001e+00
3.598973930524554277e+00
3.599616981563438678e+00
3.600259500371996602e+00
3.600901627781960990e+00
3.601543494046377525e+00
3.602185114498588803e+00
3.602826573833575630e+00
3.603467955359290986e+00
3.604109341027711189e+00
3.604750811465176508e+00
3.605392446001931539e+00
3.606034322700825356e+00
3.606676518385231844e+00
3.607319108666157348e+00
3.607962271574158386e+00
3.608606042828983007e+00
3.609250455299634286e+00
3.609895580224645961e+00
3.610541487759260093e+00
3.611188246997574680e+00
3.611835925993934993e+00
3.612484591783442056e+00
3.613134310401607152e+00
3.613785146903252254e+00
3.614437166872078944e+00
3.615090598064956140e+00
3.615745370270025738e+00
3.616401546047117499e+00
3.617059187076445248e+00
3.617718354172987372e+00
3.618379107300099484e+00
3.619041505582313079e+00
3.619705607317360130e+00
3.620371469987399671e+00
3.621039150269473872e+00
3.621708704045212279e+00
3.622380186409731806e+00
3.623053651679821296e+00
3.623729153401368475e+00
3.624406744356022614e+00
3.625086476567177307e+00
3.625768401305158761e+00
3.626452569091775491e+00
3.627139029704082862e+00
3.627827833881977604e+00
3.628519152102834155e+00
3.629212927341481709e+00
3.629909207510980451e+00
3.630608039805558462e+00
3.631309470700725406e+00
3.632013545952768485e+00
3.632720310597606250e+00
3.633429808949039330e+00
3.634142084596371003e+00
3.634857180401438015e+00
3.635575138495059644e+00
3.636296000272889906e+00
3.637019806390713761e+00
3.637746596759215301e+00
3.638476410538153516e+00
3.639209286130050902e+00
3.639945261173356261e+00
3.640684372535083035e+00
3.641426656302983567e+00
3.642172148193691061e+00
3.642920905361703987e+00
3.643672942748671595e+00
3.644428293547414377e+00
3.645186990130521387e+00
3.645949064039959886e+00
3.646714545976273314e+00
3.647483465787454637e+00
3.648255852457416903e+00
3.649031734094116519e+00
3.649811137917430059e+00
3.650594090246618073e+00
3.651380616487592157e+00
3.652170741119862285e+00
3.652964487683248773e+00
3.653761878764370419e+00
3.654562935982893279e+00
3.655367477344613203e+00
3.656175778661721054e+00
3.656987884810385836e+00
3.657803739484119632e+00
3.658623376292006846e+00
3.659446770729155141e+00
3.660273964467995356e+00
3.661104968502008283e+00
3.661939786406499309e+00
3.662778425182692033e+00
3.663620896929708159e+00
3.664467207952240457e+00
3.665317363355472757e+00
3.666171367030227835e+00
3.667029221638276049e+00
3.667890988180540823e+00
3.668756622397302714e+00
3.669626118909841139e+00
3.670499475457433380e+00
3.671376688480964656e+00
3.672257753109799516e+00
3.673142663148992959e+00
3.674031411066883912e+00
3.674923987983169660e+00
3.675820383657388390e+00
3.676720586477910224e+00
3.677624602544105503e+00
3.678532497576036508e+00
3.679444175707515807e+00
3.680359619972342067e+00
3.681278811985942756e+00
3.682201731937640776e+00
3.683128358583615203e+00
3.684058669240580119e+00
3.684992639780191759e+00
3.685930244624220364e+00
3.686871456740505870e+00
3.687816247639733369e+00
3.688764641103211339e+00
3.689716638338760291e+00
3.690672141870880107e+00
3.691631117604543100e+00
3.692593529981885947e+00
3.693559341984088196e+00
3.694528515134168689e+00
3.695501009500782530e+00
3.696476783703039004e+00
3.697455794916300054e+00
3.698437998879040123e+00
3.699423349900759384e+00
3.700411900745671279e+00
3.701403572578328749e+00
3.702398274560025904e+00
3.703395956364480046e+00
3.704396566296046966e+00
3.705400051303558762e+00
3.706406356995226581e+00
3.707415427654630058e+00
3.708427206257900899e+00
3.709441634491878581e+00
3.710458652773444221e+00
3.711478200269936245e+00
3.712500214920635422e+00
3.713524633459340585e+00
3.714551391438057237e+00
3.715580423251688469e+00
3.716611662163833874e+00
3.717645040333634299e+00
3.718680488843574050e+00
3.719717937728389767e+00
3.720757316004901227e+00
3.721798551702868885e+00
3.722841639408073000e+00
3.723886497804872242e+00
3.724933008869839135e+00
3.725981097789674124e+00
3.727030688932568836e+00
3.728081705883827368e+00
3.729134071482300250e+00
3.730187707857541390e+00
3.731242536467735071e+00
3.732298478138241116e+00
3.733355453100841714e+00
3.734413381033570900e+00
3.735472181101114231e+00
3.736531771995782236e+00
3.737592071978911079e+00
3.738652998922795234e+00
3.739714470352965225e+00
3.740776403490861046e+00
3.741838715296841755e+00
3.742901322513438878e+00
3.743964141708902904e+00
3.745027089320875913e+00
3.746090086637116290e+00
3.747153053438489145e+00
3.748215902462477267e+00
3.749278550526419007e+00
3.750340914536523851e+00
3.751402911531433571e+00
3.752464458725625729e+00
3.753525473552687508e+00
3.754585698624812728e+00
3.755645285008426981e+00
3.756704151677787706e+00
3.757762175651619962e+00
3.758819263029161029e+00
3.759875324650270745e+00
3.760930296362054115e+00
3.761984096932343036e+00
3.763036634187124641e+00
3.764087832613736140e+00
3.765137615946612559e+00
3.766185905548932844e+00
3.767232623530515134e+00
3.768277692785286348e+00
3.769321037027974164e+00
3.770362626087911728e+00
3.771402352917651246e+00
3.772440138598808890e+00
3.773475910455849736e+00
3.774509596801602473e+00
3.775541126968477990e+00
3.776570431338709621e+00
3.777597441373521825e+00
3.778622089641319626e+00
3.779644309844681693e+00
3.780664036846387077e+00
3.781681206694246011e+00
3.782695787012442246e+00
3.783707819707464282e+00
3.784717126186619041e+00
3.785723647377703394e+00
3.786727325496248575e+00
3.787728104063692314e+00
3.788725927924260439e+00
3.789720743260764468e+00
3.790712497609194376e+00
3.791701139872126980e+00
3.792686620330945946e+00
3.793668890656967108e+00
3.794647903921295473e+00
3.795623614603604867e+00
3.796595978599747401e+00
3.797564953228212303e+00
3.798530497235480752e+00
3.799492570800229174e+00
3.800451135536496938e+00
3.801406154495704737e+00
3.802357769983678359e+00
3.803305809714025987e+00
3.804250220187832099e+00
3.805190970054957322e+00
3.806128029394550527e+00
3.807061369711227883e+00
3.807990963930317996e+00
3.808916786392152254e+00
3.809838812845512734e+00
3.810757020440120435e+00
3.811671387718396531e+00
3.812581894606261290e+00
3.813488522403235326e+00
3.814391253771731272e+00
3.815290072725621151e+00
3.816184964618053677e+00
3.817075916128609414e+00
3.817962915249794698e+00
3.818845951272887618e+00
3.819725126242937918e+00
3.820600413624884339e+00
3.821471731345729150e+00
3.822339073577466717e+00
3.823202435711504865e+00
3.824061814341531473e+00
3.824917207245930761e+00
3.825768613369770588e+00
3.826616032806459788e+00
3.827459466778964980e+00
3.828298917620774233e+00
3.829134388756492591e+00
3.829965884682189348e+00
3.830793410945491306e+00
3.831616974125428676e+00
3.832436581812075360e+00
3.833252242586046243e+00
3.834063965997771994e+00
3.834871762546699703e+00
3.835675681607574550e+00
3.836475804646862997e+00
3.837272053197969601e+00
3.838064441211331612e+00
3.838852983482580861e+00
3.839637695631511249e+00
3.840418594081050241e+00
3.841195696036215246e+00
3.841969019463165047e+00
3.842738583068285863e+00
3.843504406277360452e+00
3.844266509214795846e+00
3.845024912683023821e+00
3.845779638141963996e+00
3.846530707688653461e+00
3.847278144037018066e+00
3.848021970497783606e+00
3.848762118855959535e+00
3.849498755925072402e+00
3.850231908268473280e+00
3.850961576943488396e+00
3.851687781041752245e+00
3.852410542274141925e+00
3.853129898629445993e+00
3.853845877285692723e+00
3.854558500080140782e+00
3.855267794626678679e+00
3.855973793054248588e+00
3.856676524172907516e+00
3.857376017152643666e+00
3.858072301506675572e+00
3.858765407075001264e+00
3.859455371762107401e+00
3.860142241083880155e+00
3.860826026720109994e+00
3.861506759634476538e+00
3.862184471040406741e+00
3.862859192386368434e+00
3.863530955341509809e+00
3.864199791781528504e+00
3.864865733774883516e+00
3.865528813569284239e+00
3.866189063578502783e+00
3.866846516369439435e+00
3.867501204649521185e+00
3.868153161254386241e+00
3.868802446923178984e+00
3.869449145577207094e+00
3.870093220036914694e+00
3.870734703494475237e+00
3.871373629215124623e+00
3.872010030526590540e+00
3.872643940808806917e+00
3.873275393483927687e+00
3.873904422006587467e+00
3.874531059854466442e+00
3.875155340519099045e+00
3.875777297496981966e+00
3.876396964280913959e+00
3.877014374351613668e+00
3.877629561169596784e+00
3.878242558167316112e+00
3.878853398741512137e+00
3.879462116245869119e+00
3.880068743983849266e+00
3.880673315201835116e+00
3.881275863082429112e+00
3.881876420738060940e+00
3.882475021204744081e+00
3.883071764051815311e+00
3.883666687655416894e+00
3.884259763537582177e+00
3.884851024350874038e+00
3.885440502646346328e+00
3.886028230868553202e+00
3.886614241350833332e+00
3.887198566310702041e+00
3.887781237845504556e+00
3.888362287928192718e+00
3.888941748403301979e+00
3.889519650983107812e+00
3.890096027243926891e+00
3.890670908622626989e+00
3.891244326413215049e+00
3.891816311763679703e+00
3.892386895672895974e+00
3.892956108987741359e+00
3.893523982400305172e+00
3.894090546445287515e+00
3.894655831497455978e+00
3.895219867769332822e+00
3.895782685308905258e+00
3.896344412760323728e+00
3.896905024463112266e+00
3.897464517761710212e+00
3.898022922035579985e+00
3.898580266492705171e+00
3.899136580167994914e+00
3.899691891921802878e+00
3.900246230438532358e+00
3.900799624225297357e+00
3.901352101610746637e+00
3.901903690743887765e+00
3.902454419593038182e+00
3.903004315944879288e+00
3.903553407403491438e+00
3.904101721389556801e+00
3.904649285139571990e+00
3.905196125705148624e+00
3.905742269952364509e+00
3.906287744561165454e+00
3.906832576024830139e+00
3.907376790649513598e+00
3.907920414553761823e+00
3.908463473668171595e+00
3.909006013596224349e+00
3.909548048508095341e+00
3.910089603488501098e+00
3.910630703731610147e+00
3.911171297257840518e+00
3.911711507331648185e+00
3.912251382780412179e+00
3.912790905748370740e+00
3.913330121119220628e+00
3.913869027985517945e+00
3.914407662338139637e+00
3.914946050391119314e+00
3.915484215685693492e+00
3.916022178724300140e+00
3.916559960077980129e+00
3.917097586472679360e+00
3.917635080699341188e+00
3.918172465362427470e+00
3.918709762879917236e+00
3.919246995483228524e+00
3.919784185217203731e+00
3.920321362478981442e+00
3.920858556493707070e+00
3.921395775512007464e+00
3.921933040844921337e+00
3.922470373617070294e+00
3.923007794766530942e+00
3.923545325044728749e+00
3.924082985016301706e+00
3.924620795058938238e+00
3.925158775363211561e+00
3.925696945932396265e+00
3.926235326582196983e+00
3.926773936940582299e+00
3.927312796447472110e+00
3.927851924354447632e+00
3.928391339724441877e+00
3.928931083077878750e+00
3.929471177728589559e+00
3.930011621425972379e+00
3.930552432505862726e+00
3.931093629114177368e+00
3.931635229206392523e+00
3.932177250546980307e+00
3.932719710708800775e+00
3.933262627072484641e+00
3.933806016825742269e+00
3.934349896962658466e+00
3.934894284282944632e+00
3.935439195391107869e+00
3.935984646695646738e+00
3.936530654408146201e+00
3.937077234542353033e+00
3.937624433872293217e+00
3.938172261837637134e+00
3.938720715457534105e+00
3.939269809985439963e+00
3.939819560472384907e+00
3.940369981765713625e+00
3.940921088507816528e+00
3.941472895134804588e+00
3.942025415875120231e+00
3.942578664748097594e+00
3.943132655562481492e+00
3.943687401914901969e+00
3.944242917188246711e+00
3.944799214550046784e+00
3.945356306950756675e+00
3.945914207121989925e+00
3.946472965909870290e+00
3.947032578135802439e+00
3.947593042865942259e+00
3.948154372176275295e+00
3.948716577916666637e+00
3.949279671708750605e+00
3.949843664943788468e+00
3.950408568780448881e+00
3.950974394142524382e+00
3.951541151716620348e+00
3.952108851949739154e+00
3.952677505046831463e+00
3.953247120968280015e+00
3.953817709427316807e+00
3.954389279887401631e+00
3.954961841559486047e+00
3.955535403399281780e+00
3.956109974104436766e+00
3.956685562111621923e+00
3.957262175593617926e+00
3.957839822456284296e+00
3.958418510335503626e+00
3.958998246594056969e+00
3.959579038318409072e+00
3.960160892315474968e+00
3.960743815109303512e+00
3.961327812937712523e+00
3.961912903039099376e+00
3.962499083814569723e+00
3.963086360587834367e+00
3.963674738737719583e+00
3.964264223341962712e+00
3.964854819173486256e+00
3.965446530696602245e+00
3.966039362063161988e+00
3.966633317108653412e+00
3.967228399348233125e+00
3.967824437780351765e+00
3.968421649470864843e+00
3.969019973609638985e+00
3.969619445306546091e+00
3.970220063761768614e+00
3.970821734183465068e+00
3.971424594238948558e+00
3.972028644568299960e+00
3.972633885448111357e+00
3.973240316786759152e+00
3.973847879538273453e+00
3.974456566283014247e+00
3.975066409593943195e+00
3.975677407647972839e+00
3.976289558230690524e+00
3.976902858731538704e+00
3.977517284654251917e+00
3.978132838234627044e+00
3.978749522332607924e+00
3.979367332645389332e+00
3.979986264450007916e+00
3.980606312598419905e+00
3.981227466486850552e+00
3.981849723304043742e+00
3.982473077289453656e+00
3.983097521538111252e+00
3.983723048695061664e+00
3.984349650950386401e+00
3.984977320034134074e+00
3.985606047211306624e+00
3.986235823276826906e+00
3.986866643769185536e+00
3.987498522419800739e+00
3.988131422834845008e+00
3.988765333895482712e+00
3.989400243987283545e+00
3.990036140995238956e+00
3.990673012298809219e+00
3.991310844766980281e+00
3.991949624753388992e+00
3.992589338091466544e+00
3.993229970089586356e+00
3.993871505526337184e+00
3.994513928645764267e+00
3.995157223152731252e+00
3.995801372208288793e+00
3.996446358425126633e+00
3.997092163863131375e+00
3.997738770024938049e+00
3.998386157851635758e+00
3.999034307718515535e+00
3.999683209963887709e+00
4.000332885943814532e+00
4.000983267755257700e+00
4.001634333486634887e+00
4.002286060639275611e+00
4.002938426123790805e+00
4.003591406256497010e+00
4.004244976756025309e+00
4.004899112740020861e+00
4.005553788722024500e+00
4.006208978608461813e+00
4.006864655695862254e+00
4.007520792668147536e+00
4.008177361594159827e+00
4.008834333925378246e+00
4.009491680493748156e+00
4.010149371509776017e+00
4.010807376560800996e+00
4.011465664609464632e+00
4.012124203992423865e+00
4.012782975301169230e+00
4.013441990859705655e+00
4.014101165709496044e+00
4.014760465671338707e+00
4.015419855934592164e+00
4.016079301057279949e+00
4.016738764966483188e+00
4.017398210958974758e+00
4.018057601702214043e+00
4.018716899235608153e+00
4.019376064972044915e+00
4.020035059699853974e+00
4.020693843584970395e+00
4.021352376173546794e+00
4.022010616394830151e+00
4.022668522564459614e+00
4.023326052388098262e+00
4.023983162965460103e+00
4.024639810794689687e+00
4.025295951777201786e+00
4.025951544576382268e+00
4.026606556222993127e+00
4.027260930284574769e+00
4.027914620764730280e+00
4.028567581096545780e+00
4.029219764149497784e+00
4.029871122237009828e+00
4.030521607124317285e+00
4.031171170036875750e+00
4.031819761669266811e+00
4.032467332194594078e+00
4.033113665549792337e+00
4.033758903627975734e+00
4.034402994349616023e+00
4.035045799375295950e+00
4.035687439644678243e+00
4.036327584560877924e+00
4.036966387491824904e+00
4.037603794197510254e+00
4.038239750007739381e+00
4.038874199837069412e+00
4.039507088200442908e+00
4.040138299249392162e+00
4.040767788196891530e+00
4.041395522727071921e+00
4.042021446167288090e+00
4.042645501547267983e+00
4.043267631618708613e+00
4.043887771153329425e+00
4.044505849821078414e+00
4.045121823181999865e+00
4.045735633166255063e+00
4.046347221538303174e+00
4.046956529920547219e+00
4.047563499817784738e+00
4.048168068340675774e+00
4.048770180321811019e+00
4.049369777175562568e+00
4.049966800205257123e+00
4.050561190729460748e+00
4.051152890110695459e+00
4.051741839784643417e+00
4.052327981290254399e+00
4.052911256300458120e+00
4.053491606653648383e+00
4.054068982529458687e+00
4.054643341706346327e+00
4.055214605244844783e+00
4.055782715920896564e+00
4.056347616842158388e+00
4.056909251483668655e+00
4.057467563724147297e+00
4.058022497883120749e+00
4.058573998758591372e+00
4.059122011665428076e+00
4.059666482474437288e+00
4.060207357651984594e+00
4.060744584300361559e+00
4.061278110198749403e+00
4.061807883844726241e+00
4.062333854496477770e+00
4.062855972215491995e+00
4.063374187909910340e+00
4.063888453378414312e+00
4.064398721354541166e+00
4.064904945551740312e+00
4.065407080708677512e+00
4.065905082635219436e+00
4.066398908258792133e+00
4.066888553515668470e+00
4.067373951236504581e+00
4.067855053455515346e+00
4.068331821921914226e+00
4.068804219738763273e+00
4.069272211411840701e+00
4.069735762898586628e+00
4.070194841657452933e+00
4.070649416697460943e+00
4.071099458627895906e+00
4.071544939708240385e+00
4.071985833898232876e+00
4.072422116907984169e+00
4.072853766248202945e+00
4.073280761280438256e+00
4.073703083267356639e+00
4.074120715422848704e+00
4.074533642962241409e+00
4.074941853152219018e+00
4.075345335360657018e+00
4.075744081106256189e+00
4.076138084107951087e+00
4.076527340333901961e+00
4.076911859552193818e+00
4.077291652944062150e+00
4.077666703528800340e+00
4.078037016627123812e+00
4.078402600049213511e+00
4.078763464141219153e+00
4.079119621831343245e+00
4.079471088675033386e+00
4.079817882899723358e+00
4.080160025448568817e+00
4.080497540023570124e+00
4.080830453127662238e+00
4.081158794106049648e+00
4.081482595186445295e+00
4.081801891518339609e+00
4.082116721211219712e+00
4.082427125371603793e+00
4.082733148138936841e+00
4.083034836720217164e+00
4.083332241423389242e+00
4.083625415689303928e+00
4.083914357387472549e+00
4.084199194364359187e+00
4.084480012695070883e+00
4.084756801383148783e+00
4.085029716350012663e+00
4.085298779382160461e+00
4.085564057915516578e+00
4.085825665769048598e+00
4.086083684943713656e+00
4.086338200828715017e+00
4.086589302216830255e+00
4.086837081317770348e+00
4.087081618105657732e+00
4.087323013370083302e+00
4.087561378277910329e+00
4.087796819114483782e+00
4.088029445599040024e+00
4.088259370883907451e+00
4.088486711551436059e+00
4.088711583199606814e+00
4.088934110570593639e+00
4.089154422247849752e+00
4.089372648521975684e+00
4.089588923053955938e+00
4.089803382856334046e+00
4.090016168271539243e+00
4.090227422280610092e+00
4.090437292185148621e+00
4.090645928346144267e+00
4.090853484155535291e+00
4.091060116182946516e+00
4.091265984136304823e+00
4.091471250819381567e+00
4.091676082086070920e+00
4.091880646791456577e+00
4.092085116739644590e+00
4.092289666628188272e+00
4.092494473989071402e+00
4.092699726686072736e+00
4.092905601463064258e+00
4.093112283154114017e+00
4.093319959989969448e+00
4.093528822692595881e+00
4.093739064394899430e+00
4.093950880556620930e+00
4.094164468876410723e+00
4.094380029200340942e+00
4.094597763426151005e+00
4.094817875403825802e+00
4.095040570832139792e+00
4.095266057151099481e+00
4.095494543430532985e+00
4.095726240254384365e+00
4.095961359601050233e+00
4.096200114719504626e+00
4.096442720001292059e+00
4.096689390848246681e+00
4.096940343536218165e+00
4.097195795074253688e+00
4.097455963059926987e+00
4.097721065530209650e+00
4.097991320808175963e+00
4.098266947345603484e+00
4.098548163561335222e+00
4.098835187675540226e+00
4.099128237539911623e+00
4.099427545662258865e+00
4.099733318392149606e+00
4.100045768627684772e+00
4.100365111110376048e+00
4.100691559312335421e+00
4.101025325243505826e+00
4.101366619255554014e+00
4.101715649842226696e+00
4.102072623437029719e+00
4.102437744207766634e+00
4.102811213848460703e+00
4.103193231368927663e+00
4.103583992882169795e+00
4.103983691389834654e+00
4.104392516566234050e+00
4.104810654541003245e+00
4.105238287681022946e+00
4.105675594371718695e+00
4.106122748798386901e+00
4.106579920727821076e+00
4.107047275290787169e+00
4.107524972765630444e+00
4.108013168363974010e+00
4.108512012018433524e+00
4.109021648173408536e+00
4.109542215579266689e+00
4.110073847090514043e+00
4.110616669468672768e+00
4.111170809835066109e+00
4.111736379809763697e+00
4.112313485127743640e+00
4.112902226481087276e+00
4.113502697579240142e+00
4.114114984993228141e+00
4.114739168009042380e+00
4.115375318490904988e+00
4.116023420703383451e+00
4.116683611378912033e+00
4.117355987810848994e+00
4.118040476241707104e+00
4.118737201145326488e+00
4.119446214914607829e+00
4.120167386606569337e+00
4.120900837719137400e+00
4.121646570423646239e+00
4.122404578730828106e+00
4.123174848573013307e+00
4.123957357828874848e+00
4.124752076363847664e+00
4.125558944510569148e+00
4.126377897467769174e+00
4.127208906292830548e+00
4.128051908789689861e+00
4.128906835190944591e+00
4.129773608296369858e+00
4.130652143626759809e+00
4.131542349593005703e+00
4.132444113042243572e+00
4.133357336201289201e+00
4.134281909497153684e+00
4.135217714667839495e+00
4.136164627395253923e+00
4.137122517553116552e+00
4.138091249465305488e+00
4.139070681606792590e+00
4.140060666736949280e+00
4.141061055613411312e+00
4.142071693106111674e+00
4.143092419949877758e+00
4.144123073044758243e+00
4.145163485759175259e+00
4.146213488235432010e+00
4.147272907695843891e+00
4.148341568748881159e+00
4.149419293693838995e+00
4.150505902823122817e+00
4.151601214721106103e+00
4.152705049024898898e+00
4.153817271753822205e+00
4.154937650087601853e+00
4.156065998760301916e+00
4.157202132203292599e+00
4.158345864803113301e+00
4.159497011149754897e+00
4.160655386274715539e+00
4.161820805878098994e+00
4.162993086544467758e+00
4.164172045947078793e+00
4.165357503039782472e+00
4.166549278236695741e+00
4.167747193579423914e+00
4.168951072891294629e+00
4.170160741919166192e+00
4.171376028462297825e+00
4.172596762488593569e+00
4.173822776238350407e+00
4.175053904315702447e+00
4.176289983767906833e+00
4.177530854152853301e+00
4.178776357595271662e+00
4.180026338831724253e+00
4.181280645245072591e+00
4.182539126888822345e+00
4.183801636501623733e+00
4.185068029512864385e+00
4.186338164039400844e+00
4.187611900874355086e+00
4.188889103468278918e+00
4.190169637903478517e+00
4.191453372861690063e+00
4.192740179586285976e+00
4.194029931838773706e+00
4.195322507520342192e+00
4.196617789463673809e+00
