9.141000000000001364e+02
9.289461002160468297e+02
9.437874141724023502e+02
9.586287281288801978e+02
9.734700420857728886e+02
9.883113560414057019e+02
1.003152669997048179e+03
1.017993983953071961e+03
1.032835297909046631e+03
1.047676611865103496e+03
1.062517925822160123e+03
1.077359239779669451e+03
1.092200553737632163e+03
1.107041867695118981e+03
1.121883181652214944e+03
1.136724495609162204e+03
1.151565809565855716e+03
1.166407123522063102e+03
1.181248437477906236e+03
1.196089751433364199e+03
1.210931065388415618e+03
1.225772379343039120e+03
1.240613693297864756e+03
1.255455007253327267e+03
1.270296321209024200e+03
1.285137635165033316e+03
1.299978949121432152e+03
1.314820263078298467e+03
1.329661577034730726e+03
1.344502890990733249e+03
1.359344204946631635e+03
1.374185518902396325e+03
1.389026832857997306e+03
1.403868146813405701e+03
1.418709460769314546e+03
1.433550774725475549e+03
1.448392088681822315e+03
1.463233402638386679e+03
1.478074716595199561e+03
1.492916030552280063e+03
1.507757344508983806e+03
1.522598658465701646e+03
1.537439972422415622e+03
1.552281286379109133e+03
1.567122600335765355e+03
1.581963914292404297e+03
1.596805228249178526e+03
1.611646542205973674e+03
1.626487856162788603e+03
1.641329170119623086e+03
1.656170484076474168e+03
1.671011798033413470e+03
1.685853111990562411e+03
1.700694425947838454e+03
1.715535739905257060e+03
1.730377053862831872e+03
1.745218367820579033e+03
1.760059681778363256e+03
1.774900995736114055e+03
1.789742309693923289e+03
1.804583623651783455e+03
1.819424937609688413e+03
1.834266251567631571e+03
1.849107565525619748e+03
1.863948879483646124e+03
1.878790193441700694e+03
1.893631507399778684e+03
1.908472821357874182e+03
1.923314135315982867e+03
1.938155449273964450e+03
1.952996763231859404e+03
1.967838077189667274e+03
1.982679391147371007e+03
1.997520705104954686e+03
2.012362019062412855e+03
2.027203333019989259e+03
2.042044646977529055e+03
2.056885960935034745e+03
2.071727274892509740e+03
2.086568588849957450e+03
2.101409902807379694e+03
2.116251216764781020e+03
2.131092530722164156e+03
2.145933844679532285e+03
2.160775158636996821e+03
2.175616472594770130e+03
2.190457786552688958e+03
2.205299100510780590e+03
2.220140414469072311e+03
2.234981728427591406e+03
2.249823042386369707e+03
2.264664356345438136e+03
2.279505670304830346e+03
2.294346984264579987e+03
2.309188298224141363e+03
2.324029612183410791e+03
2.338870926142675216e+03
2.353712240101891439e+03
2.368553554061013983e+03
2.383394868019993282e+03
2.398236181978775221e+03
2.413077495937299318e+03
2.427918809895503728e+03
2.442760123852995093e+03
2.457601437810437346e+03
2.472442751767845039e+03
2.487284065724455104e+03
2.502125379680550850e+03
2.516966693636358286e+03
2.531808007592703689e+03
2.546649321549149136e+03
2.561490635506254876e+03
2.576331949464337413e+03
2.591173263422960190e+03
2.606014577382119569e+03
2.620855891341819188e+03
2.635697205299109555e+03
2.650538519256099789e+03
2.665379833212890844e+03
2.680221147169481355e+03
2.695062461125872687e+03
2.709903775082064840e+03
2.724745089038057813e+03
2.739586402994973469e+03
2.754427716952722221e+03
2.769269030910720630e+03
2.784110344868968696e+03
2.798951658827466417e+03
2.813792972786213795e+03
2.828634286745211284e+03
2.843475600704334738e+03
2.858316914663338139e+03
2.873158228622480692e+03
2.887999542581762398e+03
2.902840856541184166e+03
2.917682170500743268e+03
2.932523484460441978e+03
2.947364798420279840e+03
2.962206112378816215e+03
2.977047426337012439e+03
2.991888740294900799e+03
3.006730054252460832e+03
3.021571368209671164e+03
3.036412682166512695e+03
3.051253996122963144e+03
3.066095310079002957e+03
3.080936624034609849e+03
3.095777937989766087e+03
3.110619251944448479e+03
3.125460565898637014e+03
3.140301879852728234e+03
3.155143193808333308e+03
3.169984507763924739e+03
3.184825821719521173e+03
3.199667135675140798e+03
3.214508449630800897e+03
3.229349763586521476e+03
3.244191077542319363e+03
3.259032391498212746e+03
3.273873705454220726e+03
3.288715019410359673e+03
3.303556333366650506e+03
3.318397647323108686e+03
3.333238961279428167e+03
3.348080275235389308e+03
3.362921589191384101e+03
3.377762903147417092e+03
3.392604217103494193e+03
3.407445531059618588e+03
3.422286845015796644e+03
3.437128158972032452e+03
3.451969472928331470e+03
3.466810786884697336e+03
3.481652100841135507e+03
3.496493414797650985e+03
3.511334728754248772e+03
3.526176042710499587e+03
3.541017356666490741e+03
3.555858670622416867e+03
3.570699984578272051e+03
3.585541298534047201e+03
3.600382612489738221e+03
3.615223926445338293e+03
3.630065240400841049e+03
3.644906554356240122e+03
3.659747868311528691e+03
3.674589182266699936e+03
3.689430496221749308e+03
3.704271810176668168e+03
3.719113124131607947e+03
3.733954438086462687e+03
3.748795752041213291e+03
3.763637065995853845e+03
3.778478379950381168e+03
3.793319693904792985e+03
3.808161007859084293e+03
3.823002321813251910e+03
3.837843635767294472e+03
3.852684949721206067e+03
3.867526263674985330e+03
3.882367577628625440e+03
3.897208891582237356e+03
3.912050205537071179e+03
3.926891519493002761e+03
3.941732833450236285e+03
3.956574147413127321e+03
3.971415461375239829e+03
3.986256775336810279e+03
4.001098089298436207e+03
4.015939403260071231e+03
4.030780717221586201e+03
4.045622031181430884e+03
4.060463345140071851e+03
4.075304659097660988e+03
4.090145973057339688e+03
4.104987287016959272e+03
4.119828600976501548e+03
4.134669914935971065e+03
4.149511228895364184e+03
4.164352542854538115e+03
4.179193856813465572e+03
4.194035170772267520e+03
4.208876484730943048e+03
4.223717798689489427e+03
4.238559112647912116e+03
4.253400426606204746e+03
4.268241740564373686e+03
4.283083054522412567e+03
4.297924368480325938e+03
4.312765682438427575e+03
4.327606996396889372e+03
4.342448310355355716e+03
4.357289624313831155e+03
4.372130938272312051e+03
4.386972252230800223e+03
4.401813566189294761e+03
4.416654880147796575e+03
4.431496194106304756e+03
4.446337508064820213e+03
4.461178822023109205e+03
4.476020135980921623e+03
4.490861449938618534e+03
4.505702763896200850e+03
4.520544077853669478e+03
4.535385391811023510e+03
4.550226705768262946e+03
4.565068019725385966e+03
4.579909333682395300e+03
4.594750647639291856e+03
4.609591961596486726e+03
4.624433275554809370e+03
4.639274589513348474e+03
4.654115903472118589e+03
4.668957217431130630e+03
4.683798531390397329e+03
4.698639845349929601e+03
4.713481159309739269e+03
4.728322473269838156e+03
4.743163787230238995e+03
4.758005101190952701e+03
4.772846415151991096e+03
4.787687729113366004e+03
4.802529043075090158e+03
4.817370357037174472e+03
4.832211670999631679e+03
4.847052984962472692e+03
4.861894298925710245e+03
4.876735612888487594e+03
4.891576926851295866e+03
4.906418240814342425e+03
4.921259554777629091e+03
4.936100868741157683e+03
4.950942182704930019e+03
4.965783496668949738e+03
4.980624810633216839e+03
4.995466124597731323e+03
5.010307438562499556e+03
5.025148752527518809e+03
5.039990066492793630e+03
5.054831380458324929e+03
5.069672694424115434e+03
5.084514008390166055e+03
5.099355322356479519e+03
5.114196636323056737e+03
5.129037950289502078e+03
5.143879264255150702e+03
5.158720578220831158e+03
5.173561892186533441e+03
5.188403206152248458e+03
5.203244520117963475e+03
5.218085834083669397e+03
5.232927148049353491e+03
5.247768462015008481e+03
5.262609775980621635e+03
5.277451089946180218e+03
5.292292403911676047e+03
5.307133717877097297e+03
5.321975031842433964e+03
5.336816345807673315e+03
5.351657659772808074e+03
5.366498973737825509e+03
5.381340287702714704e+03
5.396181601665979542e+03
5.411022915627634575e+03
5.425864229587756199e+03
5.440705543546173431e+03
5.455546857502715284e+03
5.470388171465728192e+03
5.485229485427384134e+03
5.500070799388109663e+03
5.514912113349651918e+03
5.529753427311212363e+03
5.544594741271022031e+03
5.559436055226302415e+03
5.574277369178758818e+03
5.589118683133237937e+03
5.603959997087900774e+03
5.618801311041639565e+03
5.633642624994454309e+03
5.648483938946345916e+03
5.663325252897867358e+03
5.678166566854357370e+03
5.693007880811006544e+03
5.707849194767817607e+03
5.722690508724790561e+03
5.737531822681921767e+03
5.752373136639217591e+03
5.767214450596671668e+03
5.782055764554285815e+03
5.796897078512063672e+03
5.811738392469999781e+03
5.826579706427479323e+03
5.841421020383994801e+03
5.856262334340390225e+03
5.871103648296668325e+03
5.885944962252827281e+03
5.900786276208869822e+03
5.915627590164791400e+03
5.930468904120596562e+03
5.945310218076281672e+03
5.960151532031850365e+03
5.974992845987299006e+03
5.989834159944528437e+03
6.004675473902837439e+03
6.019516787861499324e+03
6.034358101820516822e+03
6.049199415779887204e+03
6.064040729739614108e+03
6.078882043699692986e+03
6.093723357660126567e+03
6.108564671620915760e+03
6.123405985582056019e+03
6.138247299543532790e+03
6.153088613503097804e+03
6.167929927462571868e+03
6.182771241421942250e+03
6.197612555381197126e+03
6.212453869340322854e+03
6.227295183299305791e+03
6.242136497258135023e+03
6.256977811216795089e+03
6.271819125175275985e+03
6.286660439133562249e+03
6.301501753091642968e+03
6.316343067049505407e+03
6.331184381007135016e+03
6.346025694964519062e+03
6.360867008921646629e+03
6.375708322878501349e+03
6.390549636835074125e+03
6.405390950791350406e+03
6.420232264747317458e+03
6.435073578703020758e+03
6.449914892662531201e+03
6.464756206622307218e+03
6.479597520582365178e+03
6.494438834542723271e+03
6.509280148503396049e+03
6.524121462464400793e+03
6.538962776425754782e+03
6.553804090387472570e+03
6.568645404349568707e+03
6.583486718312065932e+03
6.598328032274972429e+03
6.613169346238310027e+03
6.628010660202095096e+03
6.642851974166340369e+03
6.657693288131067675e+03
6.672534602096287927e+03
6.687375916062019314e+03
6.702217230028280937e+03
6.717058543995084619e+03
6.731899857962377610e+03
6.746741171926301831e+03
6.761582485890118733e+03
6.776423799853798300e+03
6.791265113817314159e+03
6.806106427780639933e+03
6.820947741743746519e+03
6.835789055706607542e+03
6.850630369669197535e+03
6.865471683631485575e+03
6.880312997593448017e+03
6.895154311555055756e+03
6.909995625516280597e+03
6.924836939477096166e+03
6.939678253437476087e+03
6.954519567397391256e+03
6.969360881356815298e+03
6.984202195313519042e+03
6.999043509270668437e+03
7.013884823227524976e+03
7.028726137183385617e+03
7.043567451139098921e+03
7.058408765095491617e+03
7.073250079051913417e+03
7.088091393008362502e+03
7.102932706965993020e+03
7.117774020925098739e+03
7.132615334884831100e+03
7.147456648845189193e+03
7.162297962806173928e+03
7.177139276767784395e+03
7.191980590730021504e+03
7.206821904687954884e+03
7.221663218645308007e+03
7.236504532602444669e+03
7.251345846559370329e+03
7.266187160516079530e+03
7.281028474472575908e+03
7.295869788428854918e+03
7.310711102384921105e+03
7.325552416340773561e+03
7.340393730296410467e+03
7.355235044251832733e+03
7.370076358207781595e+03
7.384917672167334786e+03
7.399758986127370008e+03
7.414600300087882715e+03
7.429441614048882911e+03
7.444282928010358773e+03
7.459124241972320306e+03
7.473965555934761142e+03
7.488806869897684010e+03
7.503648183861087091e+03
7.518489497824971295e+03
7.533330811789340260e+03
7.548172125751858403e+03
7.563013439711150568e+03
7.577854753670038917e+03
7.592696067628518904e+03
7.607537381586593256e+03
7.622378695544262882e+03
7.637220009501527784e+03
7.652061323458382503e+03
7.666902637414834317e+03
7.681743951370879586e+03
7.696585265326521039e+03
7.711426579281755039e+03
7.726267893237289172e+03
7.741109207192909707e+03
7.755950521148314692e+03
7.770791835103515041e+03
7.785633149058510753e+03
7.800474463013310015e+03
7.815315776967916463e+03
7.830157090922333737e+03
7.844998404876572749e+03
7.859839718830628954e+03
7.874681032784515992e+03
7.889522346738232955e+03
7.904363660691788027e+03
7.919204974645187576e+03
7.934046288598430692e+03
7.948887602551527380e+03
7.963728916504480367e+03
7.978570230457296020e+03
7.993411544409978887e+03
8.008252858362532606e+03
8.023094172314965363e+03
8.037935486267277156e+03
8.052776800221257872e+03
8.067618114176708332e+03
8.082459428132478024e+03
8.097300742088588777e+03
8.112142056045066965e+03
8.126983370001937146e+03
8.141824683959216600e+03
8.156665997916934430e+03
8.171507311875109735e+03
8.186348625833763435e+03
8.201189939792922814e+03
8.216031253752607881e+03
8.230872567712842283e+03
8.245713881673651485e+03
8.260555195635050040e+03
8.275396509597074328e+03
8.290237823559735261e+03
8.305079137523061945e+03
8.319920451487072569e+03
8.334761765451794417e+03
8.349603079417247500e+03
8.364444393383459101e+03
8.379285707349165023e+03
8.394127021313499426e+03
8.408968335277411825e+03
8.423809649240811268e+03
8.438650963203601350e+03
8.453492277165685664e+03
8.468333591126975080e+03
8.483174905087376828e+03
8.498016219048022322e+03
8.512857533007991151e+03
8.527698846966937708e+03
8.542540160924598240e+03
8.557381474884277850e+03
8.572222788846538606e+03
8.587064102809923497e+03
8.601905416774432524e+03
8.616746730741280771e+03
8.631588044709998940e+03
8.646429358680252335e+03
8.661270672652051871e+03
8.676111986625384816e+03
8.690953300600260263e+03
8.705794614576676395e+03
8.720635928541818430e+03
8.735477242504883179e+03
8.750318556467362214e+03
8.765159870429255534e+03
8.780001184390564958e+03
8.794842498351288668e+03
8.809683812311432121e+03
8.824525126270988039e+03
8.839366440229958243e+03
8.854207754188344552e+03
8.869049068146145146e+03
8.883890382103363663e+03
8.898731696060911418e+03
8.913573010021933442e+03
8.928414323982851784e+03
8.943255637943660986e+03
8.958096951904371963e+03
8.972938265864973800e+03
8.987779579825473775e+03
9.002620893785871885e+03
9.017462207746164495e+03
9.032303521706351603e+03
9.047144835666436848e+03
9.061986149626416591e+03
9.076827463586294471e+03
9.091668777546063211e+03
9.106510091505730088e+03
9.121351405465293283e+03
9.136192719424754614e+03
9.151034033384108625e+03
9.165875347343360772e+03
9.180716661302507418e+03
9.195557975261279353e+03
9.210399289219880302e+03
9.225240603178350284e+03
9.240081917136685661e+03
9.254923231094888251e+03
9.269764545052952599e+03
9.284605859010884160e+03
9.299447172968681116e+03
9.314288486926347105e+03
9.329129800883873031e+03
9.343971114841267990e+03
9.358812428798526525e+03
9.373653742755654093e+03
9.388495056712643418e+03
9.403336370669499956e+03
9.418177684626220071e+03
9.433018998582811037e+03
9.447860312539261940e+03
9.462701626495581877e+03
9.477542940456689394e+03
9.492384254421809601e+03
9.507225568387646490e+03
9.522066882354192785e+03
9.536908196321444848e+03
9.551749510289413593e+03
9.566590824258091743e+03
9.581432138227475662e+03
9.596273452197576262e+03
9.611114766168384449e+03
9.625956080139903861e+03
9.640797394112132679e+03
9.655638708085072722e+03
9.670480022058722170e+03
9.685321336033084663e+03
9.700162650008156561e+03
9.715003963983937865e+03
9.729845277960432213e+03
9.744686591937635967e+03
9.759527905912627830e+03
9.774369219880043602e+03
9.789210533846911858e+03
9.804051847813236236e+03
9.818893161779016737e+03
9.833734475744246083e+03
9.848575789708931552e+03
9.863417103673071324e+03
9.878258417636667218e+03
9.893099731599715597e+03
9.907941045562220097e+03
9.922782359524177082e+03
9.937623673485584732e+03
9.952464987446452142e+03
9.967306301406770217e+03
9.982147615366544414e+03
9.996988929325769277e+03
1.001183024327316889e+04
1.002667155723513133e+04
1.004151287119572225e+04
1.005635418514799312e+04
1.007119549910354363e+04
1.008603681306381623e+04
1.010087812702529845e+04
1.011571944098798485e+04
1.013056075494792094e+04
1.014540206890479021e+04
1.016024338286112470e+04
1.017508469681692804e+04
1.018992601077219479e+04
1.020476732472692856e+04
1.021960863868112938e+04
1.023444995263675810e+04
1.024929126659766007e+04
1.026413258055903134e+04
1.027897389452086463e+04
1.029381520848316359e+04
1.030865652244592638e+04
1.032349783640915666e+04
1.033833915037284896e+04
1.035318046433701056e+04
1.036802177830163600e+04
1.038286309226672893e+04
1.039770440623228569e+04
1.041254572019830812e+04
1.042738703416479257e+04
1.044222834813094414e+04
1.045706966209528036e+04
1.047191097605982941e+04
1.048675229002459128e+04
1.050159360398956233e+04
1.051643491795474620e+04
1.053127623192014289e+04
1.054611754588575059e+04
1.056095885985157292e+04
1.057580017381760263e+04
1.059064148778384697e+04
1.060548280175030413e+04
1.062032411571697230e+04
1.063516542968385147e+04
1.065000674365094346e+04
1.066484805761824828e+04
1.067968937158576227e+04
1.069453068555349091e+04
1.070937199952143055e+04
1.072421331348958120e+04
1.073905462745794284e+04
1.075389594142651913e+04
1.076873725539530642e+04
1.078357856936063763e+04
1.079841988332219989e+04
1.081326119728336016e+04
1.082810251124411297e+04
1.084294382520446015e+04
1.085778513916440352e+04
1.087262645312393761e+04
1.088746776708307152e+04
1.090230908104179798e+04
1.091715039500011699e+04
1.093199170895803763e+04
1.094683302291554355e+04
1.096167433687264929e+04
1.097651565082935485e+04
1.099135696478564569e+04
1.100619827874153634e+04
1.102103959269702318e+04
1.103588090665210439e+04
1.105072222060677632e+04
1.106556353456104807e+04
1.108040484851491055e+04
1.109524616246836740e+04
1.111008747642142407e+04
1.112492879037957573e+04
1.113977010433973919e+04
1.115461141830013003e+04
1.116945273226073732e+04
1.118429404622156653e+04
1.119913536018262312e+04
1.121397667414390162e+04
1.122881798810539840e+04
1.124365930206712073e+04
1.125850061602906135e+04
1.127334192999122570e+04
1.128818324395361196e+04
1.130302455791622015e+04
1.131786587187905207e+04
1.133270718584210408e+04
1.134754849980537983e+04
1.136238981376887750e+04
1.137723112773259709e+04
1.139207244169653859e+04
1.140691375566070201e+04
1.142175506962509098e+04
1.143659638358969823e+04
1.145143769755452740e+04
1.146627901152245249e+04
1.148112032549182186e+04
1.149596163946259549e+04
1.151080295343476610e+04
1.152564426739061309e+04
1.154048558135096937e+04
1.155532689531340657e+04
1.157016820927358822e+04
1.158500952323362435e+04
1.159985083719409886e+04
1.161469215115473344e+04
1.162953346511546988e+04
1.164437477907630091e+04
1.165921609303797050e+04
1.167405740700115712e+04
1.168889872096487852e+04
1.170374003492913835e+04
1.171858134889393841e+04
1.173342266285927326e+04
1.174826397682514835e+04
1.176310529079155822e+04
1.177794660475666387e+04
1.179278791871885369e+04
1.180762923268097984e+04
1.182247054664304051e+04
1.183731186060503751e+04
1.185215317456697449e+04
1.186699448852884598e+04
1.188183580249065562e+04
1.189667711645239979e+04
1.191151843041408210e+04
1.192635974437570258e+04
1.194120105833725756e+04
1.195604237229875071e+04
1.197088368626017837e+04
1.198572500022154236e+04
1.200056631418284815e+04
1.201540762814560367e+04
1.203024894211013088e+04
1.204509025607496733e+04
1.205993157004012028e+04
1.207477288400558609e+04
1.208961419797135750e+04
1.210445551193744541e+04
1.211929682590384618e+04
1.213413813987055619e+04
1.214897945383757906e+04
1.216382076780491116e+04
1.217866208177255430e+04
1.219350339574051395e+04
1.220834470970878465e+04
1.222318602367736457e+04
1.223802733764625737e+04
1.225286865161332935e+04
1.226770996557901162e+04
1.228255127954458840e+04
1.229739259351004875e+04
1.231223390747540179e+04
1.232707522144063842e+04
1.234191653540576954e+04
1.235675784937078424e+04
1.237159916333568981e+04
1.238644047730048442e+04
1.240128179126516625e+04
1.241612310522973712e+04
1.243096441919419885e+04
1.244580573315854781e+04
1.246064704712278399e+04
1.247548836108690739e+04
1.249032967504875342e+04
1.250517098900932251e+04
1.252001230296934955e+04
1.253485361692883453e+04
1.254969493088775380e+04
1.256453624484610009e+04
1.257937755880386976e+04
1.259421887276105190e+04
1.260906018671763013e+04
1.262390150067359355e+04
1.263874281462893669e+04
1.265358412858365045e+04
1.266842544253772212e+04
1.268326675649113713e+04
1.269810807044389367e+04
1.271294938439597536e+04
1.272779069834736947e+04
1.274263201229807601e+04
1.275747332624807314e+04
1.277231464019735722e+04
1.278715595414591735e+04
1.280199726809374260e+04
1.281683858204082208e+04
1.283167989598714485e+04
1.284652120993270000e+04
1.286136252387748027e+04
1.287620383782147292e+04
1.289104515177120265e+04
1.290588646572242760e+04
1.292072777967509319e+04
1.293556909362936494e+04
1.295041040758539748e+04
1.296525172154334359e+04
1.298009303550336699e+04
1.299493434946562047e+04
1.300977566343027138e+04
1.302461697739746160e+04
1.303945829137230612e+04
1.305429960534440397e+04
1.306914091930768336e+04
1.308398223326392508e+04
1.309882354722083801e+04
1.311366486117890599e+04
1.312850617513744510e+04
1.314334748909645350e+04
1.315818880305593302e+04
1.317303011701588366e+04
1.318787143097657827e+04
1.320271274493803867e+04
1.321755405890011752e+04
1.323239537286280392e+04
1.324723668682610150e+04
1.326207800079001754e+04
1.327691931475542151e+04
1.329176062872207876e+04
1.330660194268972191e+04
1.332144325665834003e+04
1.333628457062793677e+04
1.335112588459851031e+04
1.336596719855855554e+04
1.338080851251546846e+04
1.339564982647084616e+04
1.341049114042469409e+04
1.342533245437700316e+04
1.344017376832778609e+04
1.345501508227703016e+04
1.346985639622474264e+04
1.348469771017092353e+04
1.349953902411730814e+04
1.351438033807179818e+04
1.352922165202582619e+04
1.354406296597938854e+04
1.355890427993248522e+04
1.357374559388511989e+04
1.358858690783728707e+04
1.360342822178898859e+04
1.361826953574022627e+04
1.363311084969099829e+04
1.364795216364130647e+04
1.366279347759115262e+04
1.367763479154052766e+04
1.369247610548944067e+04
1.370731741943788802e+04
1.372215873338586971e+04
1.373700004733338392e+04
1.375184136128043610e+04
1.376668267522702808e+04
1.378152398917314713e+04
1.379636530312050672e+04
1.381120661707590989e+04
1.382604793103180782e+04
1.384088924498819324e+04
1.385573055894507343e+04
1.387057187290244292e+04
1.388541318686030536e+04
1.390025450081866074e+04
1.391509581477750726e+04
1.392993712873684672e+04
1.394477844269667548e+04
1.395961975665700083e+04
1.397446107061781368e+04
1.398930238457911946e+04
1.400414369854092001e+04
1.401898501250320987e+04
1.403382632646599450e+04
1.404866764042926661e+04
1.406350895439303531e+04
1.407835026835729150e+04
1.409319158232161863e+04
1.410803289628450875e+04
1.412287421024766991e+04
1.413771552421110391e+04
1.415255683817481258e+04
1.416739815213878683e+04
1.418223946610303938e+04
1.419708078006756114e+04
1.421192209403235211e+04
1.422676340799741774e+04
1.424160472196275441e+04
1.425644603592836756e+04
1.427128734989424447e+04
1.428612866386039968e+04
1.430096997782682229e+04
1.431581129179351774e+04
1.433065260576048968e+04
1.434549391972773083e+04
1.436033523369524119e+04
1.437517654766302076e+04
1.439001786163068391e+04
1.440485917559678637e+04
1.441970048956255778e+04
1.443454180352794720e+04
1.444938311749290369e+04
1.446422443145737634e+04
1.447906574542130693e+04
1.449390705938464453e+04
1.450874837334733820e+04
1.452358968730933339e+04
1.453843100127057733e+04
1.455327231523675800e+04
1.456811362921252294e+04
1.458295494318852070e+04
1.459779625716497685e+04
1.461263757114106556e+04
1.462747888510563644e+04
1.464232019906700043e+04
1.465716151302516300e+04
1.467200282698012234e+04
1.468684414093188389e+04
1.470168545488043674e+04
1.471652676883232925e+04
1.473136808278635181e+04
1.474620939673989233e+04
1.476105071069295082e+04
1.477589202464553455e+04
1.479073333859763625e+04
1.480557465255189891e+04
1.482041596651267719e+04
1.483525728047537814e+04
1.485009859444000176e+04
1.486493990840655169e+04
1.487978122237502794e+04
1.489462253634542867e+04
1.490946385030822057e+04
1.492430516427105249e+04
1.493914647823413361e+04
1.495398779219746575e+04
1.496882910616105619e+04
1.498367042012489037e+04
1.499851173408898467e+04
1.501335304805332635e+04
1.502819436201792632e+04
1.504303567598277732e+04
1.505787698994878883e+04
1.507271830391771437e+04
1.508755961788718560e+04
1.510240093185719161e+04
1.511724224582773604e+04
1.513208355979882253e+04
1.514692487377044381e+04
1.516176618774260533e+04
1.517660750171530890e+04
1.519144881568854908e+04
1.520629012966232767e+04
1.522113144363664105e+04
1.523597275761149649e+04
1.525081407158689217e+04
1.526565538556282627e+04
1.528049669953929697e+04
1.529533801351630609e+04
1.531017932749385909e+04
1.532502064147194687e+04
1.533986195545057490e+04
1.535470326942973770e+04
1.536954458340944257e+04
1.538438589738968221e+04
1.539922721137046574e+04
1.541406852534482277e+04
1.542890983931747542e+04
1.544375115328996435e+04
1.545859246726228412e+04
1.547343378123443836e+04
1.548827509520642343e+04
1.550311640917824116e+04
1.551795772314989154e+04
1.553279903712138002e+04
1.554764035109269571e+04
1.556248166506384587e+04
1.557732297903483050e+04
1.559216429300564778e+04
1.560700560697629589e+04
1.562184692094677666e+04
1.563668823491708827e+04
1.565152954888723616e+04
1.566637086285722398e+04
1.568121217682703718e+04
1.569605349079667940e+04
1.571089480476615790e+04
1.572573611873547088e+04
1.574057743270461651e+04
1.575541874667355296e+04
1.577026006064225476e+04
1.578510137461077829e+04
1.579994268857912539e+04
1.581478400254729422e+04
1.582962531651528843e+04
1.584446663048310074e+04
1.585930794445073843e+04
1.587414925841819786e+04
1.588899057238548448e+04
1.590383188635258921e+04
1.591867320031952113e+04
1.593351451428627115e+04
1.594835582825285019e+04
1.596319714221924369e+04
1.597803845618546802e+04
1.599287977015151409e+04
1.600772108411738009e+04
1.602256239808306782e+04
1.603740371204858093e+04
1.605224502601391578e+04
1.606708633997345896e+04
1.608192765393637819e+04
1.609676896789993043e+04
1.611161028186897238e+04
1.612645159583800887e+04
1.614129290980363839e+04
1.615613422376520612e+04
1.617097553772511856e+04
1.618581685168337572e+04
1.620065816563997760e+04
1.621549947959492420e+04
1.623034079354821733e+04
1.624518210750195431e+04
1.626002342145602961e+04
1.627486473540933912e+04
1.628970604936188465e+04
1.630454736331367167e+04
1.631938867726469107e+04
1.633422999121495013e+04
1.634907130517442783e+04
1.636391261914061761e+04
1.637875393310979052e+04
1.639359524708193931e+04
1.640843656105707123e+04
1.642327787503518630e+04
1.643811918901628087e+04
1.645296050298615592e+04
1.646780181695226929e+04
1.648264313091846634e+04
1.649748444488472887e+04
1.651232575885107508e+04
1.652716707281749405e+04
1.654200838678399305e+04
1.655684970075056481e+04
1.657169101471721660e+04
1.658653232868394844e+04
1.660137364265075303e+04
1.661621495661763402e+04
1.663105627058328173e+04
1.664589758454876574e+04
1.666073889851423883e+04
1.667558021247967554e+04
1.669042152644509042e+04
1.670526284041048348e+04
1.672010415437585470e+04
1.673494546834120047e+04
1.674978678230652440e+04
1.676462809627182287e+04
1.677946941023709587e+04
1.679431072420235432e+04
1.680915203816758003e+04
1.682399335213278391e+04
1.683883466609796233e+04
1.685367598006311891e+04
1.686851729402825731e+04
1.688335860799336660e+04
1.689819992195845407e+04
1.691304123592351971e+04
1.692788254988855624e+04
1.694272386385357095e+04
1.695756517781857110e+04
1.697240649178353488e+04
1.698724780574848046e+04
1.700208911971340058e+04
1.701693043367830251e+04
1.703177174764317897e+04
1.704661306160740787e+04
1.706145437557143669e+04
1.707629568953539274e+04
1.709113700349927240e+04
1.710597831746307565e+04
1.712081963142681343e+04
1.713566094539046389e+04
1.715050225935404160e+04
1.716534357331754290e+04
1.718018488728097509e+04
1.719502620124432724e+04
1.720986751520760299e+04
1.722470882917080598e+04
1.723955014313392530e+04
1.725439145709697914e+04
1.726923277105995658e+04
1.728407408502285398e+04
1.729891539898567862e+04
1.731375671294842323e+04
1.732859802691110235e+04
1.734343934087370144e+04
1.735828065483622413e+04
1.737312196879867406e+04
1.738796328276104032e+04
1.740280459672333745e+04
1.741764591068556183e+04
1.743248722464770617e+04
1.744732853860977775e+04
1.746216985257020133e+04
1.747701116652963537e+04
1.749185248048850917e+04
1.750669379444683000e+04
1.752153510840458330e+04
1.753637642236179090e+04
1.755121773631843462e+04
1.756605905027452172e+04
1.758090036424722348e+04
1.759574167820820003e+04
1.761058299216918022e+04
1.762542430610303927e+04
1.764026562003126310e+04
1.765510693395949056e+04
1.766994824790659186e+04
1.768478956185811694e+04
1.769963087581404397e+04
1.771447218977438024e+04
1.772931350373911846e+04
1.774415481770826591e+04
1.775899613168181531e+04
1.777383744565468078e+04
1.778867875962278049e+04
1.780352007359226263e+04
1.781836138756311266e+04
1.783320270153534875e+04
1.784804401550895273e+04
1.786288532948394277e+04
1.787772664346030797e+04
1.789256795743360999e+04
1.790740927140627900e+04
1.792225058537908626e+04
1.793709189935200266e+04
1.795193321332504638e+04
1.796677452729820652e+04
1.798161584127149035e+04
1.799645715524630214e+04
1.801129846922569413e+04
1.802613978320600290e+04
1.804098109718722117e+04
1.805582241116935984e+04
1.807066372515241528e+04
1.808550503913639113e+04
1.810034635312127648e+04
1.811518766710708587e+04
1.813002898109381204e+04
1.814487029508144769e+04
1.815971160907000740e+04
1.817455292305948024e+04
1.818939423704865840e+04
1.820423555101345119e+04
1.821907686497768009e+04
1.823391817894134147e+04
1.824875949290443168e+04
1.826360080686695437e+04
1.827844212082891318e+04
1.829328343479030809e+04
1.830812474875113185e+04
1.832296606271139171e+04
1.833780737667108042e+04
1.835264869063020524e+04
1.836749000458876617e+04
1.838233131854675594e+04
1.839717263250417818e+04
1.841201394646103654e+04
1.842685526041733101e+04
1.844169657437305796e+04
1.845653788832821010e+04
1.847137920228280564e+04
1.848622051623683001e+04
1.850106183019028322e+04
1.851590314414317254e+04
1.853074445809549434e+04
1.854558577204725589e+04
1.856042708599843900e+04
1.857526839994906913e+04
1.859010971389912083e+04
1.860495102784861228e+04
1.861979234179753257e+04
1.863463365574589261e+04
1.864947496969367785e+04
1.866431628364090284e+04
1.867915759758755667e+04
1.869399891153365024e+04
1.870884022548141365e+04
1.872368153943643119e+04
